x,y
0.0,0.03435667949739975
0.02501250625312656,0.0834776376207717
0.05002501250625312,0.1942070651522022
0.0750375187593797,0.17582714869541072
0.10005002501250625,0.24900473514218566
0.12506253126563283,0.3348033321808095
0.1500750375187594,0.3557806406800984
0.17508754377188596,0.42064339094989933
0.2001000500250125,0.44423160062475214
0.22511255627813906,0.5140048021586847
0.25012506253126565,0.5347605303601941
0.2751375687843922,0.5685965523770128
0.3001500750375188,0.6545338222073757
0.32516258129064535,0.7320149983156038
0.3501750875437719,0.7271256774727349
0.3751875937968984,0.8198733225795128
0.400200100050025,0.7998420067355191
0.42521260630315155,0.8462924258586123
0.4502251125562781,0.8917505192867661
0.4752376188094047,1.003700945770871
0.5002501250625313,1.0542725302299756
0.5252626313156579,1.0119642539004674
0.5502751375687844,1.1199759734779995
0.575287643821911,1.1219999325761352
0.6003001500750376,1.1346669640435851
0.6253126563281641,1.2365947721957389
0.6503251625812907,1.2303921566649918
0.6753376688344173,1.3025678688324165
0.7003501750875438,1.3618287893724133
0.7253626813406704,1.4121609918198397
0.7503751875937968,1.4044600903773328
0.7753876938469234,1.456083119003179
0.80040020010005,1.4683843800855674
0.8254127063531765,1.473802311531807
0.8504252126063031,1.577554580924772
0.8754377188594297,1.6327003954493209
0.9004502251125562,1.6492928722138769
0.9254627313656828,1.6690846780375614
0.9504752376188094,1.6662994259662478
0.9754877438719359,1.7486515413988035
1.0005002501250626,1.7626411422595274
1.0255127563781892,1.7536652195443456
1.0505252626313157,1.7542966050616149
1.0755377688844423,1.7667426744335344
1.1005502751375689,1.7956923985545554
1.1255627813906954,1.8999404215828188
1.150575287643822,1.8655440831865904
1.1755877938969486,1.910117691579311
1.2006003001500751,1.9039239106563215
1.2256128064032017,1.927711777314921
1.2506253126563283,1.9426634954741946
1.2756378189094548,1.9699765056501075
1.3006503251625814,1.9901482880473407
1.325662831415708,1.9537734119724501
1.3506753376688345,1.9944986206343234
1.375687843921961,2.0421985932339046
1.4007003501750876,2.008955925861359
1.4257128564282142,2.069391784103702
1.4507253626813408,2.0402601259728375
1.4757378689344671,2.0570978943263527
1.5007503751875937,2.0334981023724583
1.5257628814407203,2.0814528414137072
1.5507753876938468,2.049315736870534
1.5757878939469734,2.087408236795249
1.6008004002001,2.0863296960974984
1.6258129064532265,2.0381054588106475
1.650825412706353,2.0653399847334617
1.6758379189594796,2.0739524206687188
1.7008504252126062,2.0501763147486427
1.7258629314657328,2.022331496946148
1.7508754377188593,1.9759486142374987
1.775887943971986,2.0169802641186827
1.8009004502251125,2.0158683657235135
1.825912956478239,1.9819785627278368
1.8509254627313656,1.9453313820038518
1.8759379689844922,1.9949738153072611
1.9009504752376187,1.918083227990885
1.9259629814907453,1.9683511201674713
1.9509754877438719,1.9226819817480845
1.9759879939969984,1.9111983092236227
2.001000500250125,1.9134660444449638
2.0260130065032516,1.8628340571917348
2.0510255127563783,1.8382185284190375
2.0760380190095047,1.7882264557452905
2.1010505252626315,1.8236925360249903
2.126063031515758,1.7221669334566347
2.1510755377688846,1.696218804575348
2.176088044022011,1.7097597693957964
2.2011005502751377,1.6414560454576896
2.226113056528264,1.6825610926351886
2.251125562781391,1.6533384001381035
2.276138069034517,1.561995780186102
2.301150575287644,1.5876616765452098
2.3261630815407703,1.500311426427034
2.351175587793897,1.4972376639265212
2.3761880940470235,1.436906838279934
2.4012006003001503,1.3552029733854307
2.4262131065532766,1.3724973473055542
2.4512256128064034,1.2907942492553346
2.4762381190595297,1.333114278764615
2.5012506253126565,1.2258186153554345
2.526263131565783,1.2520508605596636
2.5512756378189096,1.1729250180345874
2.576288144072036,1.0732023397231945
2.6013006503251628,1.0373445505276575
2.626313156578289,1.034911404197936
2.651325662831416,0.9783147962157595
2.6763381690845423,0.9881853892801096
2.701350675337669,0.8934733988162665
2.7263631815907954,0.8921117369522611
2.751375687843922,0.8232760287713522
2.7763881940970485,0.7876801592404703
2.8014007003501753,0.729135952467307
2.8264132066033016,0.7082534707146756
2.8514257128564284,0.5899204856730379
2.8764382191095548,0.5410321382864761
2.9014507253626816,0.5629430869565437
2.926463231615808,0.4644651936688667
2.9514757378689342,0.42872743970653104
2.976488244122061,0.4152101271168829
3.0015007503751874,0.3524916527630056
3.026513256628314,0.2622267262044608
3.0515257628814405,0.22536153505233728
3.0765382691345673,0.22545916372054944
3.1015507753876936,0.17217450552937488
3.1265632816408204,0.09131290345146452
3.1515757878939468,0.019140832445892503
3.1765882941470736,-0.008590009651492411
3.2016008004002,-0.08093271436303172
3.2266133066533267,-0.12162843899899675
3.251625812906453,-0.20615712344138487
3.27663831915958,-0.18609520554356607
3.301650825412706,-0.2742204414257333
3.326663331665833,-0.30339459381003026
3.3516758379189593,-0.3634322601554157
3.376688344172086,-0.4251995460740643
3.4017008504252124,-0.47720934906548385
3.426713356678339,-0.543118160757494
3.4517258629314655,-0.5863668251649482
3.4767383691845923,-0.6522510769052783
3.5017508754377187,-0.6917667605874612
3.5267633816908455,-0.6555068423027621
3.551775887943972,-0.7466502146915406
3.5767883941970986,-0.7443190576256531
3.601800900450225,-0.8347003591063308
3.6268134067033517,-0.9108636160075302
3.651825912956478,-0.9368056416606003
3.676838419209605,-0.9777803379973852
3.701850925462731,-1.0295217766972609
3.726863431715858,-1.018663924404223
3.7518759379689843,-1.0664644711040125
3.776888444222111,-1.113119388287382
3.8019009504752375,-1.1884192541054586
3.8269134567283642,-1.2332851292475304
3.8519259629814906,-1.2803076677396628
3.8769384692346174,-1.3341418016737465
3.9019509754877437,-1.2879537783307715
3.9269634817408705,-1.3487849413055395
3.951975987993997,-1.4407983626863872
3.9769884942471236,-1.4645333046135298
4.00200100050025,-1.4888121092568298
4.027013506753376,-1.5260795111987018
4.052026013006503,-1.4939180964005279
4.07703851925963,-1.5239286261038205
4.102051025512757,-1.634153282244131
4.127063531765883,-1.6445460647117416
4.152076038019009,-1.6936471885489142
4.177088544272136,-1.6888884597566836
4.202101050525263,-1.6655139188769534
4.227113556778389,-1.7298908407307116
4.252126063031516,-1.7161733559996781
4.277138569284642,-1.8035815369455501
4.302151075537769,-1.7888091405309856
4.327163581790895,-1.8110796587987121
4.352176088044022,-1.856885128221665
4.377188594297149,-1.8546317511359809
4.4022011005502755,-1.8240559866822916
4.427213606803401,-1.8588472786594763
4.452226113056528,-1.8391968435464552
4.477238619309655,-1.8524467336650454
4.502251125562782,-1.9495391676131428
4.527263631815908,-1.9477152996930547
4.552276138069034,-1.960079513696754
4.577288644322161,-1.9672238088630913
4.602301150575288,-1.901896071438941
4.627313656828414,-1.8928797828112802
4.652326163081541,-1.9709615847897468
4.6773386693346675,-1.9046339493003612
4.702351175587794,-1.9640756234908392
4.72736368184092,-1.9003121304194626
4.752376188094047,-1.9926367121091093
4.777388694347174,-1.9858041339525045
4.8024012006003005,-1.8980988285818639
4.827413706853426,-1.9153811733845374
4.852426213106553,-1.9707681946141142
4.87743871935968,-1.892273782964629
4.902451225612807,-1.898469617009253
4.927463731865933,-1.869613119725117
4.9524762381190595,-1.8538163975242175
4.977488744372186,-1.8523550535633824
5.002501250625313,-1.852509621826099
5.027513756878439,-1.8215074504782556
5.052526263131566,-1.8655508267975367
5.0775387693846925,-1.8536336093234331
5.102551275637819,-1.7762257307539384
5.127563781890945,-1.7761872049245542
5.152576288144072,-1.757079787146951
5.177588794397199,-1.7306349732741966
5.2026013006503256,-1.6670270281047614
5.2276138069034515,-1.6646792669150923
5.252626313156578,-1.6400681096953276
5.277638819409705,-1.6753636166625459
5.302651325662832,-1.5963846212640218
5.327663831915958,-1.5468992384538736
5.3526763381690845,-1.529134426984338
5.377688844422211,-1.5030266587458179
5.402701350675338,-1.531256747467532
5.427713856928464,-1.4191132271098972
5.452726363181591,-1.378683243476779
5.4777388694347176,-1.3524862706297942
5.502751375687844,-1.3365418837227272
5.52776388194097,-1.3044179474481055
5.552776388194097,-1.246982475835916
5.577788894447224,-1.2349086777217868
5.602801400700351,-1.1856691556523915
5.6278139069534765,-1.1296089522307757
5.652826413206603,-1.0915883678594493
5.67783891945973,-1.0480276358410918
5.702851425712857,-1.0467527775660028
5.727863931965983,-1.04827253581691
5.7528764382191095,-0.9537287564503142
5.777888944472236,-0.9037165890064981
5.802901450725363,-0.8801847552621453
5.827913956978489,-0.7883208857029789
5.852926463231616,-0.7828269162451044
5.877938969484743,-0.7252892205105742
5.9029514757378685,-0.7261650864789373
5.927963981990995,-0.6601024159655335
5.952976488244122,-0.5794800668229743
5.977988994497249,-0.5975038619194034
6.003001500750375,-0.529460565548773
6.0280140070035015,-0.4288992081311146
6.053026513256628,-0.40487412354451235
6.078039019509755,-0.3774931111709549
6.103051525762881,-0.35223037352516484
6.128064032016008,-0.2981989380647369
6.153076538269135,-0.18809797439262688
6.178089044522261,-0.19573188818326925
6.203101550775387,-0.11100351701103674
6.228114057028514,-0.09106392675286781
6.253126563281641,-0.04310114331293585
6.278139069534768,0.07223349892431608
6.3031515757878935,0.0825846790498362
6.32816408204102,0.14559976649308154
6.353176588294147,0.1947856216447674
6.378189094547274,0.2356148900164117
6.4032016008004,0.24061571165365214
6.428214107053527,0.35930223979736486
6.453226613306653,0.4239426479147568
6.47823911955978,0.43777513093978915
6.503251625812906,0.44452562101884197
6.528264132066033,0.5316441257568092
6.55327663831916,0.5643525464729737
6.578289144572286,0.65335653267822
6.603301650825412,0.722589849731164
6.628314157078539,0.7260614074496482
6.653326663331666,0.7737605141924192
6.678339169584793,0.8649877514067615
6.703351675837919,0.8773740710585773
6.728364182091045,0.8766415879491377
6.753376688344172,0.9179441769207417
6.778389194597299,1.0117630368310946
6.803401700850425,1.082595445233599
6.828414207103552,1.0420705019951484
6.853426713356678,1.1646289357463582
6.878439219609805,1.1847397125784507
6.903451725862931,1.229169217046441
6.928464232116058,1.293455439927885
6.953476738369185,1.316854503633852
6.9784892446223115,1.2954492023261777
7.003501750875437,1.36722294774315
7.028514257128564,1.4406026869809863
7.053526763381691,1.4047456883104292
7.078539269634818,1.4357551334961172
7.103551775887944,1.4785113709683357
7.12856428214107,1.5663961357709821
7.153576788394197,1.5912012622089553
7.178589294647324,1.617306738713939
7.20360180090045,1.598281227747783
7.228614307153577,1.6977290021725553
7.2536268134067035,1.6896616556333803
7.27863931965983,1.7747103048492028
7.303651825912956,1.7053217743251896
7.328664332166083,1.7579707500234631
7.35367683841921,1.7778126701612926
7.3786893446723365,1.8417214345382706
7.403701850925462,1.8263384970013112
7.428714357178589,1.8472062885860494
7.453726863431716,1.844450126466483
7.478739369684843,1.8862012730239615
7.503751875937969,1.9288450864885998
7.5287643821910955,1.9644963545374123
7.553776888444222,1.9737163177179653
7.578789394697349,2.0023861686586515
7.603801900950475,2.015054237272826
7.628814407203602,1.9668135275894236
7.6538269134567285,2.026343680025902
7.678839419709855,2.006343689209427
7.703851925962981,2.0139159451259188
7.728864432216108,2.053807113560119
7.753876938469235,2.0870568155548463
7.7788894447223615,2.028320073257039
7.8039019509754874,1.9996337354119063
7.828914457228614,2.020997394495449
7.853926963481741,2.067641079214549
7.878939469734868,2.004924767161922
7.903951975987994,2.0261238985961936
7.9289644822411205,2.022649246915327
7.953976988494247,2.0644351290402474
7.978989494747374,2.012509675223708
8.0040020010005,2.0196459886128695
8.029014507253628,1.997526884533259
8.054027013506753,2.028588910731444
8.07903951975988,2.010340420547751
8.104052026013006,1.9487453386582176
8.129064532266133,1.9920810324273381
8.15407703851926,1.9773932340142575
8.179089544772387,1.9094751596191906
8.204102051025513,1.9205935288295148
8.22911455727864,1.9175189662438226
8.254127063531765,1.886215664865606
8.279139569784892,1.8496395971019006
8.304152076038019,1.8496886193171658
8.329164582291146,1.813419481250764
8.354177088544272,1.7842026242755955
8.379189594797399,1.810163180538188
8.404202101050526,1.7211829865285384
8.429214607303653,1.6898600054166695
8.454227113556778,1.711533056275387
8.479239619809904,1.6433514080259104
8.504252126063031,1.61144940477555
8.529264632316158,1.6301990291769337
8.554277138569285,1.5317301621441455
8.579289644822412,1.5443608653416814
8.604302151075538,1.5547520141092004
8.629314657328665,1.4299270719115595
8.65432716358179,1.408669865500495
8.679339669834917,1.4195043428458267
8.704352176088044,1.3672832290380892
8.72936468234117,1.2935545582969703
8.754377188594297,1.3379003818463522
8.779389694847424,1.2536111070392781
8.804402201100551,1.1724685396870693
8.829414707353676,1.2115391883943545
8.854427213606803,1.1731297754506473
8.87943971985993,1.0550464487426674
8.904452226113056,1.0696771950897497
8.929464732366183,1.0456196408132221
8.95447723861931,0.965461664560549
8.979489744872437,0.9399127334158338
9.004502251125563,0.8441152765034311
9.029514757378688,0.8252720151048932
9.054527263631815,0.7816639511317314
9.079539769884942,0.7473655765644504
9.104552276138069,0.6895441420778149
9.129564782391196,0.5925513724038932
9.154577288644322,0.5366331186979445
9.17958979489745,0.5042499457068534
9.204602301150576,0.49195329671606364
9.229614807403701,0.4606176648442575
9.254627313656828,0.3481229360535042
9.279639819909955,0.3235244929396137
9.304652326163081,0.27977104335379116
9.329664832416208,0.23352085287692936
9.354677338669335,0.1515908012341029
9.379689844922462,0.18335800344001563
9.404702351175589,0.06854231916951149
9.429714857428714,0.026142641832425928
9.45472736368184,0.03470112577464351
9.479739869934967,-0.04853894287270231
9.504752376188094,-0.11250345081267313
9.52976488244122,-0.14706571595022389
9.554777388694347,-0.24345355236502467
9.579789894947474,-0.24339476350653816
9.604802401200601,-0.2937667913689019
9.629814907453726,-0.3996269184706905
9.654827413706853,-0.36994250177240084
9.67983991995998,-0.4723898646620842
9.704852426213106,-0.48325253489684994
9.729864932466233,-0.5568594276828006
9.75487743871936,-0.6323787849900773
9.779889944972487,-0.6750815629846004
9.804902451225614,-0.6999499265882673
9.829914957478739,-0.7777837041137712
9.854927463731865,-0.774802217104482
9.879939969984992,-0.7913450647038063
9.904952476238119,-0.856212077811019
9.929964982491246,-0.8777510297556971
9.954977488744372,-0.9162863388304658
9.9799899949975,-1.0353450416445813
10.005002501250626,-1.0198157512690764
10.030015007503751,-1.1122638323813916
10.055027513756878,-1.1197582711260052
10.080040020010005,-1.21180210344778
10.105052526263131,-1.1830851519102716
10.130065032516258,-1.245399515331317
10.155077538769385,-1.2872204648546348
10.180090045022512,-1.3049691926254063
10.205102551275639,-1.390652660412385
10.230115057528764,-1.3579055224710566
10.25512756378189,-1.399758049216281
10.280140070035017,-1.4665585337160327
10.305152576288144,-1.5056162499772594
10.33016508254127,-1.4862837282654313
10.355177588794398,-1.6026837970541499
10.380190095047524,-1.55375699960811
10.405202601300651,-1.648247167274467
10.430215107553776,-1.6339543214939751
10.455227613806903,-1.6444219215871414
10.48024012006003,-1.72175514769019
10.505252626313156,-1.745703917697011
10.530265132566283,-1.6953834982169107
10.55527763881941,-1.7888864168921765
10.580290145072537,-1.8292608422054777
10.605302651325664,-1.7511092687982401
10.630315157578789,-1.787757074394923
10.655327663831915,-1.8242702913741695
10.680340170085042,-1.8895413577650624
10.705352676338169,-1.9004884332972245
10.730365182591296,-1.844746874632214
10.755377688844423,-1.87060448261995
10.78039019509755,-1.8654726676088593
10.805402701350676,-1.914864795765788
10.830415207603801,-1.9173206969644991
10.855427713856928,-1.968347426284128
10.880440220110055,-1.9788449780821484
10.905452726363182,-1.897043974456802
10.930465232616308,-1.9904602221064036
10.955477738869435,-1.920481402500673
10.980490245122562,-1.998272498308584
11.005502751375689,-1.9209365333894342
11.030515257628814,-1.9881482849309935
11.05552776388194,-1.9047526630118474
11.080540270135067,-1.9642676441119276
11.105552776388194,-1.9836301131635075
11.13056528264132,-1.9034265329776694
11.155577788894448,-1.9045370418435539
11.180590295147574,-1.9504684060601338
11.205602801400701,-1.8606025554413061
11.230615307653826,-1.931930144237446
11.255627813906953,-1.881624151401875
11.28064032016008,-1.8671127315705618
11.305652826413207,-1.8615307598452628
11.330665332666333,-1.8281477078066386
11.35567783891946,-1.7841481145197557
11.380690345172587,-1.7885120437069746
11.405702851425714,-1.746086940818855
11.430715357678839,-1.7851066814284857
11.455727863931966,-1.7619400982231235
11.480740370185092,-1.6870290245768096
11.505752876438219,-1.702031773495442
11.530765382691346,-1.6586842275604676
11.555777888944473,-1.691012280951243
11.5807903951976,-1.6514687168594446
11.605802901450726,-1.5416364467071033
11.630815407703851,-1.5474490210330345
11.655827913956978,-1.4840644557350422
11.680840420210105,-1.452829375908049
11.705852926463232,-1.4404240559216046
11.730865432716358,-1.4808160239575583
11.755877938969485,-1.3735488228482666
11.780890445222612,-1.4128663977408193
11.805902951475737,-1.3376084984350178
11.830915457728864,-1.3138560239284522
11.85592796398199,-1.287156013551151
11.880940470235117,-1.2197439373662793
11.905952976488244,-1.2094560036296471
11.930965482741371,-1.181399694516948
11.955977988994498,-1.1065048820620402
11.980990495247624,-1.0062091684114494
12.00600300150075,-0.9797108157114636
12.031015507753876,-0.9382513279989086
12.056028014007003,-0.9178534341467953
12.08104052026013,-0.8890966366827505
12.106053026513257,-0.8250518293473829
12.131065532766383,-0.7633763684608905
12.15607803901951,-0.7551215461211166
12.181090545272637,-0.7260112874773095
12.206103051525762,-0.6811301404794099
12.231115557778889,-0.5720199507502863
12.256128064032016,-0.5244281179350787
12.281140570285142,-0.5235969662961342
12.30615307653827,-0.44226167724460397
12.331165582791396,-0.4253148392798471
12.356178089044523,-0.4056141621365986
12.38119059529765,-0.3218897837151473
12.406203101550775,-0.3125145010529419
12.431215607803901,-0.2654684604663949
12.456228114057028,-0.13764151557483473
12.481240620310155,-0.07697110544826002
12.506253126563282,-0.11296516788689022
12.531265632816408,-0.04514124618471417
12.556278139069535,0.024867295258846362
12.581290645322662,0.06622276134045116
12.606303151575787,0.13979311112557638
12.631315657828914,0.16503734028123332
12.65632816408204,0.2738375489938212
12.681340670335167,0.2657476995739978
12.706353176588294,0.35916754866499756
12.731365682841421,0.38400329179086484
12.756378189094548,0.4650349395724387
12.781390695347675,0.4575680058941542
12.8064032016008,0.48318954919624013
12.831415707853926,0.5386911085092951
12.856428214107053,0.6680961478777151
12.88144072036018,0.658385797403203
12.906453226613307,0.7428970603753204
12.931465732866434,0.721974643035518
12.95647823911956,0.8080124607589599
12.981490745372687,0.8545115563418135
13.006503251625812,0.8631715695756639
13.031515757878939,0.9350774654531646
13.056528264132066,1.0127590207193267
13.081540770385192,1.001777485649098
13.10655327663832,1.1149738320277216
13.131565782891446,1.1014577554561573
13.156578289144573,1.1396704649320233
13.1815907953977,1.2442053958516743
13.206603301650825,1.2602032649570691
13.231615807903951,1.2956125516570962
13.256628314157078,1.333922539547082
13.281640820410205,1.3244897564724698
13.306653326663332,1.445175424779562
13.331665832916459,1.4151400614268979
13.356678339169585,1.425406160368834
13.381690845422712,1.5150153392509935
13.406703351675837,1.5823456976299406
13.431715857928964,1.53114227734656
13.45672836418209,1.5714655634123234
13.481740870435218,1.6601693248049323
13.506753376688344,1.6228876604196025
13.531765882941471,1.7334695141997774
13.556778389194598,1.767964328321855
13.581790895447725,1.7418291831937482
13.60680340170085,1.7280961978075746
13.631815907953976,1.7867346499856636
13.656828414207103,1.847341474356035
13.68184092046023,1.8423188669097594
13.706853426713357,1.8471335836581095
13.731865932966484,1.9045849647994337
13.75687843921961,1.9062863245368025
13.781890945472737,1.8845114961812492
13.806903451725862,1.9523916947092568
13.831915957978989,1.9228681589066319
13.856928464232116,1.934043952961412
13.881940970485243,2.033703055881177
13.90695347673837,1.9519934651472584
13.931965982991496,2.0135517485896255
13.956978489244623,2.023391345732829
13.98199099549775,2.0090516274382826
14.007003501750875,1.9938522415627218
14.032016008004002,2.074912252211823
14.057028514257128,2.047209800953878
14.082041020510255,2.063459219743288
14.107053526763382,2.0532237189908584
14.132066033016509,2.0441550074211694
14.157078539269635,2.096066752941646
14.182091045522762,2.042002400214267
14.207103551775887,2.041761724313742
14.232116058029014,2.084696775577589
14.25712856428214,2.030959944804272
14.282141070535268,2.0655101859172253
14.307153576788394,2.005655899515719
14.332166083041521,2.04437714288843
14.357178589294648,1.9968834783727503
14.382191095547775,1.9493292047031132
14.4072036018009,1.953224313795969
14.432216108054027,1.9612995592785318
14.457228614307153,1.9300109912064591
14.48224112056028,1.9500128080729
14.507253626813407,1.9050513809905958
14.532266133066534,1.9409864723927766
14.55727863931966,1.8489799315967754
14.582291145572787,1.8554906666299988
14.607303651825912,1.783642974938099
14.632316158079039,1.8136453394414647
14.657328664332166,1.7515401544591909
14.682341170585293,1.7588641061322567
14.70735367683842,1.7817398334497447
14.732366183091546,1.7001795905374013
14.757378689344673,1.6536391804828854
14.782391195597798,1.626698481573337
14.807403701850925,1.6015840639702297
14.832416208104052,1.5543367020197294
14.857428714357178,1.5482958352222371
14.882441220610305,1.4982089558763407
14.907453726863432,1.4697083536420519
14.932466233116559,1.4127826820296507
14.957478739369686,1.382886527543095
14.98249124562281,1.3467119862761208
15.007503751875937,1.3062030380221705
15.032516258129064,1.2605723077946356
15.057528764382191,1.3093965455791803
15.082541270635318,1.1821931431223403
15.107553776888444,1.1636657777115516
15.132566283141571,1.1481548792759235
15.157578789394698,1.1338861137280054
15.182591295647823,1.0071860321426187
15.20760380190095,1.0139742172527222
15.232616308154077,0.9482383838006587
15.257628814407203,0.9527362932142367
15.28264132066033,0.9122628674962647
15.307653826913457,0.8385532012916094
15.332666333166584,0.7776877368753745
15.35767883941971,0.7843178698614893
15.382691345672836,0.7323522991316614
15.407703851925962,0.629685630337877
15.43271635817909,0.6112142896812252
15.457728864432216,0.5579843126548053
15.482741370685343,0.5319181698129738
15.50775387693847,0.46987842038947847
15.532766383191596,0.4337378036884082
15.557778889444723,0.36154426191924666
15.582791395697848,0.3223777691357104
15.607803901950975,0.26943809382663425
15.632816408204102,0.18883184569174835
15.657828914457228,0.10112065052868521
15.682841420710355,0.14279336182734167
15.707853926963482,0.07938858825206921
15.732866433216609,0.010238299589250328
15.757878939469736,-0.021536072716515545
15.78289144572286,-0.09886844660779318
15.807903951975987,-0.11454322811127302
15.832916458229114,-0.15483606922916657
15.857928964482241,-0.2681781850025793
15.882941470735368,-0.3025524409587521
15.907953976988495,-0.37739269651268087
15.932966483241621,-0.41567681246002636
15.957978989494748,-0.47854713546128874
15.982991495747873,-0.45978106232691246
16.008004002001,-0.4982963388371637
16.03301650825413,-0.5565596906799061
16.058029014507255,-0.6681650250518136
16.08304152076038,-0.690155738274489
16.108054027013505,-0.6892549305026082
16.133066533266632,-0.7795279987060845
16.15807903951976,-0.8616505143911304
16.183091545772886,-0.8800863615201477
16.208104052026012,-0.9271697073146408
16.23311655827914,-0.938116241548414
16.258129064532266,-1.0090023607928593
16.283141570785393,-1.0569365555825323
16.30815407703852,-1.0371446151983397
16.333166583291646,-1.1350606453713346
16.358179089544773,-1.1497789233538116
16.3831915957979,-1.1645862067587514
16.408204102051027,-1.287277865320536
16.433216608304154,-1.2764848246060325
16.45822911455728,-1.3566267379241743
16.483241620810404,-1.3862467366987794
16.50825412706353,-1.3363706903755128
16.533266633316657,-1.3931623539772466
16.558279139569784,-1.4623129392365737
16.58329164582291,-1.5081628979250912
16.608304152076037,-1.5226486808270319
16.633316658329164,-1.5426345804011796
16.65832916458229,-1.533379080335692
16.683341670835418,-1.6443124247784282
16.708354177088545,-1.6821133728797435
16.73336668334167,-1.6953675300087874
16.758379189594798,-1.7135373022348457
16.783391695847925,-1.7225207436241128
16.808404202101052,-1.7658538408443425
16.83341670835418,-1.7960309510177719
16.858429214607305,-1.7843703490417444
16.88344172086043,-1.7893751355588845
16.908454227113555,-1.796214025463895
16.933466733366682,-1.8145791424882767
16.95847923961981,-1.8585021299482098
16.983491745872936,-1.8448613655788435
17.008504252126063,-1.9205387021085436
17.03351675837919,-1.89912895640914
17.058529264632316,-1.872864653130455
17.083541770885443,-1.9077539397076293
17.10855427713857,-1.8786568389897358
17.133566783391696,-1.9637557022114587
17.158579289644823,-1.9074409376546027
17.18359179589795,-1.990301209703207
17.208604302151077,-1.9414807853424785
17.233616808404204,-1.9973858610117954
17.25862931465733,-1.9349043317230896
17.283641820910454,-1.9909551723951469
17.30865432716358,-1.9925988602934388
17.333666833416707,-1.918722682946091
17.358679339669834,-1.9767556912821032
17.38369184592296,-1.9523624172296836
17.408704352176088,-1.9627647856929782
17.433716858429214,-1.9231428502105117
17.45872936468234,-1.8851419421652273
17.483741870935468,-1.894594510121879
17.508754377188595,-1.9150652536137849
17.53376688344172,-1.9319600964599992
17.55877938969485,-1.8832382987996115
17.583791895947975,-1.8446160970790904
17.608804402201102,-1.8298408953117034
17.63381690845423,-1.8613666186593558
17.658829414707352,-1.7860859349625702
17.68384192096048,-1.780592831844708
17.708854427213605,-1.7504075599411153
17.733866933466732,-1.738447926352279
17.75887943971986,-1.746149860900401
17.783891945972986,-1.724056891207065
17.808904452226113,-1.6699627200055358
17.83391695847924,-1.6571737076986046
17.858929464732366,-1.6382645166029401
17.883941970985493,-1.5743195782645862
17.90895447723862,-1.5892361595889346
17.933966983491747,-1.4926624499245638
17.958979489744873,-1.4887905508246935
17.983991995998,-1.4763257016297446
18.009004502251127,-1.4707248164336055
18.034017008504254,-1.440593387734236
18.059029514757377,-1.4122602553448362
18.084042021010504,-1.33243837290375
18.10905452726363,-1.3395783334158304
18.134067033516757,-1.3109677283956576
18.159079539769884,-1.224226071309501
18.18409204602301,-1.2273697930920642
18.209104552276138,-1.1795166803008015
18.234117058529264,-1.1510964690351508
18.25912956478239,-1.0439063014996077
18.284142071035518,-0.975750238779476
18.309154577288645,-0.9606824254445895
18.33416708354177,-0.8890358891323047
18.3591795897949,-0.9347532677619182
18.384192096048025,-0.8526577633466494
18.409204602301152,-0.8306156807856371
18.43421710855428,-0.7332251315327736
18.459229614807402,-0.7291509993412818
18.48424212106053,-0.6943639265012016
18.509254627313656,-0.6480286834433059
18.534267133566782,-0.5562853099765941
18.55927963981991,-0.5371019691121552
18.584292146073036,-0.4683661866039244
18.609304652326163,-0.3772376555324437
18.63431715857929,-0.38431253691931333
18.659329664832416,-0.33982728927091926
18.684342171085543,-0.3239936078596464
18.70935467733867,-0.25564879157301545
18.734367183591797,-0.14038017242572642
18.759379689844923,-0.13252169960044946
18.78439219609805,-0.12416081277520971
18.809404702351177,-0.026271565362467504
18.834417208604304,-0.020537143000831502
18.859429714857427,0.06795354589351063
18.884442221110554,0.12798292721465787
18.90945472736368,0.1210362130115441
18.934467233616807,0.2563298566624369
18.959479739869934,0.2543288352994981
18.98449224612306,0.3049700969324023
19.009504752376188,0.3666150330263662
19.034517258629315,0.37436908612789466
19.05952976488244,0.4447758109066161
19.084542271135568,0.548195622571897
19.109554777388695,0.5594398492440666
19.13456728364182,0.6492796002047846
19.15957978989495,0.6671935633498525
19.184592296148075,0.6837914542349786
19.209604802401202,0.7745507573487767
19.23461730865433,0.8003002900828877
19.259629814907452,0.8320604774169614
19.28464232116058,0.8654705287206991
19.309654827413706,0.9310373628606198
19.334667333666832,0.9719756051136015
19.35967983991996,1.0226891997181085
19.384692346173086,1.1116442630139882
19.409704852426213,1.1354693884420113
19.43471735867934,1.1335214684770714
19.459729864932466,1.216469300998232
19.484742371185593,1.2683612538699487
19.50975487743872,1.2779175547075454
19.534767383691847,1.3504556068653513
19.559779889944974,1.3288409512205264
19.5847923961981,1.4313979203295941
19.609804902451227,1.4389235074560465
19.634817408704354,1.499440970938853
19.659829914957477,1.4896158930447039
19.684842421210604,1.486538800099081
19.70985492746373,1.5507010247198654
19.734867433716857,1.6213447945511994
19.759879939969984,1.5801143619644147
19.78489244622311,1.6497701703430392
19.809904952476238,1.7321999307562432
19.834917458729365,1.6867726584099434
19.85992996498249,1.6983577082299475
19.884942471235618,1.73333841480177
19.909954977488745,1.8187168015102375
19.93496748374187,1.841609527166506
19.959979989995,1.798864058990538
19.984992496248125,1.8532358182545585
20.010005002501252,1.895485776668617
20.03501750875438,1.9144509701795507
20.060030015007502,1.8952504286791843
20.08504252126063,1.9347237467821554
20.110055027513756,1.9098206706994687
20.135067533766883,1.9555801860865663
20.16008004002001,1.9477943787500744
20.185092546273136,2.010337076198357
20.210105052526263,2.052774216637878
20.23511755877939,1.9938721437419487
20.260130065032516,2.0137800113953914
20.285142571285643,2.006220514363204
20.31015507753877,2.07426414944694
20.335167583791897,2.084540135975673
20.360180090045024,2.006645557202477
20.38519259629815,2.024896751818965
20.410205102551277,2.087391917358797
20.435217608804404,2.057619102505396
20.460230115057527,2.022775474445229
20.485242621310654,2.086496189623015
20.51025512756378,2.082827230146107
20.535267633816908,1.9945749486891404
20.560280140070034,2.064599410275608
20.58529264632316,2.062387222671112
20.610305152576288,1.983151744167026
20.635317658829415,2.028421109536816
20.66033016508254,1.9446126441609257
20.68534267133567,1.933132636904885
20.710355177588795,1.9165396288053405
20.735367683841922,1.9743350106049111
20.76038019009505,1.9647001664977677
20.785392696348175,1.9143937533861464
20.810405202601302,1.907843688369351
20.835417708854425,1.8494020390774635
20.860430215107552,1.8195965411787058
20.88544272136068,1.8444453323044812
20.910455227613806,1.8070041057801534
20.935467733866933,1.7451682970217561
20.96048024012006,1.7736327195224666
20.985492746373186,1.7540812281126925
21.010505252626313,1.689926669047848
21.03551775887944,1.6409110799090028
21.060530265132567,1.6251158556430711
21.085542771385693,1.6427834779216701
21.11055527763882,1.5748368316762777
21.135567783891947,1.5175011996078953
21.160580290145074,1.5672729377131311
21.1855927963982,1.5185373700169043
21.210605302651327,1.4237158568662058
21.23561780890445,1.443505654536405
21.260630315157577,1.3702038382945945
21.285642821410704,1.3701443575372798
21.31065532766383,1.2976319225596837
21.335667833916958,1.3025908073027788
21.360680340170084,1.2226035332835843
21.38569284642321,1.1407290981017781
21.410705352676338,1.1378771220752664
21.435717858929465,1.1384087505350766
21.46073036518259,1.0768625890408845
21.48574287143572,1.012360037707748
21.510755377688845,0.9334517961795104
21.535767883941972,0.8999145561723244
21.5607803901951,0.9177461406552987
21.585792896448226,0.8372299563710652
21.610805402701352,0.7608562177829354
21.635817908954476,0.7153055312820795
21.660830415207602,0.7155748728090977
21.68584292146073,0.6501663388336315
21.710855427713856,0.5564259753283688
21.735867933966983,0.5090991030249118
21.76088044022011,0.5053122054175003
21.785892946473236,0.41083563557194147
21.810905452726363,0.44951508007453905
21.83591795897949,0.4002679058026819
21.860930465232617,0.27899532595371457
21.885942971485743,0.24567239599831575
21.91095547773887,0.1935096459262107
21.935967983991997,0.12270062698454695
21.960980490245124,0.0666855283091164
21.98599299649825,0.06681456632703785
22.011005502751377,0.007892530270917457
22.0360180090045,-0.06397189897200144
22.061030515257627,-0.07610716768082386
22.086043021510754,-0.15778586160198557
22.11105552776388,-0.18642840972250016
22.136068034017008,-0.2612754355619092
22.161080540270135,-0.3304156605021645
22.18609304652326,-0.36807298905126634
22.211105552776388,-0.3440851837800541
22.236118059029515,-0.42804816174929183
22.26113056528264,-0.5229478025446349
22.28614307153577,-0.4900411231951066
22.311155577788895,-0.6099377323545243
22.336168084042022,-0.6185845841528443
22.36118059029515,-0.7083243255015128
22.386193096548276,-0.7449245021280492
22.411205602801402,-0.814492325147694
22.436218109054526,-0.7720270549464384
22.461230615307652,-0.8656427984965744
22.48624312156078,-0.8612181567768933
22.511255627813906,-0.9827286799526175
22.536268134067033,-1.01901554006414
22.56128064032016,-1.0012166658536141
22.586293146573286,-1.0709272370472789
22.611305652826413,-1.1152750204475863
22.63631815907954,-1.1269125236849373
22.661330665332667,-1.1657695516100846
22.686343171585793,-1.2345925271771279
22.71135567783892,-1.2983361251359342
22.736368184092047,-1.3045052284175387
22.761380690345174,-1.32409282072808
22.7863931965983,-1.4258138516556376
22.811405702851427,-1.4223706877892186
22.83641820910455,-1.4067696523522382
22.861430715357677,-1.4784725435777724
22.886443221610804,-1.4967246075058054
22.91145572786393,-1.579528531750769
22.936468234117058,-1.5661988338108863
22.961480740370185,-1.5910900961205448
22.98649324662331,-1.6660225909282382
23.011505752876438,-1.675624739364006
23.036518259129565,-1.6944661329125479
23.06153076538269,-1.6823948091832055
23.08654327163582,-1.678317498414342
23.111555777888945,-1.784990092120907
23.136568284142072,-1.798168003282749
23.1615807903952,-1.80918917824777
23.186593296648326,-1.7699759730911009
23.211605802901452,-1.7999057827587646
23.236618309154576,-1.8393393976010088
23.261630815407702,-1.892610382438704
23.28664332166083,-1.8360466335217887
23.311655827913956,-1.838154353058384
23.336668334167083,-1.909517608832483
23.36168084042021,-1.9448185312937047
23.386693346673336,-1.889342712132308
23.411705852926463,-1.9471930012659966
23.43671835917959,-1.9031865852751981
23.461730865432717,-1.9664971907430535
23.486743371685844,-1.9459384457868771
23.51175587793897,-1.9263714455106056
23.536768384192097,-1.9779730273028202
23.561780890445224,-1.9505235903507043
23.58679339669835,-1.9778141585936913
23.611805902951474,-1.9838313193938364
23.6368184092046,-1.9582133445197283
23.661830915457728,-1.892000094858261
23.686843421710854,-1.9721446483068608
23.71185592796398,-1.8913375768611034
23.736868434217108,-1.9635465967798922
23.761880940470235,-1.8795195312200716
23.78689344672336,-1.8826035214467483
23.81190595297649,-1.8485895962656704
23.836918459229615,-1.8284157682200295
23.861930965482742,-1.8195313553136527
23.88694347173587,-1.881123785530537
23.911955977988995,-1.8184224431077793
23.936968484242122,-1.8599210027077353
23.96198099049525,-1.7806893170556886
23.986993496748376,-1.766729339297008
24.0120060030015,-1.7653092249374058
24.037018509254626,-1.716012619421988
24.062031015507753,-1.6777658129939317
24.08704352176088,-1.6798933502197486
24.112056028014006,-1.6888719390387694
24.137068534267133,-1.6376754273717833
24.16208104052026,-1.5798503166245064
24.187093546773387,-1.597096760684152
24.212106053026513,-1.505812855449622
24.23711855927964,-1.5609344302122243
24.262131065532767,-1.4410283801784263
24.287143571785894,-1.4243001731596725
24.31215607803902,-1.4420816018087002
24.337168584292147,-1.384095815295264
24.362181090545274,-1.3076265418087905
24.3871935967984,-1.326138709892423
24.412206103051524,-1.2464227389901046
24.43721860930465,-1.194177386667892
24.462231115557778,-1.2145674937402424
24.487243621810904,-1.1798239690188759
24.51225612806403,-1.1521733468154616
24.537268634317158,-1.080068220553113
24.562281140570285,-1.0290235388405478
24.58729364682341,-0.9925500949842507
24.61230615307654,-0.9497017620582181
24.637318659329665,-0.8966290245401406
24.662331165582792,-0.8451675285248987
24.68734367183592,-0.766251841707075
24.712356178089045,-0.7846272895920279
24.737368684342172,-0.6920434406149634
24.7623811905953,-0.647715694468668
24.787393696848426,-0.646256791890289
24.81240620310155,-0.5536820224090644
24.837418709354676,-0.5233489381061881
24.862431215607803,-0.4919064362545882
24.88744372186093,-0.4680146375415978
24.912456228114056,-0.4325395530497415
24.937468734367183,-0.352685498954628
24.96248124062031,-0.26776389005628287
24.987493746873437,-0.2643362768875586
25.012506253126563,-0.19543762441333468
25.03751875937969,-0.14499533385485833
25.062531265632817,-0.12092685845220981
25.087543771885944,0.009095029231959914
25.11255627813907,0.05056407818772435
25.137568784392197,0.023085586540834084
25.162581290645324,0.08659318755416433
25.18759379689845,0.1248068569850146
25.212606303151574,0.18094322598230103
25.2376188094047,0.2881202838185984
25.262631315657828,0.2829486305779114
25.287643821910955,0.3957756160148868
25.31265632816408,0.4265882304040756
25.337668834417208,0.44138033701173346
25.362681340670335,0.5276339407934856
25.38769384692346,0.5507403088611711
25.41270635317659,0.5651930836633436
25.437718859429715,0.6706058659158546
25.462731365682842,0.6935853942178571
25.48774387193597,0.7562182557580568
25.512756378189096,0.8375208146380984
25.537768884442222,0.8547071299997264
25.56278139069535,0.9170331718028534
25.587793896948476,0.9270892377733292
25.6128064032016,0.9731603008651057
25.637818909454726,1.0549231070649607
25.662831415707853,1.0948432257702
25.68784392196098,1.1121807530632655
25.712856428214106,1.1025742953699882
25.737868934467233,1.182937536730294
25.76288144072036,1.2684267604594575
25.787893946973487,1.3118315531288416
25.812906453226613,1.2808521446563848
25.83791895947974,1.3553278202136738
25.862931465732867,1.3800108558125874
25.887943971985994,1.435755909159139
25.91295647823912,1.4283959808884705
25.937968984492247,1.4966551347688084
25.962981490745374,1.5078705007873734
25.9879939969985,1.5230417699306524
26.013006503251624,1.604046742075986
26.03801900950475,1.6352998060304795
26.063031515757878,1.6627920923253237
26.088044022011005,1.7259255701621088
26.11305652826413,1.7342287401071403
26.138069034517258,1.7287386774557354
26.163081540770385,1.7421327387127938
26.18809404702351,1.8136516731531216
26.21310655327664,1.8403050330485202
26.238119059529765,1.790968922487434
26.263131565782892,1.8119313529995686
26.28814407203602,1.9070260162484582
26.313156578289146,1.9451801063092398
26.338169084542272,1.9347457598746383
26.3631815907954,1.9375537041772253
26.388194097048526,1.9776834284889362
26.41320660330165,1.929722373053973
26.438219109554776,1.9456894104250522
26.463231615807903,2.032841230502271
26.48824412206103,1.9815813000382985
26.513256628314156,1.988572691746243
26.538269134567283,1.9903451807860757
26.56328164082041,1.9967773093396315
26.588294147073537,2.0116587554168817
26.613306653326664,2.09089083698426
26.63831915957979,2.0744444893406437
26.663331665832917,2.054225674354539
26.688344172086044,2.001843947813306
26.71335667833917,2.0904140072695836
26.738369184592298,2.0651070779658123
26.763381690845424,2.070254654119592
26.788394197098548,2.0801698239298196
26.813406703351674,2.0307938247716923
26.8384192096048,2.0726770380591684
26.863431715857928,2.049233714998314
26.888444222111055,2.0333245898482493
26.91345672836418,2.0118021368886785
26.93846923461731,1.9929001515380187
26.963481740870435,1.9521482514637718
26.988494247123562,1.948702839428933
27.01350675337669,1.9241277015246303
27.038519259629815,1.95388682898377
27.063531765882942,1.8801189148884712
27.08854427213607,1.9115572918484156
27.113556778389196,1.8961961904195852
27.138569284642323,1.8892577118485214
27.16358179089545,1.8538831398623257
27.188594297148573,1.8272272373401457
27.2136068034017,1.8400058982901866
27.238619309654826,1.8162541347232728
27.263631815907953,1.7301891129912323
27.28864432216108,1.7050135355237082
27.313656828414207,1.6900713321780427
27.338669334667333,1.6984338403783041
27.36368184092046,1.6425623353868664
27.388694347173587,1.6326804405048094
27.413706853426714,1.5841819212599166
27.43871935967984,1.5090147197944739
27.463731865932967,1.490855436555691
27.488744372186094,1.4866773938976618
27.51375687843922,1.4571084867098745
27.538769384692348,1.4130837493432629
27.563781890945474,1.3071268276337518
27.588794397198598,1.3449956810883044
27.613806903451724,1.2321755718922363
27.63881940970485,1.18768176196183
27.663831915957978,1.1638519096221154
27.688844422211105,1.1646794186626206
27.71385692846423,1.1069282750665488
27.73886943471736,1.1200071027477958
27.763881940970485,1.0637137651032957
27.788894447223612,0.9340252841932754
27.81390695347674,0.9305087124244056
27.838919459729865,0.903344596380843
27.863931965982992,0.8475871044893849
27.88894447223612,0.7663904646625304
27.913956978489246,0.7957995755642093
27.938969484742373,0.7111915986210965
27.9639819909955,0.6688778061596238
27.988994497248623,0.6453709371708567
28.01400700350175,0.5836022253891906
28.039019509754876,0.5127346837306187
28.064032016008003,0.4651729430951448
28.08904452226113,0.46742261168056654
28.114057028514257,0.36147409580301293
28.139069534767383,0.3136273364029323
28.16408204102051,0.26150522771858686
28.189094547273637,0.21595550363018107
28.214107053526764,0.20549231051058986
28.23911955977989,0.1571322583587236
28.264132066033017,0.08196268071909751
28.289144572286144,0.04005372148386509
28.31415707853927,-0.0026277966736915903
28.339169584792398,-0.0508377022822714
28.364182091045524,-0.09417459437549316
28.389194597298648,-0.13066814091583223
28.414207103551774,-0.25409397191097455
28.4392196098049,-0.3066960684806325
28.464232116058028,-0.30221462937248994
28.489244622311155,-0.3734682267186899
28.51425712856428,-0.44729298205573753
28.53926963481741,-0.4347031199562872
28.564282141070535,-0.5479950230546115
28.589294647323662,-0.6125806380351885
28.61430715357679,-0.6201871388747036
28.639319659829916,-0.666237542782729
28.664332166083042,-0.7270187295006314
28.68934467233617,-0.7537087075320269
28.714357178589296,-0.837288929793785
28.739369684842423,-0.8227707242777365
28.76438219109555,-0.841487759804001
28.789394697348673,-0.9708151188555232
28.8144072036018,-1.0093274005675301
28.839419709854926,-1.0638121976549395
28.864432216108053,-1.0532794349911845
28.88944472236118,-1.1023569545908847
28.914457228614307,-1.1630137832575123
28.939469734867433,-1.21350536447881
28.96448224112056,-1.2264364011020072
28.989494747373687,-1.2557886653724575
29.014507253626814,-1.3181592122603434
29.03951975987994,-1.3753159047834063
29.064532266133067,-1.3379925296273834
29.089544772386194,-1.386872417284113
29.11455727863932,-1.442365132854728
29.139569784892448,-1.4542690249813781
29.164582291145575,-1.458506978080978
29.189594797398698,-1.5573632650826676
29.214607303651825,-1.5270001332085568
29.23961980990495,-1.6096020032732477
29.264632316158078,-1.5917051347715943
29.289644822411205,-1.6056089597542718
29.31465732866433,-1.7113876236350634
29.33966983491746,-1.70450654910811
29.364682341170585,-1.6797245587770324
29.389694847423712,-1.7113010296615478
29.41470735367684,-1.809143105656202
29.439719859929966,-1.8328504782137338
29.464732366183092,-1.8129853203149877
29.48974487243622,-1.8197231831362135
29.514757378689346,-1.8610214532980616
29.539769884942473,-1.8287988393423904
29.564782391195596,-1.8840568090067267
29.589794897448723,-1.8681025266216578
29.61480740370185,-1.8846260656331062
29.639819909954976,-1.93237967561758
29.664832416208103,-1.9124852264766283
29.68984492246123,-1.9613488095054694
29.714857428714357,-1.8913854616709385
29.739869934967484,-1.8975889801888066
29.76488244122061,-1.9470043758648066
29.789894947473737,-1.9774135798946777
29.814907453726864,-1.9730479707978859
29.83991995997999,-1.9127947142624466
29.864932466233117,-1.9166093723662185
29.889944972486244,-1.9811436922324597
29.91495747873937,-1.9346572243154971
29.939969984992498,-1.9721073935879798
29.96498249124562,-1.892719582418374
29.989994997498748,-1.9724474978625253
30.015007503751875,-1.9200574976195537
30.040020010005,-1.9463474226620912
30.06503251625813,-1.941053501564058
30.090045022511255,-1.8496859167648898
30.115057528764382,-1.9220559354495705
30.14007003501751,-1.8609619414227494
30.165082541270635,-1.856659352051487
30.190095047523762,-1.8814446051526625
30.21510755377689,-1.8641495456926587
30.240120060030016,-1.820102681990919
30.265132566283143,-1.7907602350461305
30.29014507253627,-1.797131397089328
30.315157578789396,-1.754267390030583
30.340170085042523,-1.6958622843672941
30.365182591295646,-1.6374534891577681
30.390195097548773,-1.6874914156026513
30.4152076038019,-1.6028020608841431
30.440220110055026,-1.5707707764477563
30.465232616308153,-1.58383849559473
30.49024512256128,-1.5432391390369482
30.515257628814407,-1.4716604577032901
30.540270135067534,-1.473393955168591
30.56528264132066,-1.4671194596076098
30.590295147573787,-1.4448567579042417
30.615307653826914,-1.3882626857347073
30.64032016008004,-1.355835267653954
30.665332666333168,-1.3108360197884747
30.690345172586294,-1.249728557883542
30.71535767883942,-1.2028984091258166
30.740370185092548,-1.2085661371798455
30.76538269134567,-1.116369517000315
30.790395197598798,-1.1241778058415794
30.815407703851925,-1.05492923510753
30.84042021010505,-1.0127718713403673
30.86543271635818,-0.9860161603280485
30.890445222611305,-0.9432864710268797
30.915457728864432,-0.940924760110172
30.94047023511756,-0.8183346712241629
30.965482741370685,-0.8371238979800723
30.990495247623812,-0.8108220359214742
31.01550775387694,-0.7720108165920309
31.040520260130066,-0.6773706942086295
31.065532766383193,-0.6173183258493722
31.09054527263632,-0.559367823841552
31.115557778889446,-0.5060624905044652
31.140570285142573,-0.5318959672670068
31.165582791395696,-0.42127083891652933
31.190595297648823,-0.37231348898912053
31.21560780390195,-0.3633532787885484
31.240620310155077,-0.28101730534435526
31.265632816408203,-0.2353179639272637
31.29064532266133,-0.2300677033727455
31.315657828914457,-0.13048098997264157
31.340670335167584,-0.14936204610587822
31.36568284142071,-0.03734921452603358
31.390695347673837,-0.044323251315393455
31.415707853926964,0.017956778184901007
31.44072036018009,0.12199394147839324
31.465732866433218,0.18085550973271247
31.490745372686344,0.21904972221194632
31.51575787893947,0.23522940844707346
31.540770385192598,0.29139329782514367
31.56578289144572,0.39165605595897374
31.590795397698848,0.42040052774749426
31.615807903951975,0.4847523145867663
31.6408204102051,0.5036723134932002
31.66583291645823,0.5901144817981807
31.690845422711355,0.579457464390194
31.715857928964482,0.6063465490268932
31.74087043521761,0.7216355552834305
31.765882941470736,0.7793857613627679
31.790895447723862,0.8070099411762192
31.81590795397699,0.8438795675172507
31.840920460230116,0.8284203368836777
31.865932966483243,0.8735087575939097
31.89094547273637,0.9875963369645114
31.915957978989496,1.04784203637882
31.940970485242623,1.0664065562922824
31.965982991495746,1.055795202393133
31.990995497748873,1.1072444297297583
32.016008004002,1.1849008372649503
32.04102051025513,1.2100813334533984
32.06603301650826,1.2302416062118935
32.091045522761384,1.29109958116009
32.11605802901451,1.3268867323347238
32.14107053526764,1.4237244114424612
32.16608304152076,1.3889068085444636
32.191095547773884,1.4849445893827498
32.21610805402701,1.464884404932069
32.24112056028014,1.5138547635976498
32.266133066533264,1.5210329951082469
32.29114557278639,1.6338336953275692
32.31615807903952,1.6592176001606596
32.341170585292645,1.60179055082248
32.36618309154577,1.7068406787534818
32.3911955977989,1.7122141867955782
32.416208104052025,1.736605787013957
32.44122061030515,1.728439474662268
32.46623311655828,1.8309803273741618
32.491245622811405,1.8376578285843155
32.51625812906453,1.8205263431876415
32.54127063531766,1.8890731238137273
32.566283141570786,1.893993766140514
32.59129564782391,1.9298803305854346
32.61630815407704,1.8918347926752284
32.641320660330166,1.8883054635296574
32.66633316658329,1.9484688157358203
32.69134567283642,1.995570261092019
32.716358179089546,1.9681488777295275
32.74137068534267,2.035101344483146
32.7663831915958,1.9518371399267833
32.79139569784893,2.051304531399125
32.81640820410205,2.057058433987532
32.84142071035518,1.9799237057935386
32.86643321660831,2.0174376608873104
32.891445722861434,2.039272965075824
32.91645822911456,2.0680983436030256
32.94147073536768,1.9996109840593266
32.96648324162081,2.009951238810935
32.991495747873934,2.0091568079139774
33.01650825412706,2.0787856692438917
33.04152076038019,2.0045024107136666
33.066533266633314,1.9976503795280574
33.09154577288644,2.0773433034232585
33.11655827913957,2.0437555952044963
33.141570785392695,2.0077861737510294
33.16658329164582,1.9919904940378372
33.19159579789895,2.001684229089211
33.216608304152075,2.04613053518717
33.2416208104052,2.0196268700513844
33.26663331665833,1.9442389239770963
33.291645822911455,2.000653615858702
33.31665832916458,1.9313117432666602
33.34167083541771,1.9311335710657023
33.366683341670836,1.868893446368912
33.39169584792396,1.8775494588858381
33.41670835417709,1.825112112789599
33.441720860430216,1.8855152439952594
33.46673336668334,1.870174093984744
33.49174587293647,1.7545414086289517
33.516758379189596,1.785751930736473
33.54177088544272,1.779618524373718
33.56678339169585,1.7601916449521313
33.59179589794898,1.7291532454223557
33.616808404202104,1.7106583426942823
33.64182091045523,1.618787553872056
33.66683341670836,1.6355430102813657
33.691845922961484,1.5770514268732132
33.71685842921461,1.5627918893392732
33.74187093546773,1.4790953211250735
33.76688344172086,1.4555189725000794
33.791895947973984,1.4273122342686608
33.81690845422711,1.419476823367671
33.84192096048024,1.384288351687207
33.866933466733364,1.3093663920475904
33.89194597298649,1.2588392560144437
33.91695847923962,1.2038550606063425
33.941970985492745,1.254170445322038
33.96698349174587,1.145894964460645
33.991995997999,1.1448138959423675
34.017008504252125,1.0801651530671468
34.04202101050525,1.062682602776517
34.06703351675838,1.0340155242675888
34.092046023011505,0.922963815137714
34.11705852926463,0.9255688106475116
34.14207103551776,0.8604593566817306
34.167083541770886,0.8522989793772203
34.19209604802401,0.7934065358069599
34.21710855427714,0.703136215806416
34.242121060530266,0.6602867338271246
34.26713356678339,0.608378449929038
34.29214607303652,0.6178287799330454
34.31715857928965,0.5682243594691707
34.34217108554277,0.49325756331558646
34.3671835917959,0.3883522593168095
34.39219609804903,0.3766311196156876
34.417208604302154,0.3574614810157798
34.44222111055528,0.25903229188718824
34.46723361680841,0.258648087951586
34.492246123061534,0.19040911785584608
34.51725862931466,0.13736454856818212
34.54227113556778,0.10482345502991647
34.56728364182091,-0.0028317659286283513
34.592296148074034,0.0013495670614978583
34.61730865432716,-0.09258685512278914
34.64232116058029,-0.07607531141250216
34.667333666833414,-0.1757603254930411
34.69234617308654,-0.18094941206872628
34.71735867933967,-0.22114321254561972
34.742371185592795,-0.2879118592366463
34.76738369184592,-0.32335501742896905
34.79239619809905,-0.38882209969489867
34.817408704352175,-0.41845874317249526
34.8424212106053,-0.5140619467561793
34.86743371685843,-0.5986405745906659
34.892446223111556,-0.5970891067809319
34.91745872936468,-0.6846106142096017
34.94247123561781,-0.7092836884714817
34.967483741870936,-0.7414419244014973
34.99249624812406,-0.7726883512736117
35.01750875437719,-0.8608283251185073
35.042521260630316,-0.92561809913255
35.06753376688344,-0.9000083748163117
35.09254627313657,-1.00345260396586
35.1175587793897,-0.972759071399791
35.14257128564282,-1.0215237007853135
35.16758379189595,-1.1249805965306292
35.19259629814908,-1.0916960211077968
35.217608804402204,-1.1727484429626578
35.24262131065533,-1.2213947685510873
35.26763381690846,-1.2910618948756927
35.292646323161584,-1.2466125843328304
35.317658829414704,-1.3772907482677232
35.34267133566783,-1.3994388555063098
35.36768384192096,-1.3998222844570964
35.392696348174084,-1.477769887922496
35.41770885442721,-1.4531760376999245
35.44272136068034,-1.544283806681759
35.467733866933465,-1.4932208353141985
35.49274637318659,-1.535297108317232
35.51775887943972,-1.6344445266070318
35.542771385692845,-1.5709937816580712
35.56778389194597,-1.650249650046602
35.5927963981991,-1.6961107845970003
35.617808904452225,-1.7395363366554186
35.64282141070535,-1.7539120590356452
35.66783391695848,-1.7486139872013986
35.692846423211606,-1.7579847105682018
35.71785892946473,-1.734934952614034
35.74287143571786,-1.7875064890311398
35.767883941970986,-1.7824338270142013
35.79289644822411,-1.8600360742301787
35.81790895447724,-1.886357478196682
35.842921460730366,-1.8802555106859173
35.86793396698349,-1.8568481358893183
35.89294647323662,-1.8905926575502405
35.91795897948975,-1.8941451063039878
35.94297148574287,-1.9019918487010548
35.967983991996,-1.8767805934244464
35.99299649824913,-1.962263718715292
36.018009004502254,-1.888948005154093
36.04302151075538,-1.942689730826841
36.06803401700851,-1.9571462896679073
36.093046523261634,-1.9409428678982694
36.118059029514754,-1.915822077692902
36.14307153576788,-1.9257696558682167
36.16808404202101,-1.900580656509698
36.193096548274134,-1.9026329509503772
36.21810905452726,-1.9211248324968497
36.24312156078039,-1.9631375354563037
36.268134067033515,-1.9526074926886832
36.29314657328664,-1.9176685089264447
36.31815907953977,-1.9262981690303846
36.343171585792895,-1.950810941840025
36.36818409204602,-1.8911184932039857
36.39319659829915,-1.8348947757186773
36.418209104552275,-1.8620160694842334
36.4432216108054,-1.8435988791566584
36.46823411705853,-1.8603953067597985
36.493246623311656,-1.8074821018464666
36.51825912956478,-1.8370341459852468
36.54327163581791,-1.7677252926991214
36.568284142071036,-1.7564417640880778
36.59329664832416,-1.780754663905959
36.61830915457729,-1.6836229490243344
36.643321660830416,-1.6668144689130768
36.66833416708354,-1.6535602707086046
36.69334667333667,-1.688865285409344
36.7183591795898,-1.5658829725546817
36.743371685842924,-1.547736743333072
36.76838419209605,-1.5676211960495257
36.79339669834918,-1.5600451286571992
36.818409204602304,-1.497234942325488
36.84342171085543,-1.4518728571843242
36.86843421710856,-1.4415523852621237
36.893446723361684,-1.388037659943458
36.918459229614804,-1.3397993791254124
36.94347173586793,-1.3603551611085078
36.96848424212106,-1.2838285106837968
36.993496748374184,-1.2890297530156238
37.01850925462731,-1.18095763724496
37.04352176088044,-1.2114766452671784
37.068534267133565,-1.1162262523116735
37.09354677338669,-1.0824972638147161
37.11855927963982,-1.0479753516082089
37.143571785892945,-0.9989211104048269
37.16858429214607,-0.9919146436643982
37.1935967983992,-0.9232012312466074
37.218609304652325,-0.8739905924389885
37.24362181090545,-0.8457796737324558
37.26863431715858,-0.7805467824283503
37.293646823411706,-0.7647861166528741
37.31865932966483,-0.693066703546804
37.34367183591796,-0.6460106668001481
37.368684342171086,-0.6267465622866282
37.39369684842421,-0.531478525359366
37.41870935467734,-0.5450589988565075
37.44372186093047,-0.45029784825605496
37.46873436718359,-0.4338557584532637
37.49374687343672,-0.3570382556297234
37.51875937968985,-0.30554053177004614
37.543771885942974,-0.30792144945361505
37.5687843921961,-0.16188341170527315
37.59379689844923,-0.15685626237707756
37.618809404702354,-0.12658187045914257
37.64382191095548,-0.0884724223098227
37.66883441720861,-0.03949919382265635
37.693846923461734,0.05525815201996817
37.718859429714854,0.06019468740955587
37.74387193596798,0.08990767953214925
37.76888444222111,0.21136050922264835
37.793896948474234,0.2495376566241868
37.81890945472736,0.25442049247456766
37.84392196098049,0.37754867491161614
37.868934467233615,0.4149642598669918
37.89394697348674,0.4368514176069047
37.91895947973987,0.5131104255030313
37.943971985992995,0.5817709423022217
37.96898449224612,0.5757440998244726
37.99399699849925,0.5921170451365336
38.019009504752376,0.6358246689210252
38.0440220110055,0.7602949982584652
38.06903451725863,0.7494949910417261
38.094047023511756,0.8275524443443723
38.11905952976488,0.9132971633211697
38.14407203601801,0.9522341370487772
38.169084542271136,0.9336907925057036
38.19409704852426,0.972017566716122
38.21910955477739,1.0083200491756623
38.24412206103052,1.0426751958818643
38.26913456728364,1.0987891670124472
38.29414707353677,1.2058858158738648
38.3191595797899,1.1865850978997665
38.344172086043024,1.2456751730386775
38.36918459229615,1.2961755900892855
38.39419709854928,1.2811629095014445
38.419209604802404,1.4130314335177256
38.44422211105553,1.3806942596179475
38.46923461730866,1.4887953312899564
38.49424712356178,1.5219765856796157
38.519259629814904,1.5538173854466297
38.54427213606803,1.524965467569236
38.56928464232116,1.6187325765719291
38.594297148574285,1.6180396774704757
38.61930965482741,1.627494317618477
38.64432216108054,1.6785065259573673
38.669334667333665,1.7452330368823477
38.69434717358679,1.7092625782995412
38.71935967983992,1.744705540055811
38.744372186093045,1.7795230475827413
38.76938469234617,1.7867043055806546
38.7943971985993,1.8275444877386096
38.819409704852426,1.824401388079511
38.84442221110555,1.9148279039566487
38.86943471735868,1.9361448769050091
38.894447223611806,1.9130763591066646
38.91945972986493,1.9642074996534302
38.94447223611806,1.9257332866255372
38.969484742371186,1.9779187494234263
38.99449724862431,1.9955064279354098
39.01950975487744,1.9766936639618133
39.04452226113057,1.9776903012936096
39.06953476738369,1.981258058508761
39.09454727363682,1.9743174895570372
39.11955977988995,1.9819024346627618
39.144572286143074,1.992446293560629
39.1695847923962,2.0883123838842303
39.19459729864933,2.0661127483040906
39.219609804902454,2.0043708037778525
39.24462231115558,2.045858333799399
39.26963481740871,2.0263063136918675
39.29464732366183,2.0731936398020414
39.319659829914954,2.035614852174155
39.34467233616808,2.0392398009934216
39.36968484242121,2.042393235475434
39.394697348674335,2.0199765239349765
39.41970985492746,2.0556769569620608
39.44472236118059,2.0655913878539707
39.469734867433715,1.9668177276824066
39.49474737368684,1.9703578934454768
39.51975987993997,1.9992765504236438
39.544772386193095,2.0122683061997666
39.56978489244622,1.9203474706428354
39.59479739869935,1.897007099521115
39.619809904952476,1.8908591597420703
39.6448224112056,1.9130599500613974
39.66983491745873,1.8910196658289609
39.694847423711856,1.9139382375617275
39.71985992996498,1.8123218122187277
39.74487243621811,1.834811251892704
39.769884942471236,1.8145340379644512
39.79489744872436,1.767370639685012
39.81990995497749,1.733329626368971
39.84492246123062,1.7128963945074522
39.86993496748374,1.682496980931988
39.89494747373687,1.6767644640415231
39.91995997999,1.6043468873585383
39.944972486243124,1.6598359959028806
39.96998499249625,1.6236698626177604
39.99499749874938,1.537118189366929
40.020010005002504,1.529958150771207
40.04502251125563,1.4463399106659824
40.07003501750876,1.4654247626761738
40.09504752376188,1.4199497935734728
40.120060030015004,1.3415718346185828
40.14507253626813,1.303548934277437
40.17008504252126,1.3217854389640316
40.195097548774385,1.224780178413689
40.22011005502751,1.2480432257280865
40.24512256128064,1.142996457600462
40.270135067533765,1.134770350692738
40.29514757378689,1.1360529303653484
40.32016008004002,1.075708212273707
40.345172586293145,1.049729175128886
40.37018509254627,0.9095918049945613
40.3951975987994,0.8974878188354912
40.420210105052526,0.8977991548264598
40.44522261130565,0.8017605045219441
40.47023511755878,0.7920015603715682
40.495247623811906,0.7436954654181824
40.52026013006503,0.7184093117137725
40.54527263631816,0.6174986355991917
40.57028514257129,0.5783469722422028
40.59529764882441,0.5533932933198501
40.62031015507754,0.5362484169471313
40.64532266133067,0.4332725031024475
40.670335167583794,0.3980828280988618
40.69534767383692,0.29625570690628983
40.72036018009005,0.2831382788939404
40.745372686343174,0.2382960093504973
40.7703851925963,0.20001209663932573
40.79539769884943,0.1791966107013489
40.820410205102554,0.10118284372981369
40.84542271135568,0.08177562315513424
40.87043521760881,0.014843024714312474
40.89544772386193,-0.024141819507407902
40.920460230115054,-0.11706525072647955
40.94547273636818,-0.20087915711014884
40.97048524262131,-0.21641640173967375
40.995497748874435,-0.22664281307596051
41.02051025512756,-0.285535137269283
41.04552276138069,-0.40054395068958815
41.070535267633815,-0.40629762121125024
41.09554777388694,-0.4886494299102488
41.12056028014007,-0.4537095149163713
41.145572786393195,-0.5062705658634647
41.17058529264632,-0.6084759550129522
41.19559779889945,-0.6120106507161549
41.220610305152576,-0.6675885418910322
41.2456228114057,-0.7106127137856024
41.27063531765883,-0.7911455832274621
41.295647823911956,-0.7935859639515213
41.32066033016508,-0.8517046851758294
41.34567283641821,-0.9156106713937266
41.37068534267134,-0.9502699038216114
41.39569784892446,-1.0180905904876432
41.42071035517759,-1.0873049942640183
41.44572286143072,-1.0732737481617134
41.470735367683844,-1.1367383529527528
41.49574787393697,-1.130535589621197
41.5207603801901,-1.1714814891206162
41.545772886443224,-1.2306231562787822
41.57078539269635,-1.2611067722016651
41.59579789894948,-1.2877554953109558
41.620810405202604,-1.3685462710785705
41.64582291145573,-1.4173446169482729
41.67083541770885,-1.4121711649581814
41.69584792396198,-1.4391966302663017
41.720860430215104,-1.486700300895926
41.74587293646823,-1.5499657356560759
41.77088544272136,-1.5293036507165576
41.795897948974485,-1.5651277304109457
41.82091045522761,-1.6141229728419768
41.84592296148074,-1.6336134049109767
41.870935467733865,-1.6822061600297924
41.89594797398699,-1.7328549819005687
41.92096048024012,-1.7553882007358979
41.945972986493246,-1.7469183579472425
41.97098549274637,-1.758425787702499
41.9959979989995,-1.7360215610380116
42.021010505252626,-1.824691034281671
42.04602301150575,-1.8068738766750023
42.07103551775888,-1.8019923134201061
42.096048024012006,-1.8680025196914967
42.12106053026513,-1.876791205238388
42.14607303651826,-1.8712577473842342
42.17108554277139,-1.9169929301010784
42.19609804902451,-1.8949616700213299
42.22111055527764,-1.9453443021576784
42.24612306153077,-1.9664934138096852
42.271135567783894,-1.9138893965364787
42.29614807403702,-1.9576303515862263
42.32116058029015,-1.9624787440429154
42.346173086543274,-1.9062652631286343
42.3711855927964,-1.938089674208359
42.39619809904953,-1.9441151732334103
42.421210605302655,-1.9090338490287426
42.44622311155578,-1.908473585132275
42.4712356178089,-1.9565054306014666
42.49624812406203,-1.9860130286035997
42.521260630315155,-1.8975699095007235
42.54627313656828,-1.9000179101409596
42.57128564282141,-1.9517464066723056
42.596298149074535,-1.9243442927146999
42.62131065532766,-1.9509668746837874
42.64632316158079,-1.9221669455768544
42.671335667833915,-1.901263715312063
42.69634817408704,-1.8388363761716435
42.72136068034017,-1.8658095023620114
42.746373186593296,-1.8166889601140432
42.77138569284642,-1.7915029669845408
42.79639819909955,-1.8379115444380842
42.821410705352676,-1.7381487113550989
42.8464232116058,-1.8052506029345694
42.87143571785893,-1.7467222427169415
42.896448224112056,-1.7485384778123096
42.92146073036518,-1.724569166286057
42.94647323661831,-1.7036478976390488
42.97148574287144,-1.6065088777409209
42.99649824912456,-1.6619557344571965
43.02151075537769,-1.5777211335384562
43.04652326163082,-1.5743203612326648
43.071535767883944,-1.4906213518134954
43.09654827413707,-1.539221525632435
43.1215607803902,-1.418511754480498
43.146573286643324,-1.4120945669028915
43.17158579289645,-1.387605712605768
43.19659829914958,-1.3369581024640307
43.221610805402705,-1.3157011808513288
43.24662331165583,-1.2990060957891987
43.27163581790895,-1.2946885070358118
43.29664832416208,-1.195298666403394
43.321660830415205,-1.1473831108024968
43.34667333666833,-1.1121801811102072
43.37168584292146,-1.1135984861339652
43.396698349174585,-1.0670285395427022
43.42171085542771,-0.9886179389673377
43.44672336168084,-0.9917799927565346
43.471735867933965,-0.9545923550670518
43.49674837418709,-0.9276806332157165
43.52176088044022,-0.8874589168231668
43.546773386693346,-0.7772761999509487
43.57178589294647,-0.7755424396772563
43.5967983991996,-0.7342552987192799
43.621810905452726,-0.6295558559416154
43.64682341170585,-0.6352793789229495
43.67183591795898,-0.5563343848379266
43.69684842421211,-0.5097857108219983
43.72186093046523,-0.5071521957204792
43.74687343671836,-0.41174370354941886
43.77188594297149,-0.3272079312796687
43.796898449224614,-0.34930052034594977
43.82191095547774,-0.2563998166828773
43.84692346173087,-0.23934316138730116
43.871935967983994,-0.20878394875206532
43.89694847423712,-0.1314660766721243
43.92196098049025,-0.07013241731324027
43.946973486743374,0.0021517242348031568
43.9719859929965,0.013480769955949788
43.99699849924963,0.08407530380758765
44.022011005502755,0.11057785066339697
44.04702351175588,0.18456579162187597
44.072036018009,0.2504766891919955
44.09704852426213,0.29802088044656444
44.122061030515255,0.3372068180433501
44.14707353676838,0.4218287630003711
44.17208604302151,0.4165302295591879
44.197098549274635,0.4391971906493818
44.22211105552776,0.5659183499254712
44.24712356178089,0.600154629747657
44.272136068034015,0.6493083667829875
44.29714857428714,0.6528395977870745
44.32216108054027,0.7397906829495488
44.347173586793396,0.7346015080910503
44.37218609304652,0.7849299189670982
44.39719859929965,0.818821820029323
44.422211105552776,0.9280738417159429
44.4472236118059,0.9465117426917327
44.47223611805903,0.9796855966423339
44.49724862431216,0.9931208865442253
44.52226113056528,1.062443610795302
44.54727363681841,1.1503077253443252
44.57228614307154,1.174826790126288
44.597298649324664,1.1737182226459186
44.62231115557779,1.2812848243224222
44.64732366183092,1.320736940689319
44.672336168084044,1.3618495023292505
44.69734867433717,1.408876502164241
44.7223611805903,1.3703086148995758
44.747373686843424,1.4383897566732189
44.77238619309655,1.4791972724278057
44.79739869934968,1.5246664328795592
44.822411205602805,1.5514425713037163
44.847423711855924,1.5699370460485544
44.87243621810905,1.5707851703774833
44.89744872436218,1.6213361972977156
44.922461230615305,1.687599927088166
44.94747373686843,1.6838984387626146
44.97248624312156,1.6837627591718114
44.997498749374685,1.7134099135719956
45.02251125562781,1.772517705705278
45.04752376188094,1.7692892637991255
45.072536268134066,1.8388670941031282
45.09754877438719,1.855460540552916
45.12256128064032,1.8395861308562467
45.147573786893446,1.910769032414216
45.17258629314657,1.9542426186789452
45.1975987993997,1.9311801554423162
45.222611305652826,1.9623221749289776
45.24762381190595,1.9604383792909525
45.27263631815908,1.941625297183632
45.29764882441221,1.9753171936366098
45.32266133066533,1.9868328362289935
45.34767383691846,2.028868268651039
45.37268634317159,2.0381330306899534
45.397698849424714,2.0143449598790375
45.42271135567784,2.067664700368054
45.44772386193097,2.014509592737155
45.472736368184094,2.077134725308631
45.49774887443722,2.0531093229039996
45.52276138069035,2.064372129880899
45.547773886943475,2.0635683048099827
45.5727863931966,2.0459612137011813
45.59779889944973,2.032585806342273
45.622811405702855,2.0456463097485487
45.647823911955975,2.035127284776319
45.6728364182091,2.0597812080518607
45.69784892446223,1.988045345639993
45.722861430715355,1.980886220497729
45.74787393696848,1.9675795733636194
45.77288644322161,2.0368159833464663
45.797898949474735,2.008469366514666
45.82291145572786,1.9663217324492004
45.84792396198099,1.9151548838274268
45.872936468234116,1.96198505420428
45.89794897448724,1.8952447698539365
45.92296148074037,1.9391012528133504
45.947973986993496,1.9179809095744405
45.97298649324662,1.8309820351942712
45.99799899949975,1.8671650693860005
46.023011505752876,1.8677783873586344
46.048024012006,1.7832999628137685
46.07303651825913,1.8043502147134292
46.09804902451226,1.7277133442451131
46.12306153076538,1.7347538293052855
46.14807403701851,1.6727446990553791
46.17308654327164,1.6675474862346285
46.198099049524764,1.660078140568451
46.22311155577789,1.6599696828522468
46.24812406203102,1.5951886168584526
46.273136568284144,1.5650242214078105
46.29814907453727,1.5211252166147908
46.3231615807904,1.5048191017439927
46.348174087043525,1.4277632582489175
46.37318659329665,1.463958720761913
46.39819909954978,1.3933447145213824
46.423211605802905,1.2940871154297726
46.448224112056025,1.307679517912924
46.47323661830915,1.2949744302909458
46.49824912456228,1.2073598533818568
46.523261630815405,1.1585249859682254
46.54827413706853,1.1749636031175394
46.57328664332166,1.1154476332283985
46.598299149574785,1.092951728987874
46.62331165582791,1.0402901501726247
46.64832416208104,0.959715923803176
46.673336668334166,0.9419987749892931
46.69834917458729,0.9052197403787048
46.72336168084042,0.7870689752917338
46.748374187093546,0.823849519216842
46.77338669334667,0.7113703252129268
46.7983991995998,0.7278448593546807
46.823411705852926,0.6760585687181586
46.84842421210605,0.5589679870000444
46.87343671835918,0.5580111326519703
46.89844922461231,0.5191919249082988
46.923461730865434,0.4149057810413003
46.94847423711856,0.4190104652011977
46.97348674337169,0.3895481390174612
46.998499249624814,0.34630892280552483
47.02351175587794,0.2664708651851406
47.04852426213107,0.20015764963386265
47.073536768384194,0.10650338800880686
47.09854927463732,0.10847887674554714
47.12356178089045,0.04480527788953257
47.148574287143575,-0.04164956590741829
47.1735867933967,-0.0751977797637014
47.19859929964983,-0.08140977720431256
47.22361180590295,-0.16522921082595618
47.248624312156075,-0.149206845911012
47.2736368184092,-0.23350969253443066
47.29864932466233,-0.2600805590540004
47.323661830915455,-0.3793514571414883
47.34867433716858,-0.4335420352973598
47.37368684342171,-0.43775980635046946
47.398699349674835,-0.4495802959994384
47.42371185592796,-0.5723628816964669
47.44872436218109,-0.6317056627842071
47.473736868434216,-0.6359608512977352
47.49874937468734,-0.7226448020943984
47.52376188094047,-0.7772084372168909
47.548774387193596,-0.7447144837982511
47.57378689344672,-0.7888194387836375
47.59879939969985,-0.8950934041489936
47.62381190595298,-0.9512433859918797
47.6488244122061,-0.9445992961344608
47.67383691845923,-1.0028124222666048
47.69884942471236,-1.074581893682684
47.723861930965484,-1.0408943709002612
47.74887443721861,-1.088843830526789
47.77388694347174,-1.1301525515110544
47.798899449724864,-1.1910629461939748
47.82391195597799,-1.2165087748242807
47.84892446223112,-1.2623665950848564
47.873936968484244,-1.2796731188661206
47.89894947473737,-1.375192806225375
47.9239619809905,-1.4024312725653318
47.948974487243625,-1.4012321624657436
47.97398699349675,-1.4870964657841648
47.99899949974988,-1.525152123538653
48.024012006003,-1.4669055140972278
48.049024512256125,-1.5314481374318851
48.07403701850925,-1.5320155166929625
48.09904952476238,-1.5765087416335342
48.124062031015505,-1.6762060025532697
48.14907453726863,-1.6784989384058318
48.17408704352176,-1.7040086693264007
48.199099549774886,-1.6755414742785986
48.22411205602801,-1.7800295662370356
48.24912456228114,-1.7647139680005695
48.274137068534266,-1.7775406063410883
48.29914957478739,-1.84363573298842
48.32416208104052,-1.8361097975089327
48.349174587293646,-1.8716807641253024
48.37418709354677,-1.8148032022635088
48.3991995997999,-1.8433990884638056
48.42421210605303,-1.8943912582364677
48.44922461230615,-1.9115365528964297
48.47423711855928,-1.8859403202774119
48.49924962481241,-1.8638947207055578
48.524262131065534,-1.876844583179484
48.54927463731866,-1.900600630044136
48.57428714357179,-1.8951848061822474
48.599299649824914,-1.9494240820748205
48.62431215607804,-1.9358653150013878
48.64932466233117,-1.9235552990516116
48.674337168584294,-1.9639826438889414
48.69934967483742,-1.9017066740996162
48.72436218109055,-1.9149406669573243
48.749374687343675,-1.9622948180715236
48.7743871935968,-1.8985346345586547
48.79939969984993,-1.9191492875267235
48.82441220610305,-1.980419444194546
48.849424712356175,-1.9167018740435124
48.8744372186093,-1.8945639329638395
48.89944972486243,-1.8791948372481786
48.924462231115555,-1.8536802264753676
48.94947473736868,-1.9006980559500057
48.97448724362181,-1.838753326253754
48.999499749874936,-1.9028658937444056
49.02451225612806,-1.8712182364866505
49.04952476238119,-1.7854678118702607
49.074537268634316,-1.7648869486825052
49.09954977488744,-1.784091228909526
49.12456228114057,-1.7356588075191293
49.149574787393696,-1.735145896037881
49.17458729364682,-1.7432629865596914
49.19959979989995,-1.689152125918508
49.22461230615308,-1.6479018967230867
49.2496248124062,-1.6018915194099117
49.27463731865933,-1.611191976830008
49.29964982491246,-1.6143902191123989
49.324662331165584,-1.540053793384054
49.34967483741871,-1.5104309452158928
49.37468734367184,-1.510693295545805
49.399699849924964,-1.470908063778786
49.42471235617809,-1.4090630482478392
49.44972486243122,-1.371940103817221
49.474737368684345,-1.3952887108982104
49.49974987493747,-1.2873027042543832
49.5247623811906,-1.296290156480407
49.549774887443725,-1.2229813723128726
49.57478739369685,-1.1800385393055188
49.59979989994998,-1.204615985332492
49.6248124062031,-1.1501796649781078
49.649824912456225,-1.091974023519123
49.67483741870935,-1.0374254082466168
49.69984992496248,-1.02401665221886
49.724862431215605,-0.940771231494652
49.74987493746873,-0.9297558461847601
49.77488744372186,-0.8533296970811507
49.799899949974986,-0.8115069289538326
49.82491245622811,-0.8516926094233662
49.84992496248124,-0.719250575875727
49.874937468734366,-0.6697734164066222
49.89994997498749,-0.6603840443212704
49.92496248124062,-0.582213399943377
49.949974987493746,-0.5382044977013466
49.97498749374687,-0.4820140801860142
50.0,-0.5067690055720961
