x,y
0.0,0.01179944236374455
0.02501250625312656,0.07156822827825171
0.05002501250625312,0.1908291049571293
0.0750375187593797,0.19705505835244946
0.10005002501250625,0.21874814538780551
0.12506253126563283,0.2636904845782757
0.1500750375187594,0.3861166519885202
0.17508754377188596,0.37350377026903564
0.2001000500250125,0.40995608426154395
0.22511255627813906,0.47783096491482074
0.25012506253126565,0.5249968518047187
0.2751375687843922,0.625788008237782
0.3001500750375188,0.6084130153716376
0.32516258129064535,0.6727283274260631
0.3501750875437719,0.7539938982299166
0.3751875937968984,0.7884042942611517
0.400200100050025,0.8373339521381763
0.42521260630315155,0.9050174591935017
0.4502251125562781,0.9221920388475181
0.4752376188094047,0.967007228525554
0.5002501250625313,1.0459332204567704
0.5252626313156579,1.0995585685339133
0.5502751375687844,1.0517008318677186
0.575287643821911,1.1287914068975156
0.6003001500750376,1.1550251087625125
0.6253126563281641,1.184513742282264
0.6503251625812907,1.2723446559323681
0.6753376688344173,1.2996955286235683
0.7003501750875438,1.342104523519399
0.7253626813406704,1.34326245404295
0.7503751875937968,1.431810132090738
0.7753876938469234,1.487161559619734
0.80040020010005,1.4414566679588967
0.8254127063531765,1.5147225535752558
0.8504252126063031,1.576967470241049
0.8754377188594297,1.6136267899721128
0.9004502251125562,1.5755715456085226
0.9254627313656828,1.6035148606808671
0.9504752376188094,1.7189864896325944
0.9754877438719359,1.692906303931942
1.0005002501250626,1.7310885357886188
1.0255127563781892,1.7378775851840673
1.0505252626313157,1.7551631042032647
1.0755377688844423,1.7938575491587618
1.1005502751375689,1.8747159910056697
1.1255627813906954,1.8324946147107506
1.150575287643822,1.9079866423234453
1.1755877938969486,1.8690733709848473
1.2006003001500751,1.9141055262972662
1.2256128064032017,1.9504321679365575
1.2506253126563283,1.9404204327072951
1.2756378189094548,1.9223831430540312
1.3006503251625814,2.000962972368689
1.325662831415708,1.9545637566371497
1.3506753376688345,2.0500644873952125
1.375687843921961,2.0113538298714233
1.4007003501750876,2.034064575309517
1.4257128564282142,1.9865617903276942
1.4507253626813408,2.0104123334720123
1.4757378689344671,2.021635292981354
1.5007503751875937,2.0858796328174174
1.5257628814407203,2.0472731548538485
1.5507753876938468,2.047187483939848
1.5757878939469734,2.050884573982613
1.6008004002001,2.097034996054849
1.6258129064532265,2.003349065830224
1.650825412706353,2.073483102288905
1.6758379189594796,2.019559794886641
1.7008504252126062,2.0800263344701673
1.7258629314657328,1.9842051107796168
1.7508754377188593,2.0039560902280287
1.775887943971986,2.048665990348884
1.8009004502251125,1.978433894642156
1.825912956478239,1.9393395045322805
1.8509254627313656,1.9533186491224321
1.8759379689844922,1.9369422088104453
1.9009504752376187,1.9876042421707991
1.9259629814907453,1.9597070865644357
1.9509754877438719,1.9112804850234868
1.9759879939969984,1.8990956401126293
2.001000500250125,1.837952466059944
2.0260130065032516,1.8631726174755072
2.0510255127563783,1.77634871617664
2.0760380190095047,1.8180199903115677
2.1010505252626315,1.7638076789794261
2.126063031515758,1.7639173071703778
2.1510755377688846,1.768191522768375
2.176088044022011,1.7059273010790041
2.2011005502751377,1.6177777939866094
2.226113056528264,1.6277213874653176
2.251125562781391,1.5683833328215924
2.276138069034517,1.6197246840117618
2.301150575287644,1.5704479706071641
2.3261630815407703,1.4801926602106057
2.351175587793897,1.5104805606446576
2.3761880940470235,1.4738327047800426
2.4012006003001503,1.4028534266824686
2.4262131065532766,1.3189392001374625
2.4512256128064034,1.337711014513924
2.4762381190595297,1.3105255346267897
2.5012506253126565,1.2004249495070085
2.526263131565783,1.2453434242071761
2.5512756378189096,1.1245023172817024
2.576288144072036,1.1114051535472493
2.6013006503251628,1.0633354530041756
2.626313156578289,1.0735420704511507
2.651325662831416,1.0107209921402716
2.6763381690845423,0.9448938250926895
2.701350675337669,0.9523146405198403
2.7263631815907954,0.8664939774742892
2.751375687843922,0.7684313681856856
2.7763881940970485,0.7756535188205624
2.8014007003501753,0.7390014049050468
2.8264132066033016,0.6914257014832618
2.8514257128564284,0.573146169144977
2.8764382191095548,0.6053816158204519
2.9014507253626816,0.5110794995057335
2.926463231615808,0.4747192471173358
2.9514757378689342,0.4117593344966182
2.976488244122061,0.41207135492832075
3.0015007503751874,0.3548332742952466
3.026513256628314,0.3269023333988881
3.0515257628814405,0.2478649846994769
3.0765382691345673,0.13613306440558723
3.1015507753876936,0.1361641556699656
3.1265632816408204,0.11237917904787076
3.1515757878939468,0.014206485890101522
3.1765882941470736,-0.035582238149526664
3.2016008004002,-0.08556338209190661
3.2266133066533267,-0.1676325772073977
3.251625812906453,-0.2080230485630827
3.27663831915958,-0.2288794406714536
3.301650825412706,-0.2694744107829967
3.326663331665833,-0.3337670329326258
3.3516758379189593,-0.40239642188865427
3.376688344172086,-0.3983229259437917
3.4017008504252124,-0.45818083767470535
3.426713356678339,-0.5536151799197628
3.4517258629314655,-0.5593573434261897
3.4767383691845923,-0.5741511365724148
3.5017508754377187,-0.6424696782534828
3.5267633816908455,-0.6607375969853522
3.551775887943972,-0.7294700536386862
3.5767883941970986,-0.747835962753903
3.601800900450225,-0.7987163760587704
3.6268134067033517,-0.922313977715466
3.651825912956478,-0.9522729497540066
3.676838419209605,-0.9377668263169007
3.701850925462731,-1.0519693208890468
3.726863431715858,-1.0797740726049712
3.7518759379689843,-1.0842156164140542
3.776888444222111,-1.1025638154925959
3.8019009504752375,-1.1310211646211203
3.8269134567283642,-1.1888343339140799
3.8519259629814906,-1.2486994399403244
3.8769384692346174,-1.2929046461920672
3.9019509754877437,-1.2924330263194788
3.9269634817408705,-1.39318482809702
3.951975987993997,-1.3870059596599564
3.9769884942471236,-1.470806311785599
4.00200100050025,-1.510016204257408
4.027013506753376,-1.5066899462380705
4.052026013006503,-1.5235397226932097
4.07703851925963,-1.5665899330275244
4.102051025512757,-1.5791628264912192
4.127063531765883,-1.599566966624586
4.152076038019009,-1.6105885627112746
4.177088544272136,-1.648418176765767
4.202101050525263,-1.7339691626840161
4.227113556778389,-1.7613033059863827
4.252126063031516,-1.7195133275263328
4.277138569284642,-1.7216195685124598
4.302151075537769,-1.8122370695453711
4.327163581790895,-1.8512416252168795
4.352176088044022,-1.852197144435854
4.377188594297149,-1.8711471889633173
4.4022011005502755,-1.861289531943899
4.427213606803401,-1.877050494692788
4.452226113056528,-1.9311556831846592
4.477238619309655,-1.8783418456334535
4.502251125562782,-1.9524362473510697
4.527263631815908,-1.9549652517427336
4.552276138069034,-1.9311687282728114
4.577288644322161,-1.978665213986967
4.602301150575288,-1.9171321853465122
4.627313656828414,-1.9887681289161374
4.652326163081541,-1.9263646579514637
4.6773386693346675,-1.9618402697020059
4.702351175587794,-1.9053828648346847
4.72736368184092,-1.924764554974999
4.752376188094047,-1.943526074950037
4.777388694347174,-1.9131966274899366
4.8024012006003005,-1.8952609973073853
4.827413706853426,-1.9629577245881582
4.852426213106553,-1.973186006172818
4.87743871935968,-1.9575856318864064
4.902451225612807,-1.8772613813335428
4.927463731865933,-1.953187418090925
4.9524762381190595,-1.8643696490213102
4.977488744372186,-1.8366924147997574
5.002501250625313,-1.8724963263903134
5.027513756878439,-1.836273055929822
5.052526263131566,-1.8454605724180089
5.0775387693846925,-1.8449354805664375
5.102551275637819,-1.7767416070107396
5.127563781890945,-1.7755352955662242
5.152576288144072,-1.7799571688330538
5.177588794397199,-1.7777472508596261
5.2026013006503256,-1.685502646801531
5.2276138069034515,-1.6949733129261366
5.252626313156578,-1.7052434538369503
5.277638819409705,-1.604967977012751
5.302651325662832,-1.576028822580371
5.327663831915958,-1.5440966699822216
5.3526763381690845,-1.5836259241565716
5.377688844422211,-1.5145977307888325
5.402701350675338,-1.4446127204958277
5.427713856928464,-1.424139289238035
5.452726363181591,-1.4169797747710762
5.4777388694347176,-1.3464284917788756
5.502751375687844,-1.386968999539216
5.52776388194097,-1.3583995086152811
5.552776388194097,-1.242645988213837
5.577788894447224,-1.2350370980206575
5.602801400700351,-1.1684196555362794
5.6278139069534765,-1.1430741447098958
5.652826413206603,-1.1038265579141704
5.67783891945973,-1.0911125137025806
5.702851425712857,-1.036017654222245
5.727863931965983,-1.0059358182536327
5.7528764382191095,-0.995368865977972
5.777888944472236,-0.8999252483697795
5.802901450725363,-0.839890875381346
5.827913956978489,-0.7819068576177441
5.852926463231616,-0.7561415101195421
5.877938969484743,-0.7322290599925999
5.9029514757378685,-0.656939540975745
5.927963981990995,-0.600983727299465
5.952976488244122,-0.5962173820468873
5.977988994497249,-0.5764846823631867
6.003001500750375,-0.5477420316528145
6.0280140070035015,-0.44846035892438973
6.053026513256628,-0.4035536628979883
6.078039019509755,-0.3418450796983329
6.103051525762881,-0.28975303545345965
6.128064032016008,-0.3064943219246265
6.153076538269135,-0.19452811536550862
6.178089044522261,-0.13467340923816032
6.203101550775387,-0.09244418822843724
6.228114057028514,-0.012207171149339321
6.253126563281641,-0.05095493958753205
6.278139069534768,0.08690720503066582
6.3031515757878935,0.08225890627240129
6.32816408204102,0.11503072937907532
6.353176588294147,0.23767024207705068
6.378189094547274,0.26848101131115765
6.4032016008004,0.25090327138551344
6.428214107053527,0.36942445756780257
6.453226613306653,0.42529589385673355
6.47823911955978,0.4687841859018095
6.503251625812906,0.49817790932482914
6.528264132066033,0.5775019108373691
6.55327663831916,0.6202884497448145
6.578289144572286,0.5882992640423054
6.603301650825412,0.6322835630920097
6.628314157078539,0.7700534170207253
6.653326663331666,0.8041174782182425
6.678339169584793,0.8092159921023339
6.703351675837919,0.9051420309309101
6.728364182091045,0.9335723288582775
6.753376688344172,0.9537440531160302
6.778389194597299,0.9977777444398429
6.803401700850425,1.0325616825595112
6.828414207103552,1.0894463273864015
6.853426713356678,1.1242718068083821
6.878439219609805,1.216213084582084
6.903451725862931,1.1939882669819757
6.928464232116058,1.2862372242809097
6.953476738369185,1.3215303887746443
6.9784892446223115,1.3214553715888275
7.003501750875437,1.351629205087909
7.028514257128564,1.422745620572389
7.053526763381691,1.4449223412194805
7.078539269634818,1.5022546369857728
7.103551775887944,1.5077751650191615
7.12856428214107,1.5819777618744102
7.153576788394197,1.5394356989175155
7.178589294647324,1.584589547728513
7.20360180090045,1.6085790391432901
7.228614307153577,1.6234467633655558
7.2536268134067035,1.707497465459868
7.27863931965983,1.6820423536601745
7.303651825912956,1.7778492695988797
7.328664332166083,1.7901133363596051
7.35367683841921,1.7840670707501454
7.3786893446723365,1.800228691924801
7.403701850925462,1.8472670914716538
7.428714357178589,1.8398281014427063
7.453726863431716,1.913472232519648
7.478739369684843,1.9054327671466789
7.503751875937969,1.9779259622292182
7.5287643821910955,1.899900150825454
7.553776888444222,2.001157523387136
7.578789394697349,2.0154781209412818
7.603801900950475,2.0216673794705438
7.628814407203602,1.9774186203510584
7.6538269134567285,1.999978072611106
7.678839419709855,1.981033272544502
7.703851925962981,1.9983581700797501
7.728864432216108,2.03502783767615
7.753876938469235,2.0117761120951885
7.7788894447223615,2.0192571510160158
7.8039019509754874,2.0536780325657267
7.828914457228614,2.0132544015457343
7.853926963481741,2.059345897499705
7.878939469734868,2.005615507440309
7.903951975987994,2.068827575569583
7.9289644822411205,2.0502875492350436
7.953976988494247,2.023390884560461
7.978989494747374,2.0488302138632712
8.0040020010005,2.0108180386095142
8.029014507253628,2.054340106030865
8.054027013506753,2.0590712696310405
8.07903951975988,2.0332717168417065
8.104052026013006,1.9692274506909728
8.129064532266133,1.948275952135889
8.15407703851926,1.9985429512324526
8.179089544772387,1.976291440123723
8.204102051025513,1.9780289417832884
8.22911455727864,1.9572966894002337
8.254127063531765,1.9417737437706388
8.279139569784892,1.8679545971118203
8.304152076038019,1.8757230264596496
8.329164582291146,1.796023527251305
8.354177088544272,1.7876839253369345
8.379189594797399,1.7419838855502003
8.404202101050526,1.7084071007131927
8.429214607303653,1.7107649629201735
8.454227113556778,1.6782008585120571
8.479239619809904,1.7140819668102822
8.504252126063031,1.6625325781476907
8.529264632316158,1.6360030758934847
8.554277138569285,1.539491520732059
8.579289644822412,1.536352857866127
8.604302151075538,1.530687391998054
8.629314657328665,1.4664704626539105
8.65432716358179,1.4151264876678689
8.679339669834917,1.3625072038243689
8.704352176088044,1.3746354520592927
8.72936468234117,1.2867329329469455
8.754377188594297,1.2433998539705784
8.779389694847424,1.245558490529683
8.804402201100551,1.2083609283535395
8.829414707353676,1.2064332269781606
8.854427213606803,1.0874941385953847
8.87943971985993,1.0452458093761825
8.904452226113056,1.0071532054365135
8.929464732366183,0.9657966852723247
8.95447723861931,0.9162223555691592
8.979489744872437,0.9426685320870849
9.004502251125563,0.9157838386893805
9.029514757378688,0.8687706314309036
9.054527263631815,0.7960144678940841
9.079539769884942,0.750162622694485
9.104552276138069,0.7088433244540019
9.129564782391196,0.5878618451550485
9.154577288644322,0.5462887367211505
9.17958979489745,0.5720252569070573
9.204602301150576,0.4803799694802086
9.229614807403701,0.4513822842012597
9.254627313656828,0.36330278946515066
9.279639819909955,0.32684026177771675
9.304652326163081,0.3290152608933313
9.329664832416208,0.22928380747585284
9.354677338669335,0.23689217855046726
9.379689844922462,0.18899627479419362
9.404702351175589,0.08440283715537661
9.429714857428714,0.028615522795065428
9.45472736368184,-0.03889783234775323
9.479739869934967,-0.03926927690117929
9.504752376188094,-0.15836476483293793
9.52976488244122,-0.17656228814491332
9.554777388694347,-0.2215851898763413
9.579789894947474,-0.21760574802969962
9.604802401200601,-0.31224801908722394
9.629814907453726,-0.3196170513701453
9.654827413706853,-0.3585480340214522
9.67983991995998,-0.45963656016753074
9.704852426213106,-0.48453964967483754
9.729864932466233,-0.5216506341245013
9.75487743871936,-0.5964750878047618
9.779889944972487,-0.6812078954704492
9.804902451225614,-0.7013845760416197
9.829914957478739,-0.779949158786615
9.854927463731865,-0.7395720439128621
9.879939969984992,-0.8374930297104635
9.904952476238119,-0.8333290995097413
9.929964982491246,-0.9352953181263762
9.954977488744372,-0.9138099538082234
9.9799899949975,-0.9925695521384728
10.005002501250626,-1.071623672713931
10.030015007503751,-1.0481664905879535
10.055027513756878,-1.1761427434951854
10.080040020010005,-1.138401146052752
10.105052526263131,-1.1598789590515222
10.130065032516258,-1.2182063435659423
10.155077538769385,-1.32165265579166
10.180090045022512,-1.3191634371853542
10.205102551275639,-1.385696202581151
10.230115057528764,-1.3677216390776625
10.25512756378189,-1.4136157602308541
10.280140070035017,-1.458243436321262
10.305152576288144,-1.4721798843841594
10.33016508254127,-1.5041588265987715
10.355177588794398,-1.5956032471789863
10.380190095047524,-1.6021633818243077
10.405202601300651,-1.6507598169334414
10.430215107553776,-1.635669094984987
10.455227613806903,-1.660608958222245
10.48024012006003,-1.726441256475353
10.505252626313156,-1.6833357195403118
10.530265132566283,-1.7742765988901936
10.55527763881941,-1.7487777912248503
10.580290145072537,-1.741536188228375
10.605302651325664,-1.833561480026924
10.630315157578789,-1.8094831242043807
10.655327663831915,-1.8825155362408164
10.680340170085042,-1.8515567903014973
10.705352676338169,-1.8722423615578716
10.730365182591296,-1.8369447797166991
10.755377688844423,-1.8759170196696682
10.78039019509755,-1.9277615393271594
10.805402701350676,-1.946381870750818
10.830415207603801,-1.9214152344253117
10.855427713856928,-1.9178285080384845
10.880440220110055,-1.9059284047849252
10.905452726363182,-1.9379690864782833
10.930465232616308,-1.8981640136913844
10.955477738869435,-1.9068788800860381
10.980490245122562,-1.9823508989333867
11.005502751375689,-1.9456940138261394
11.030515257628814,-1.9499223922976923
11.05552776388194,-1.912981336813534
11.080540270135067,-1.9826601535409787
11.105552776388194,-1.9701063898286804
11.13056528264132,-1.9218198337304662
11.155577788894448,-1.8819587151078283
11.180590295147574,-1.8821582817342553
11.205602801400701,-1.950106585844806
11.230615307653826,-1.9370512175592036
11.255627813906953,-1.8556436226025934
11.28064032016008,-1.8541005711209444
11.305652826413207,-1.8415491342341186
11.330665332666333,-1.8199332903012992
11.35567783891946,-1.823796787409154
11.380690345172587,-1.8489357948613612
11.405702851425714,-1.7535256241417245
11.430715357678839,-1.7918319511024265
11.455727863931966,-1.7842457108922374
11.480740370185092,-1.6956779582333923
11.505752876438219,-1.669757575678066
11.530765382691346,-1.685196808469128
11.555777888944473,-1.690526779020111
11.5807903951976,-1.6388975390195293
11.605802901450726,-1.5741023788343154
11.630815407703851,-1.58472857424252
11.655827913956978,-1.4911503439234255
11.680840420210105,-1.5054500873480958
11.705852926463232,-1.4316749566286415
11.730865432716358,-1.4377067474997876
11.755877938969485,-1.4223710481451306
11.780890445222612,-1.326563436894747
11.805902951475737,-1.3013321483819207
11.830915457728864,-1.2765882038486143
11.85592796398199,-1.262247341515263
11.880940470235117,-1.2320033871629628
11.905952976488244,-1.1636518533802163
11.930965482741371,-1.1831285707358845
11.955977988994498,-1.0682859240056513
11.980990495247624,-1.0862125419795843
12.00600300150075,-1.050257664500088
12.031015507753876,-0.9907437524626992
12.056028014007003,-0.8913978065173289
12.08104052026013,-0.8914611007071771
12.106053026513257,-0.870149814633347
12.131065532766383,-0.829564305679572
12.15607803901951,-0.7588811063734957
12.181090545272637,-0.6770269705176243
12.206103051525762,-0.6399703646038297
12.231115557778889,-0.5782721573426356
12.256128064032016,-0.5159888682496554
12.281140570285142,-0.5344046421764185
12.30615307653827,-0.4955954102924339
12.331165582791396,-0.4208584913216092
12.356178089044523,-0.39222103382131235
12.38119059529765,-0.34783895695486644
12.406203101550775,-0.22223058587314592
12.431215607803901,-0.2278196576631601
12.456228114057028,-0.13225588166295665
12.481240620310155,-0.12464582833457657
12.506253126563282,-0.11213291759888411
12.531265632816408,-0.04178848348111042
12.556278139069535,-0.017397548018199278
12.581290645322662,0.11534830491324324
12.606303151575787,0.17384712327550372
12.631315657828914,0.1680077432956476
12.65632816408204,0.23851832781103596
12.681340670335167,0.30052407298380074
12.706353176588294,0.33499320045256387
12.731365682841421,0.4042686981160999
12.756378189094548,0.3837898856254419
12.781390695347675,0.43491006678389543
12.8064032016008,0.5175212917192937
12.831415707853926,0.5838117116696463
12.856428214107053,0.6484394923821033
12.88144072036018,0.6783328810950799
12.906453226613307,0.7017129462420311
12.931465732866434,0.7619400201670562
12.95647823911956,0.7762714236001156
12.981490745372687,0.8710360085525055
13.006503251625812,0.919414275416186
13.031515757878939,0.8990057692666483
13.056528264132066,0.97648592005794
13.081540770385192,1.0651973918465858
13.10655327663832,1.0882325787544496
13.131565782891446,1.0906820682993663
13.156578289144573,1.1844029559829021
13.1815907953977,1.2183087762014526
13.206603301650825,1.2927816156488452
13.231615807903951,1.275751062953624
13.256628314157078,1.357376052743915
13.281640820410205,1.3695491911097486
13.306653326663332,1.3783215717968265
13.331665832916459,1.3963019252275808
13.356678339169585,1.4331456510000389
13.381690845422712,1.4643368151507377
13.406703351675837,1.5782812888762066
13.431715857928964,1.5227929720323568
13.45672836418209,1.6312116099633034
13.481740870435218,1.5952339556973885
13.506753376688344,1.7068817849226603
13.531765882941471,1.712215476263896
13.556778389194598,1.6997266101598938
13.581790895447725,1.738819097904363
13.60680340170085,1.7797695248559013
13.631815907953976,1.7672085296424238
13.656828414207103,1.8682282169550397
13.68184092046023,1.8453896114476063
13.706853426713357,1.8833680355986493
13.731865932966484,1.878472039981644
13.75687843921961,1.9096041634724166
13.781890945472737,1.8868158167659965
13.806903451725862,1.9210768748207927
13.831915957978989,1.9261779872978764
13.856928464232116,1.9241388405434159
13.881940970485243,1.985217177908462
13.90695347673837,1.9919070900152118
13.931965982991496,2.0402538626740165
13.956978489244623,2.0346610763543453
13.98199099549775,2.008247625225927
14.007003501750875,2.014920297412354
14.032016008004002,2.0362266643532907
14.057028514257128,2.0097046167450676
14.082041020510255,2.0048204131734564
14.107053526763382,2.0588812567305688
14.132066033016509,2.048066632523236
14.157078539269635,2.0548308683832475
14.182091045522762,2.076784651505681
14.207103551775887,2.076448696645038
14.232116058029014,2.0339813430564186
14.25712856428214,2.0810233147792925
14.282141070535268,1.9953528322312788
14.307153576788394,2.021712805152218
14.332166083041521,2.0271191395704586
14.357178589294648,2.0286108395449856
14.382191095547775,1.9922852126673858
14.4072036018009,1.9535652238467622
14.432216108054027,1.9771450049266697
14.457228614307153,1.9917411295388623
14.48224112056028,1.9331641849099703
14.507253626813407,1.9601052668772458
14.532266133066534,1.941499461293759
14.55727863931966,1.8661143621993233
14.582291145572787,1.8750139362376592
14.607303651825912,1.8334601580354892
14.632316158079039,1.7731079179812843
14.657328664332166,1.7403789281852071
14.682341170585293,1.7972113136503498
14.70735367683842,1.6996696091527879
14.732366183091546,1.7511088323326425
14.757378689344673,1.663752715252918
14.782391195597798,1.686590629484071
14.807403701850925,1.6615082294687953
14.832416208104052,1.6198329486581322
14.857428714357178,1.5916597048682517
14.882441220610305,1.5200780158721865
14.907453726863432,1.460049886150272
14.932466233116559,1.4074528647155202
14.957478739369686,1.4271404854657594
14.98249124562281,1.391816185373319
15.007503751875937,1.3742038313933387
15.032516258129064,1.3461584576101464
15.057528764382191,1.2675268917395892
15.082541270635318,1.2112771582384316
15.107553776888444,1.1740839100125866
15.132566283141571,1.114299637061468
15.157578789394698,1.1075235606396914
15.182591295647823,1.0054698365449999
15.20760380190095,0.9873881767571075
15.232616308154077,0.9334240834152521
15.257628814407203,0.9074951988987499
15.28264132066033,0.8555632878637038
15.307653826913457,0.8535096998857402
15.332666333166584,0.7871078224712611
15.35767883941971,0.6978661887045954
15.382691345672836,0.7176533659517359
15.407703851925962,0.6669068454180869
15.43271635817909,0.5794038752090328
15.457728864432216,0.5707912270590476
15.482741370685343,0.5400402394372128
15.50775387693847,0.40021785031941404
15.532766383191596,0.4395811543786864
15.557778889444723,0.3514916450444596
15.582791395697848,0.2548315213590833
15.607803901950975,0.27687132427141203
15.632816408204102,0.16576431255737606
15.657828914457228,0.12613232403080973
15.682841420710355,0.06707178109721837
15.707853926963482,0.013939241191327683
15.732866433216609,0.038372950526127846
15.757878939469736,-0.06657643372770483
15.78289144572286,-0.06358317918562809
15.807903951975987,-0.13510097962539924
15.832916458229114,-0.22091605413446264
15.857928964482241,-0.22995666219455624
15.882941470735368,-0.2704630846049871
15.907953976988495,-0.3698809666000829
15.932966483241621,-0.4142344701307991
15.957978989494748,-0.4300350463178141
15.982991495747873,-0.5349359671533467
16.008004002001,-0.5347565003101845
16.03301650825413,-0.5717298005177801
16.058029014507255,-0.6618048007109507
16.08304152076038,-0.6647665559047533
16.108054027013505,-0.7182900455288665
16.133066533266632,-0.7842249533599243
16.15807903951976,-0.8605174743963846
16.183091545772886,-0.8564897145057694
16.208104052026012,-0.9489620874572458
16.23311655827914,-0.9978388578892263
16.258129064532266,-1.0115626734204677
16.283141570785393,-1.0137724468840321
16.30815407703852,-1.1035021810284624
16.333166583291646,-1.106371464558444
16.358179089544773,-1.1719548027403208
16.3831915957979,-1.2401172451113456
16.408204102051027,-1.2054039157092986
16.433216608304154,-1.2563764367064456
16.45822911455728,-1.2737903453395614
16.483241620810404,-1.3216803706786195
16.50825412706353,-1.3477962460254667
16.533266633316657,-1.451356294038092
16.558279139569784,-1.4686935470559042
16.58329164582291,-1.4641189724757104
16.608304152076037,-1.5497352065417456
16.633316658329164,-1.5197923068084402
16.65832916458229,-1.5653782037744077
16.683341670835418,-1.5942543325895566
16.708354177088545,-1.588994910901488
16.73336668334167,-1.6149598569833044
16.758379189594798,-1.646234492271772
16.783391695847925,-1.6849070953209702
16.808404202101052,-1.7419347206623566
16.83341670835418,-1.7506471642104708
16.858429214607305,-1.753911071217455
16.88344172086043,-1.8072413604973327
16.908454227113555,-1.8316941672231208
16.933466733366682,-1.859543110709463
16.95847923961981,-1.8767435108061352
16.983491745872936,-1.8499123904549353
17.008504252126063,-1.898574610216042
17.03351675837919,-1.8635933813760868
17.058529264632316,-1.871190187983383
17.083541770885443,-1.8857068026620258
17.10855427713857,-1.872677391729213
17.133566783391696,-1.9359215360358977
17.158579289644823,-1.8900294814897116
17.18359179589795,-1.8993286220440475
17.208604302151077,-1.994472313335407
17.233616808404204,-1.9667085240205375
17.25862931465733,-1.9026875932801461
17.283641820910454,-1.909232237787928
17.30865432716358,-1.9727689382369684
17.333666833416707,-1.9772935831760996
17.358679339669834,-1.9001096237694055
17.38369184592296,-1.9786025016482887
17.408704352176088,-1.9559584061309327
17.433716858429214,-1.9013286076109464
17.45872936468234,-1.942384433319721
17.483741870935468,-1.864057298179155
17.508754377188595,-1.8634674068034605
17.53376688344172,-1.901339591530555
17.55877938969485,-1.8478495746983068
17.583791895947975,-1.8323905187939413
17.608804402201102,-1.8221820478863981
17.63381690845423,-1.8437570853764205
17.658829414707352,-1.8397626810577594
17.68384192096048,-1.7815495396609986
17.708854427213605,-1.7533381913445178
17.733866933466732,-1.7317793831890602
17.75887943971986,-1.681140719745431
17.783891945972986,-1.6556875379848943
17.808904452226113,-1.6908444063442734
17.83391695847924,-1.6358222804503488
17.858929464732366,-1.6722287248031265
17.883941970985493,-1.6159053917202841
17.90895447723862,-1.5433904792814015
17.933966983491747,-1.498195297911839
17.958979489744873,-1.5336001222685824
17.983991995998,-1.5092600164273222
18.009004502251127,-1.4384030398074468
18.034017008504254,-1.4508788983624545
18.059029514757377,-1.4157336436931234
18.084042021010504,-1.322640542962902
18.10905452726363,-1.2757238042265227
18.134067033516757,-1.2546043219477216
18.159079539769884,-1.2679523750170998
18.18409204602301,-1.1560824075201388
18.209104552276138,-1.168476499332244
18.234117058529264,-1.0919353127739595
18.25912956478239,-1.0885569598114133
18.284142071035518,-0.974658931773938
18.309154577288645,-0.996509233912117
18.33416708354177,-0.9535444069832897
18.3591795897949,-0.93729282374189
18.384192096048025,-0.8080495023357022
18.409204602301152,-0.7703084178975943
18.43421710855428,-0.7093903476243381
18.459229614807402,-0.7236562485855785
18.48424212106053,-0.657978573098735
18.509254627313656,-0.5770396075340276
18.534267133566782,-0.5360416837738116
18.55927963981991,-0.5390302269902782
18.584292146073036,-0.5037893195714769
18.609304652326163,-0.4197067245001513
18.63431715857929,-0.3482685175902876
18.659329664832416,-0.28391551189587133
18.684342171085543,-0.3095452239158765
18.70935467733867,-0.21649660376832622
18.734367183591797,-0.14277721988599362
18.759379689844923,-0.11976148819103453
18.78439219609805,-0.0317337048501162
18.809404702351177,-0.04269739828078452
18.834417208604304,0.015924115878588174
18.859429714857427,0.07264589506418889
18.884442221110554,0.1391402091458459
18.90945472736368,0.15577193377472062
18.934467233616807,0.2009817363253807
18.959479739869934,0.2943209145453853
18.98449224612306,0.3248764564727601
19.009504752376188,0.33368265198948927
19.034517258629315,0.4488756919133583
19.05952976488244,0.47891019706983895
19.084542271135568,0.5566677414718869
19.109554777388695,0.6127493149556053
19.13456728364182,0.6034772576133031
19.15957978989495,0.6381013921217813
19.184592296148075,0.671825100264967
19.209604802401202,0.7664689643215392
19.23461730865433,0.8342782690120137
19.259629814907452,0.8402617109312471
19.28464232116058,0.9159624977730896
19.309654827413706,0.9528297123931723
19.334667333666832,0.9367714451142912
19.35967983991996,1.0349079729132906
19.384692346173086,1.0200850995789388
19.409704852426213,1.127139687561982
19.43471735867934,1.109909952383624
19.459729864932466,1.17446528877859
19.484742371185593,1.2042334510403199
19.50975487743872,1.3131260550989594
19.534767383691847,1.2887288429949075
19.559779889944974,1.3172984152610876
19.5847923961981,1.3517986499027848
19.609804902451227,1.418450895052545
19.634817408704354,1.4350263341855238
19.659829914957477,1.5265016259468984
19.684842421210604,1.5282938080065753
19.70985492746373,1.5518191577124725
19.734867433716857,1.5570001281409698
19.759879939969984,1.6351058846827022
19.78489244622311,1.675201335224153
19.809904952476238,1.726889820271831
19.834917458729365,1.7135429252068262
19.85992996498249,1.7213575031915724
19.884942471235618,1.7520545090162636
19.909954977488745,1.8238454746857995
19.93496748374187,1.8001476690956533
19.959979989995,1.848382442591473
19.984992496248125,1.850145708071218
20.010005002501252,1.8880683235017972
20.03501750875438,1.865183583884554
20.060030015007502,1.8740653189128906
20.08504252126063,1.8952774516237987
20.110055027513756,1.9798038134461797
20.135067533766883,2.0024994102350684
20.16008004002001,1.9967639719715582
20.185092546273136,1.969194069762613
20.210105052526263,2.0389703912447676
20.23511755877939,2.004971134454286
20.260130065032516,2.0509984489211357
20.285142571285643,2.079618773660875
20.31015507753877,2.006868645463157
20.335167583791897,2.0070944149291767
20.360180090045024,2.0837527611406976
20.38519259629815,2.033035505387706
20.410205102551277,2.0057476341026064
20.435217608804404,2.06256162434934
20.460230115057527,2.0974653789760316
20.485242621310654,1.9964227404322188
20.51025512756378,2.0324763814381495
20.535267633816908,1.9889460185362544
20.560280140070034,1.9929904456997622
20.58529264632316,1.9850828970830916
20.610305152576288,2.0269260003219314
20.635317658829415,2.0080282312022355
20.66033016508254,1.9541564719037952
20.68534267133567,1.995515335550402
20.710355177588795,1.9653784403616734
20.735367683841922,1.9742093039526634
20.76038019009505,1.9223519465201477
20.785392696348175,1.9162159692532548
20.810405202601302,1.8520238424901045
20.835417708854425,1.8531714622625424
20.860430215107552,1.8340257825241513
20.88544272136068,1.7958796303898752
20.910455227613806,1.8464535180569988
20.935467733866933,1.8199576858378685
20.96048024012006,1.7680067528031995
20.985492746373186,1.7114245799130885
21.010505252626313,1.7486586388497813
21.03551775887944,1.6498200051298697
21.060530265132567,1.6367233451702643
21.085542771385693,1.5759851253953872
21.11055527763882,1.6127295055949018
21.135567783891947,1.5516015404725196
21.160580290145074,1.523142809216664
21.1855927963982,1.45717020738889
21.210605302651327,1.4750255413785665
21.23561780890445,1.3810282886222316
21.260630315157577,1.3616795687147258
21.285642821410704,1.393466449835207
21.31065532766383,1.3297745833320103
21.335667833916958,1.2484487457959164
21.360680340170084,1.1851931325640832
21.38569284642321,1.1517965597012532
21.410705352676338,1.1114543467536373
21.435717858929465,1.1521642168020814
21.46073036518259,1.0167202842813283
21.48574287143572,1.024165586446854
21.510755377688845,0.9459275305230233
21.535767883941972,0.958751479828627
21.5607803901951,0.8864608911852119
21.585792896448226,0.8825340252359898
21.610805402701352,0.838728973141272
21.635817908954476,0.7455315686668154
21.660830415207602,0.6633811294849425
21.68584292146073,0.6016429076447649
21.710855427713856,0.6329059700453307
21.735867933966983,0.5547877526540852
21.76088044022011,0.4757736149479305
21.785892946473236,0.47036153464614905
21.810905452726363,0.40165842150382775
21.83591795897949,0.39614405080415055
21.860930465232617,0.3261632346473288
21.885942971485743,0.2761554431529817
21.91095547773887,0.2116770254508854
21.935967983991997,0.16152560126611326
21.960980490245124,0.1378773501049079
21.98599299649825,0.0876934277359557
22.011005502751377,0.03220422205257511
22.0360180090045,-0.013773216959553719
22.061030515257627,-0.04863018476994334
22.086043021510754,-0.1257126327269299
22.11105552776388,-0.1545653328785839
22.136068034017008,-0.25559477388274815
22.161080540270135,-0.2800224811023445
22.18609304652326,-0.34669241267622625
22.211105552776388,-0.38217284897044584
22.236118059029515,-0.42629203998969467
22.26113056528264,-0.4901961204196381
22.28614307153577,-0.5710713906301468
22.311155577788895,-0.6112363441116532
22.336168084042022,-0.6185224830999785
22.36118059029515,-0.7034550207763876
22.386193096548276,-0.6781549979166
22.411205602801402,-0.7952252397787968
22.436218109054526,-0.8531215949183196
22.461230615307652,-0.8569155566482916
22.48624312156078,-0.9414332074781957
22.511255627813906,-0.8988758693995172
22.536268134067033,-0.9715315699771727
22.56128064032016,-1.000640953272605
22.586293146573286,-1.0316452295369611
22.611305652826413,-1.080595342770056
22.63631815907954,-1.1466560378582173
22.661330665332667,-1.232986663004557
22.686343171585793,-1.186894740547511
22.71135567783892,-1.3100551192524723
22.736368184092047,-1.3253002115852832
22.761380690345174,-1.3705516883090572
22.7863931965983,-1.4220266856042119
22.811405702851427,-1.4242257377549663
22.83641820910455,-1.427770141941738
22.861430715357677,-1.5280987781421884
22.886443221610804,-1.465294757639611
22.91145572786393,-1.5489640162331637
22.936468234117058,-1.5279200498410201
22.961480740370185,-1.6344609514539414
22.98649324662331,-1.5896092124627492
23.011505752876438,-1.6599051915600782
23.036518259129565,-1.6792338789919519
23.06153076538269,-1.7143268346915566
23.08654327163582,-1.7549207729793492
23.111555777888945,-1.7962843162195354
23.136568284142072,-1.7317559032657017
23.1615807903952,-1.7569683667275084
23.186593296648326,-1.8095472133470187
23.211605802901452,-1.8369332949439179
23.236618309154576,-1.8826624962459508
23.261630815407702,-1.8353042476258448
23.28664332166083,-1.8926243024380442
23.311655827913956,-1.9179418186349975
23.336668334167083,-1.9110529116670547
23.36168084042021,-1.9204975658154826
23.386693346673336,-1.8996137379334739
23.411705852926463,-1.894394013937844
23.43671835917959,-1.9341927588391523
23.461730865432717,-1.8901866684761592
23.486743371685844,-1.9789887169615157
23.51175587793897,-1.9676247497229444
23.536768384192097,-1.90060183645542
23.561780890445224,-1.9853707674482957
23.58679339669835,-1.9584714268060712
23.611805902951474,-1.9875104303688649
23.6368184092046,-1.9568699054168683
23.661830915457728,-1.8989317870435034
23.686843421710854,-1.9073788063104729
23.71185592796398,-1.9397444797306052
23.736868434217108,-1.889919908030111
23.761880940470235,-1.9235664177539762
23.78689344672336,-1.9073050526412791
23.81190595297649,-1.8773957037812463
23.836918459229615,-1.8584553373185302
23.861930965482742,-1.81756196776161
23.88694347173587,-1.8436820256827486
23.911955977988995,-1.8525167692627722
23.936968484242122,-1.7999185763970351
23.96198099049525,-1.7583952449394142
23.986993496748376,-1.7990494721271428
24.0120060030015,-1.7605910853963822
24.037018509254626,-1.7034898498568605
24.062031015507753,-1.6581751370811986
24.08704352176088,-1.690220321451684
24.112056028014006,-1.690980513012958
24.137068534267133,-1.6714328043222777
24.16208104052026,-1.5841251642055543
24.187093546773387,-1.5751767702975457
24.212106053026513,-1.5788976928617773
24.23711855927964,-1.4652772499306175
24.262131065532767,-1.5281369993347689
24.287143571785894,-1.4733978666486396
24.31215607803902,-1.4520925109686535
24.337168584292147,-1.3751625664816622
24.362181090545274,-1.3240010583682116
24.3871935967984,-1.3385905526650046
24.412206103051524,-1.3115142886026765
24.43721860930465,-1.254163216708596
24.462231115557778,-1.2281392347475137
24.487243621810904,-1.1058476647951019
24.51225612806403,-1.151716128134233
24.537268634317158,-1.0953441535127837
24.562281140570285,-1.075438805453671
24.58729364682341,-0.980061766068447
24.61230615307654,-0.9317304828172793
24.637318659329665,-0.9037782474182136
24.662331165582792,-0.8499886174372981
24.68734367183592,-0.8462446428088047
24.712356178089045,-0.8028290171918886
24.737368684342172,-0.6766577772457373
24.7623811905953,-0.7036938464469084
24.787393696848426,-0.6035376233354958
24.81240620310155,-0.60691484463413
24.837418709354676,-0.5321614573277815
24.862431215607803,-0.5060881221827843
24.88744372186093,-0.41594428050370236
24.912456228114056,-0.38626611574577324
24.937468734367183,-0.3355662893524113
24.96248124062031,-0.24987291003326734
24.987493746873437,-0.23415865779258682
25.012506253126563,-0.15444170151342912
25.03751875937969,-0.15718990774438482
25.062531265632817,-0.11935162004811675
25.087543771885944,0.000996971298333968
25.11255627813907,-0.018953150963889696
25.137568784392197,0.07937459206183232
25.162581290645324,0.15521474412478858
25.18759379689845,0.16289198415346626
25.212606303151574,0.23489171064348485
25.2376188094047,0.22485157897563077
25.262631315657828,0.3551214015307004
25.287643821910955,0.3897090194507473
25.31265632816408,0.4373772156407512
25.337668834417208,0.4742984082818275
25.362681340670335,0.4742582596289683
25.38769384692346,0.5149223310168018
25.41270635317659,0.616804842056523
25.437718859429715,0.6015614180451541
25.462731365682842,0.7457186224396357
25.48774387193597,0.765137449136427
25.512756378189096,0.7937098579097153
25.537768884442222,0.8503156642915507
25.56278139069535,0.877593336981422
25.587793896948476,0.9653226098814419
25.6128064032016,1.0038074996705673
25.637818909454726,1.02052636560695
25.662831415707853,1.046312362648502
25.68784392196098,1.085223201041285
25.712856428214106,1.1845737152657492
25.737868934467233,1.2338374240216492
25.76288144072036,1.187880458049505
25.787893946973487,1.227267535909669
25.812906453226613,1.3427586635836601
25.83791895947974,1.3558101223834282
25.862931465732867,1.3739942313953453
25.887943971985994,1.413026322972473
25.91295647823912,1.4893570081257919
25.937968984492247,1.4813880826515846
25.962981490745374,1.575120489901779
25.9879939969985,1.5729365503895378
26.013006503251624,1.5927066340788107
26.03801900950475,1.6154458798545623
26.063031515757878,1.6271681619136629
26.088044022011005,1.6555828585320367
26.11305652826413,1.7462992187993664
26.138069034517258,1.7372538775683848
26.163081540770385,1.785243320590443
26.18809404702351,1.7511712538661932
26.21310655327664,1.8351714180246053
26.238119059529765,1.801464982942179
26.263131565782892,1.8537043216419042
26.28814407203602,1.9293914745093947
26.313156578289146,1.9252754197904782
26.338169084542272,1.893120538602097
26.3631815907954,1.8859404181377628
26.388194097048526,1.997811143902796
26.41320660330165,1.925409953088125
26.438219109554776,1.9767148072105836
26.463231615807903,1.983488652459891
26.48824412206103,2.0358111631141043
26.513256628314156,1.965874518613295
26.538269134567283,1.9940456432903715
26.56328164082041,2.065709581422425
26.588294147073537,2.0167069164322653
26.613306653326664,2.064708945859554
26.63831915957979,2.0086892599376425
26.663331665832917,2.077434936985472
26.688344172086044,2.0087392025954767
26.71335667833917,2.0413315115696524
26.738369184592298,2.021067159055509
26.763381690845424,2.038266323964634
26.788394197098548,2.0501576987427717
26.813406703351674,2.0599872073317442
26.8384192096048,2.074586470124553
26.863431715857928,2.056362817448819
26.888444222111055,1.981048353272404
26.91345672836418,1.9580329457394603
26.93846923461731,2.0094614465126193
26.963481740870435,1.9939985412535437
26.988494247123562,1.9242657213661376
27.01350675337669,1.9525270161460362
27.038519259629815,1.974630474989196
27.063531765882942,1.8799372445143023
27.08854427213607,1.9030796928784222
27.113556778389196,1.9325411436895668
27.138569284642323,1.8319133417140976
27.16358179089545,1.797011342085293
27.188594297148573,1.8125131764896534
27.2136068034017,1.749988109379681
27.238619309654826,1.8199826864607933
27.263631815907953,1.7332341174942894
27.28864432216108,1.7083064131254238
27.313656828414207,1.657905384113485
27.338669334667333,1.7095182351713345
27.36368184092046,1.6082223424497741
27.388694347173587,1.6410360704833036
27.413706853426714,1.5340421338066876
27.43871935967984,1.580529788622414
27.463731865932967,1.493756121531257
27.488744372186094,1.5101757804680853
27.51375687843922,1.4435590396229938
27.538769384692348,1.417021665361297
27.563781890945474,1.384683945775062
27.588794397198598,1.2891608173738374
27.613806903451724,1.277719052873394
27.63881940970485,1.243648827403938
27.663831915957978,1.1675493174965519
27.688844422211105,1.150594110368437
27.71385692846423,1.1108589916751543
27.73886943471736,1.077312132154942
27.763881940970485,1.0136915048473503
27.788894447223612,0.989818013952575
27.81390695347674,0.9263883777512784
27.838919459729865,0.8585929331963134
27.863931965982992,0.8161391833406756
27.88894447223612,0.8343974148899234
27.913956978489246,0.764864402572441
27.938969484742373,0.6967880818780823
27.9639819909955,0.6169225730889037
27.988994497248623,0.5829770337758471
28.01400700350175,0.5179700530566128
28.039019509754876,0.4843753835717201
28.064032016008003,0.5056506335559952
28.08904452226113,0.4046395901279802
28.114057028514257,0.3507714608306609
28.139069534767383,0.2977122715196759
28.16408204102051,0.24078178116573096
28.189094547273637,0.20096478834350118
28.214107053526764,0.15782584069513642
28.23911955977989,0.09135522172678277
28.264132066033017,0.030086172744498763
28.289144572286144,0.0059165164959830395
28.31415707853927,-0.05252254268453843
28.339169584792398,-0.12438859925890944
28.364182091045524,-0.15859935546517034
28.389194597298648,-0.21120659358753496
28.414207103551774,-0.26097857752930886
28.4392196098049,-0.23321619957913914
28.464232116058028,-0.3067883028566849
28.489244622311155,-0.42296860382183304
28.51425712856428,-0.3889915095700587
28.53926963481741,-0.4305515163036322
28.564282141070535,-0.4988100042948101
28.589294647323662,-0.6083289970798936
28.61430715357679,-0.5797757156572549
28.639319659829916,-0.6308533430699527
28.664332166083042,-0.7038057955348187
28.68934467233617,-0.7176107282911954
28.714357178589296,-0.8058372974130518
28.739369684842423,-0.8675447949045446
28.76438219109555,-0.8945093792899297
28.789394697348673,-0.9241724289681367
28.8144072036018,-0.9949866353403571
28.839419709854926,-1.0209465636842685
28.864432216108053,-1.034657646035239
28.88944472236118,-1.0928889151990189
28.914457228614307,-1.1127937839107007
28.939469734867433,-1.1657210825883209
28.96448224112056,-1.1992289625734975
28.989494747373687,-1.2254810094638837
29.014507253626814,-1.337767389115841
29.03951975987994,-1.3025118370896904
29.064532266133067,-1.369137324158678
29.089544772386194,-1.453886625114037
29.11455727863932,-1.409060565948302
29.139569784892448,-1.4280362149650772
29.164582291145575,-1.5365012088157157
29.189594797398698,-1.5592794874617266
29.214607303651825,-1.523451666207189
29.23961980990495,-1.5969121695400432
29.264632316158078,-1.5815364497882405
29.289644822411205,-1.6366498226096715
29.31465732866433,-1.6542374288964596
29.33966983491746,-1.72154451101943
29.364682341170585,-1.7524554182496266
29.389694847423712,-1.7039756314082752
29.41470735367684,-1.7821584861126045
29.439719859929966,-1.743010046878187
29.464732366183092,-1.7663612817930237
29.48974487243622,-1.858538225781606
29.514757378689346,-1.8229114289272441
29.539769884942473,-1.8731136871949274
29.564782391195596,-1.8614930597217134
29.589794897448723,-1.8739692857803996
29.61480740370185,-1.9333735103090088
29.639819909954976,-1.8994807546034909
29.664832416208103,-1.9596660755812103
29.68984492246123,-1.9051272775919628
29.714857428714357,-1.9260376682988398
29.739869934967484,-1.896598487296982
29.76488244122061,-1.9908741936413865
29.789894947473737,-1.9572061900566862
29.814907453726864,-1.9447450657787853
29.83991995997999,-1.9485244254844933
29.864932466233117,-1.9736401027652826
29.889944972486244,-1.920470873690871
29.91495747873937,-1.9800562523650518
29.939969984992498,-1.9579660854827936
29.96498249124562,-1.9696202245890047
29.989994997498748,-1.8791171442946664
30.015007503751875,-1.8912925618062406
30.040020010005,-1.9363975167236616
30.06503251625813,-1.8840464271396584
30.090045022511255,-1.9267023759762973
30.115057528764382,-1.9217395641891444
30.14007003501751,-1.890561921770509
30.165082541270635,-1.8100743637865793
30.190095047523762,-1.7930570310274017
30.21510755377689,-1.7933342185120271
30.240120060030016,-1.7515588934205084
30.265132566283143,-1.7683832745047434
30.29014507253627,-1.798565444879333
30.315157578789396,-1.7307536129023449
30.340170085042523,-1.6664280613296438
30.365182591295646,-1.7323020957716948
30.390195097548773,-1.6354170003326025
30.4152076038019,-1.6621238694709934
30.440220110055026,-1.5638366318674952
30.465232616308153,-1.6199273103446927
30.49024512256128,-1.5419769159189693
30.515257628814407,-1.4881050449441569
30.540270135067534,-1.4395420076229932
30.56528264132066,-1.4723891182205635
30.590295147573787,-1.430176381460648
30.615307653826914,-1.3372955819585024
30.64032016008004,-1.364226014461271
30.665332666333168,-1.2737273189059215
30.690345172586294,-1.2775508361274712
30.71535767883942,-1.2731256189467688
30.740370185092548,-1.181835256475407
30.76538269134567,-1.1930955941300256
30.790395197598798,-1.1242266573977824
30.815407703851925,-1.1157822448063435
30.84042021010505,-0.9912557914496382
30.86543271635818,-0.9679378839338145
30.890445222611305,-0.980782896346499
30.915457728864432,-0.9531842754785533
30.94047023511756,-0.8403875091858614
30.965482741370685,-0.8512370986301928
30.990495247623812,-0.7396935561400986
31.01550775387694,-0.7782838905046068
31.040520260130066,-0.714607308271065
31.065532766383193,-0.6614732145585324
31.09054527263632,-0.6043616015567164
31.115557778889446,-0.4947730578277456
31.140570285142573,-0.5044360010819583
31.165582791395696,-0.4822115254476488
31.190595297648823,-0.4450051026531271
31.21560780390195,-0.3111614519430654
31.240620310155077,-0.31299038290294195
31.265632816408203,-0.2745626021314621
31.29064532266133,-0.15268550234324527
31.315657828914457,-0.12173417586956067
31.340670335167584,-0.11006119841613154
31.36568284142071,-0.038726888626891304
31.390695347673837,-0.007563222955212709
31.415707853926964,0.032398020261898614
31.44072036018009,0.07132025250665376
31.465732866433218,0.15699398479171167
31.490745372686344,0.15281113003171798
31.51575787893947,0.2685735238342438
31.540770385192598,0.28995822172749686
31.56578289144572,0.30379438465527886
31.590795397698848,0.3561355662802474
31.615807903951975,0.4418799289158577
31.6408204102051,0.48621340325454687
31.66583291645823,0.5306222287566085
31.690845422711355,0.5829764715644337
31.715857928964482,0.618004328287268
31.74087043521761,0.6581180471066785
31.765882941470736,0.7151513916296389
31.790895447723862,0.805758645936782
31.81590795397699,0.8613250769634597
31.840920460230116,0.9039209678338614
31.865932966483243,0.8951514400906101
31.89094547273637,0.978810975940646
31.915957978989496,0.9967253351900388
31.940970485242623,1.0973953264032155
31.965982991495746,1.1163824229835684
31.990995497748873,1.1367195081666728
32.016008004002,1.1422460261905354
32.04102051025513,1.2052343267275991
32.06603301650826,1.2737740488946905
32.091045522761384,1.315304308613963
32.11605802901451,1.381217833838458
32.14107053526764,1.3665554375923912
32.16608304152076,1.3813327347117494
32.191095547773884,1.4688842304263323
32.21610805402701,1.469629309048409
32.24112056028014,1.4860919007149143
32.266133066533264,1.5167004152890642
32.29114557278639,1.627255640188522
32.31615807903952,1.6559227163651422
32.341170585292645,1.679772760336505
32.36618309154577,1.6805470706566086
32.3911955977989,1.6995354239526104
32.416208104052025,1.7152791814737316
32.44122061030515,1.783763809393337
32.46623311655828,1.8296333022373206
32.491245622811405,1.804691092055461
32.51625812906453,1.809741296000426
32.54127063531766,1.8279866931352111
32.566283141570786,1.869564654497006
32.59129564782391,1.890033456829448
32.61630815407704,1.8959373775152537
32.641320660330166,1.9489949352891305
32.66633316658329,1.9072255778792262
32.69134567283642,1.989265651005989
32.716358179089546,1.9978544965327367
32.74137068534267,1.986287241909473
32.7663831915958,1.9837958106919507
32.79139569784893,2.05675462858661
32.81640820410205,1.9712814411538289
32.84142071035518,2.0771951638743205
32.86643321660831,2.0757837279853932
32.891445722861434,2.030131422391336
32.91645822911456,2.0378046171571893
32.94147073536768,2.0028654516816915
32.96648324162081,2.0238904152912656
32.991495747873934,2.060055491311804
33.01650825412706,2.0330721475036437
33.04152076038019,2.01919390438585
33.066533266633314,2.0323947985391944
33.09154577288644,1.9891997428237742
33.11655827913957,2.053271526195319
33.141570785392695,2.0494300577191855
33.16658329164582,2.0598769589713193
33.19159579789895,2.010126415564344
33.216608304152075,1.9631422766292723
33.2416208104052,2.0033766476417734
33.26663331665833,1.9892170838810856
33.291645822911455,1.977528369976597
33.31665832916458,1.920668532992207
33.34167083541771,1.9323639326352373
33.366683341670836,1.8937981339093295
33.39169584792396,1.9300366676004637
33.41670835417709,1.8773258428963748
33.441720860430216,1.8005179517804668
33.46673336668334,1.842399176347633
33.49174587293647,1.8230773137810063
33.516758379189596,1.7448332175692793
33.54177088544272,1.7071056901272017
33.56678339169585,1.7647747409583359
33.59179589794898,1.7191862145164354
33.616808404202104,1.6309919247492122
33.64182091045523,1.642265081570173
33.66683341670836,1.62752763677302
33.691845922961484,1.5832124103889633
33.71685842921461,1.5428778633371112
33.74187093546773,1.478989863346994
33.76688344172086,1.4324169294209368
33.791895947973984,1.4749372202283881
33.81690845422711,1.445128345598673
33.84192096048024,1.3188527793203972
33.866933466733364,1.3692690690464873
33.89194597298649,1.2772955589221964
33.91695847923962,1.1986741385067046
33.941970985492745,1.196637885821691
33.96698349174587,1.1950097999652765
33.991995997999,1.1440151064185369
34.017008504252125,1.1123974772492364
34.04202101050525,1.0735570379286457
34.06703351675838,0.9868555620568396
34.092046023011505,0.9925217659868117
34.11705852926463,0.9093400147263102
34.14207103551776,0.8182988172101606
34.167083541770886,0.7705883684277692
34.19209604802401,0.8043381507679725
34.21710855427714,0.6987209290291508
34.242121060530266,0.6843482770440112
34.26713356678339,0.5802432744786152
34.29214607303652,0.5622673260584107
34.31715857928965,0.5404822534549099
34.34217108554277,0.48281422865310053
34.3671835917959,0.44776586120881534
34.39219609804903,0.4199309472270065
34.417208604302154,0.3032088909468194
34.44222111055528,0.3162782981155756
34.46723361680841,0.25137267391761614
34.492246123061534,0.16438098280771812
34.51725862931466,0.1367853046379171
34.54227113556778,0.030636543160472755
34.56728364182091,0.034296351424276075
34.592296148074034,-0.06747310741234921
34.61730865432716,-0.03808771677601058
34.64232116058029,-0.08982673548319157
34.667333666833414,-0.20471543096539527
34.69234617308654,-0.2614789663374784
34.71735867933967,-0.27340824628847515
34.742371185592795,-0.2881272832687001
34.76738369184592,-0.3746206212390218
34.79239619809905,-0.4370885917700902
34.817408704352175,-0.41513519652149633
34.8424212106053,-0.5604014062394136
34.86743371685843,-0.5309824504859542
34.892446223111556,-0.5767398785774885
34.91745872936468,-0.6320425731349333
34.94247123561781,-0.7331125256143808
34.967483741870936,-0.7011724150992479
34.99249624812406,-0.8248305230804857
35.01750875437719,-0.8548574823280554
35.042521260630316,-0.9212241810064277
35.06753376688344,-0.9357286812530489
35.09254627313657,-1.0017567735157134
35.1175587793897,-1.0611604172123528
35.14257128564282,-1.0816257415198072
35.16758379189595,-1.1336081133914928
35.19259629814908,-1.1119212754285153
35.217608804402204,-1.2095132234341264
35.24262131065533,-1.2223897387424514
35.26763381690846,-1.2533578683819908
35.292646323161584,-1.3156219685346788
35.317658829414704,-1.3527814687924138
35.34267133566783,-1.3653971825413227
35.36768384192096,-1.4002474245876932
35.392696348174084,-1.4157916599525955
35.41770885442721,-1.4722970005297442
35.44272136068034,-1.507299481580838
35.467733866933465,-1.516569975226256
35.49274637318659,-1.5705669557559097
35.51775887943972,-1.5871919128990497
35.542771385692845,-1.5764712935241847
35.56778389194597,-1.634809626459748
35.5927963981991,-1.6856684990259496
35.617808904452225,-1.6615490753398994
35.64282141070535,-1.7664775623678541
35.66783391695848,-1.7341566376280388
35.692846423211606,-1.7508089980054617
35.71785892946473,-1.7807705235272189
35.74287143571786,-1.7611774388134784
35.767883941970986,-1.8593795492823584
35.79289644822411,-1.8879485327680732
35.81790895447724,-1.8055957308216377
35.842921460730366,-1.8236991608264013
35.86793396698349,-1.9048829807385914
35.89294647323662,-1.9128157874339886
35.91795897948975,-1.9222187832376973
35.94297148574287,-1.9350694054704387
35.967983991996,-1.8755668855401098
35.99299649824913,-1.9274126166831032
36.018009004502254,-1.926243473704046
36.04302151075538,-1.9754047614035013
36.06803401700851,-1.966149855192846
36.093046523261634,-1.9294969399151287
36.118059029514754,-1.9826290322432867
36.14307153576788,-1.9212866202626424
36.16808404202101,-1.9179823240306113
36.193096548274134,-1.944648071754888
36.21810905452726,-1.95493610534596
36.24312156078039,-1.9274268949646653
36.268134067033515,-1.953028622838105
36.29314657328664,-1.9564172618789368
36.31815907953977,-1.9372210973919974
36.343171585792895,-1.887545213233149
36.36818409204602,-1.9067482786739904
36.39319659829915,-1.9115959641084042
36.418209104552275,-1.9083850373163143
36.4432216108054,-1.8420717316606854
36.46823411705853,-1.8449479203373838
36.493246623311656,-1.792885087807043
36.51825912956478,-1.756618070765263
36.54327163581791,-1.779935472773753
36.568284142071036,-1.747522557435908
36.59329664832416,-1.7415620824598184
36.61830915457729,-1.7059550852492464
36.643321660830416,-1.6615164971735374
36.66833416708354,-1.6710475781909395
36.69334667333667,-1.683256308150564
36.7183591795898,-1.6467422945635706
36.743371685842924,-1.633242180228465
36.76838419209605,-1.6009851614757225
36.79339669834918,-1.5717700804876666
36.818409204602304,-1.4842584106391445
36.84342171085543,-1.4727317929979362
36.86843421710856,-1.4242852567536415
36.893446723361684,-1.438802404735041
36.918459229614804,-1.3827349241833513
36.94347173586793,-1.349967665884415
36.96848424212106,-1.2985750972833126
36.993496748374184,-1.2439083542686524
37.01850925462731,-1.2271878237369265
37.04352176088044,-1.1212535030238038
37.068534267133565,-1.0875870354767332
37.09354677338669,-1.0951013363507585
37.11855927963982,-1.0316282400346268
37.143571785892945,-1.029859233014064
37.16858429214607,-0.9328582234233802
37.1935967983992,-0.923343383618699
37.218609304652325,-0.8635580176383799
37.24362181090545,-0.7842945272134135
37.26863431715858,-0.826596648371795
37.293646823411706,-0.7032720681877249
37.31865932966483,-0.6469306486930663
37.34367183591796,-0.6231613880574363
37.368684342171086,-0.5830858291051304
37.39369684842421,-0.530421253483275
37.41870935467734,-0.54352134636848
37.44372186093047,-0.5015602564106726
37.46873436718359,-0.44375658848213273
37.49374687343672,-0.3475404757005707
37.51875937968985,-0.32750571927454913
37.543771885942974,-0.23139211255945974
37.5687843921961,-0.22908239536927885
37.59379689844923,-0.2096003493214946
37.618809404702354,-0.06066949561565567
37.64382191095548,-0.012738245429130393
37.66883441720861,-0.03530251899797282
37.693846923461734,0.0423712789096492
37.718859429714854,0.08635516273450067
37.74387193596798,0.15674866015298627
37.76888444222111,0.19839684418332088
37.793896948474234,0.19631116589616213
37.81890945472736,0.2983699602945779
37.84392196098049,0.3679158274213061
37.868934467233615,0.3383706219439169
37.89394697348674,0.3925306150937923
37.91895947973987,0.5078748215550123
37.943971985992995,0.5705092333845083
37.96898449224612,0.5747204419698818
37.99399699849925,0.6414505047487554
38.019009504752376,0.6506396175002279
38.0440220110055,0.7157370878554187
38.06903451725863,0.7765740827513291
38.094047023511756,0.7729751949209686
38.11905952976488,0.8302631433473668
38.14407203601801,0.8753573884213697
38.169084542271136,0.96421324500154
38.19409704852426,0.9763186542199086
38.21910955477739,1.0791476378675373
38.24412206103052,1.073051356277927
38.26913456728364,1.1454759054830188
38.29414707353677,1.1405313127591343
38.3191595797899,1.243264931809618
38.344172086043024,1.2168661178655362
38.36918459229615,1.256074215070195
38.39419709854928,1.297955912598732
38.419209604802404,1.3942049067871376
38.44422211105553,1.3862182557317706
38.46923461730866,1.471869801212582
38.49424712356178,1.4618664978586844
38.519259629814904,1.5282963716748847
38.54427213606803,1.5754179151108985
38.56928464232116,1.5387056911283652
38.594297148574285,1.597768696899429
38.61930965482741,1.6254778310161464
38.64432216108054,1.6837029685831695
38.669334667333665,1.719121164992546
38.69434717358679,1.7327020525717662
38.71935967983992,1.7706628302271497
38.744372186093045,1.7676159685511017
38.76938469234617,1.8429669513593536
38.7943971985993,1.7817406078927012
38.819409704852426,1.8982976556904823
38.84442221110555,1.8865866111000928
38.86943471735868,1.8754456374235602
38.894447223611806,1.9272658603597224
38.91945972986493,1.9774623219192102
38.94447223611806,1.9808975218246203
38.969484742371186,1.9267746065998006
38.99449724862431,1.9817851633910684
39.01950975487744,1.987131492588802
39.04452226113057,1.949502304661843
39.06953476738369,2.052413859422768
39.09454727363682,2.0511960406638234
39.11955977988995,2.038562650491788
39.144572286143074,2.048313261598405
39.1695847923962,2.0517132116880674
39.19459729864933,2.0923581701233407
39.219609804902454,2.007016820187325
39.24462231115558,2.0265379241656727
39.26963481740871,2.002883148145843
39.29464732366183,2.0018546948229847
39.319659829914954,2.075844952781143
39.34467233616808,2.0042445651688894
39.36968484242121,2.068166505635329
39.394697348674335,2.004700918351425
39.41970985492746,2.073497600935799
39.44472236118059,2.0693541781197045
39.469734867433715,1.99618328705548
39.49474737368684,1.967544364892268
39.51975987993997,1.9412930035191913
39.544772386193095,1.9513604958379118
39.56978489244622,2.0090472008088214
39.59479739869935,1.9203447277664782
39.619809904952476,1.9456524543332014
39.6448224112056,1.9438670283297015
39.66983491745873,1.8483240732713793
39.694847423711856,1.8983558306852049
39.71985992996498,1.8133801255157929
39.74487243621811,1.7790891192196052
39.769884942471236,1.807981511164033
39.79489744872436,1.7478049812361087
39.81990995497749,1.7815779710519184
39.84492246123062,1.7311813283657165
39.86993496748374,1.6863678620185152
39.89494747373687,1.7059992150539962
39.91995997999,1.6133183976913748
39.944972486243124,1.605015294480216
39.96998499249625,1.6141937488778115
39.99499749874938,1.5424063661853566
40.020010005002504,1.5209852862568027
40.04502251125563,1.4334372171484155
40.07003501750876,1.4147546559929474
40.09504752376188,1.412190147416287
40.120060030015004,1.3880928373040857
40.14507253626813,1.3665054343898133
40.17008504252126,1.318135497149119
40.195097548774385,1.239231750477136
40.22011005502751,1.166430884234964
40.24512256128064,1.2154077168944342
40.270135067533765,1.175033398116719
40.29514757378689,1.098653319656613
40.32016008004002,1.092674823547494
40.345172586293145,0.990901600991898
40.37018509254627,0.9351083814834996
40.3951975987994,0.9195971701118881
40.420210105052526,0.830553482198301
40.44522261130565,0.781216766797639
40.47023511755878,0.8071731187923208
40.495247623811906,0.715085484210328
40.52026013006503,0.6932378048320141
40.54527263631816,0.6716053879653952
40.57028514257129,0.6191866468462252
40.59529764882441,0.5464984297268896
40.62031015507754,0.4581504718114746
40.64532266133067,0.4190129866093062
40.670335167583794,0.37147188594017394
40.69534767383692,0.3787194886786243
40.72036018009005,0.27318822486702293
40.745372686343174,0.2562593707759298
40.7703851925963,0.16993443519137968
40.79539769884943,0.16511083027539397
40.820410205102554,0.08510456577917544
40.84542271135568,0.06101211433282271
40.87043521760881,-0.012235766495236576
40.89544772386193,-0.024188643526640616
40.920460230115054,-0.14975172034941447
40.94547273636818,-0.11602521048543837
40.97048524262131,-0.16384101305531523
40.995497748874435,-0.23655603789125607
41.02051025512756,-0.33750723890865075
41.04552276138069,-0.3790469497653393
41.070535267633815,-0.3556561484945042
41.09554777388694,-0.47852954845468487
41.12056028014007,-0.46096506211588273
41.145572786393195,-0.5089731589979033
41.17058529264632,-0.6106553026390915
41.19559779889945,-0.6899908228160117
41.220610305152576,-0.6719242366857721
41.2456228114057,-0.7131927203202509
41.27063531765883,-0.804002117279588
41.295647823911956,-0.8743755333655515
41.32066033016508,-0.8997509340303261
41.34567283641821,-0.9364792653614438
41.37068534267134,-0.9502918986593897
41.39569784892446,-0.9859629068559278
41.42071035517759,-1.068359370669364
41.44572286143072,-1.0933494557399546
41.470735367683844,-1.098490047078787
41.49574787393697,-1.1423303704829715
41.5207603801901,-1.1731204860000788
41.545772886443224,-1.214548529944491
41.57078539269635,-1.2517226222423687
41.59579789894948,-1.3464249278470255
41.620810405202604,-1.3392002301035426
41.64582291145573,-1.3840346836565576
41.67083541770885,-1.47183490602027
41.69584792396198,-1.4644511507305964
41.720860430215104,-1.523266896831215
41.74587293646823,-1.5081929654598198
41.77088544272136,-1.5785996167117813
41.795897948974485,-1.5735539471991464
41.82091045522761,-1.6362767354958856
41.84592296148074,-1.6281455805007827
41.870935467733865,-1.6765767848065334
41.89594797398699,-1.7036023204752324
41.92096048024012,-1.6964401416916424
41.945972986493246,-1.6994431894343327
41.97098549274637,-1.7907609749563311
41.9959979989995,-1.817398686293387
42.021010505252626,-1.8237342626228978
42.04602301150575,-1.8169828176951701
42.07103551775888,-1.856985437926649
42.096048024012006,-1.8513947781491962
42.12106053026513,-1.8872711022416517
42.14607303651826,-1.8482414670851066
42.17108554277139,-1.9024338722201262
42.19609804902451,-1.8542890511756864
42.22111055527764,-1.8989687194056692
42.24612306153077,-1.8945491515114778
42.271135567783894,-1.972381916521913
42.29614807403702,-1.9584252447991863
42.32116058029015,-1.9878359295555583
42.346173086543274,-1.8970212208951884
42.3711855927964,-1.9498517075629505
42.39619809904953,-1.9671105648660656
42.421210605302655,-1.9430769802015186
42.44622311155578,-1.995494524549594
42.4712356178089,-1.9776068407249772
42.49624812406203,-1.9605093593739675
42.521260630315155,-1.9484705830475366
42.54627313656828,-1.9051064868009355
42.57128564282141,-1.9182385498445553
42.596298149074535,-1.9473644736609959
42.62131065532766,-1.8607692447561792
42.64632316158079,-1.9217774725962682
42.671335667833915,-1.8859559609516174
42.69634817408704,-1.879194010694389
42.72136068034017,-1.8227066448242284
42.746373186593296,-1.8762886440316418
42.77138569284642,-1.807012172312005
42.79639819909955,-1.790621252155621
42.821410705352676,-1.8252775252471194
42.8464232116058,-1.7178690764124975
42.87143571785893,-1.7666431584075863
42.896448224112056,-1.7334532864172272
42.92146073036518,-1.6744602662908834
42.94647323661831,-1.6660563371366415
42.97148574287144,-1.6570255648448518
42.99649824912456,-1.662206454881332
43.02151075537769,-1.5594489159933769
43.04652326163082,-1.5245199416776043
43.071535767883944,-1.5388421276215172
43.09654827413707,-1.5299914055375519
43.1215607803902,-1.478774513159335
43.146573286643324,-1.4495843691928694
43.17158579289645,-1.4077890282049366
43.19659829914958,-1.3945090303467027
43.221610805402705,-1.3032501150978568
43.24662331165583,-1.3073518051764883
43.27163581790895,-1.270129594953506
43.29664832416208,-1.2265003861589487
43.321660830415205,-1.2016819518708564
43.34667333666833,-1.1526638096084356
43.37168584292146,-1.0662536393821358
43.396698349174585,-1.0661128553203911
43.42171085542771,-1.0190443785891272
43.44672336168084,-0.9259533893362448
43.471735867933965,-0.8971939682927296
43.49674837418709,-0.9026664937034501
43.52176088044022,-0.8608161722685141
43.546773386693346,-0.7973246684037045
43.57178589294647,-0.7646610815106016
43.5967983991996,-0.693191801422226
43.621810905452726,-0.639154108509874
43.64682341170585,-0.5718559417082114
43.67183591795898,-0.5531406497208802
43.69684842421211,-0.5395796914082012
43.72186093046523,-0.453920842309026
43.74687343671836,-0.3755321417539901
43.77188594297149,-0.3275680598990389
43.796898449224614,-0.2793196149712391
43.82191095547774,-0.23905703324990776
43.84692346173087,-0.22177976812782135
43.871935967983994,-0.14205568847307948
43.89694847423712,-0.0711150247964721
43.92196098049025,-0.07781571349769799
43.946973486743374,0.003433194886314564
43.9719859929965,0.03035510218288595
43.99699849924963,0.03967644806719099
44.022011005502755,0.1228801929669022
44.04702351175588,0.18421338014798977
44.072036018009,0.1825370810512268
44.09704852426213,0.3085186732526257
44.122061030515255,0.3272242159264275
44.14707353676838,0.3725008894338908
44.17208604302151,0.45420711182705853
44.197098549274635,0.4656836418017341
44.22211105552776,0.48930414770041286
44.24712356178089,0.5776104156931737
44.272136068034015,0.6151408567027971
44.29714857428714,0.6872551202748451
44.32216108054027,0.7550330772149336
44.347173586793396,0.7492385769391532
44.37218609304652,0.7872345396187717
44.39719859929965,0.841268416403723
44.422211105552776,0.8854587872630109
44.4472236118059,0.9775138774736409
44.47223611805903,0.9823229634523966
44.49724862431216,1.0670096915546272
44.52226113056528,1.0375497497747026
44.54727363681841,1.1219075999952333
44.57228614307154,1.197844929395211
44.597298649324664,1.2043927507210057
44.62231115557779,1.1951186822826674
44.64732366183092,1.2488412411140217
44.672336168084044,1.3686466967391762
44.69734867433717,1.327243674918245
44.7223611805903,1.3612653474860097
44.747373686843424,1.4533751718381773
44.77238619309655,1.4478243046883486
44.79739869934968,1.498344183386522
44.822411205602805,1.5516586411124387
44.847423711855924,1.533535144539193
44.87243621810905,1.5735005103607207
44.89744872436218,1.6582161493458794
44.922461230615305,1.6458906324844915
44.94747373686843,1.6900302372070333
44.97248624312156,1.7211662524567206
44.997498749374685,1.720710828799405
45.02251125562781,1.8167823426709404
45.04752376188094,1.8428852816091763
45.072536268134066,1.7883477516632862
45.09754877438719,1.8587168191630905
45.12256128064032,1.8686468133773069
45.147573786893446,1.9190909739389355
45.17258629314657,1.8589873349189836
45.1975987993997,1.9392215303389175
45.222611305652826,1.9001199305669625
45.24762381190595,1.9992237360230034
45.27263631815908,2.0052061242184216
45.29764882441221,1.960558560729871
45.32266133066533,1.9707001702125757
45.34767383691846,1.9649152808049923
45.37268634317159,2.036664876129552
45.397698849424714,2.073634181251373
45.42271135567784,2.0715188144549965
45.44772386193097,2.0034027040135407
45.472736368184094,2.077546609352108
45.49774887443722,2.0456535412280594
45.52276138069035,2.0303168997297507
45.547773886943475,2.061979559572433
45.5727863931966,2.08282807087644
45.59779889944973,2.0703243160494376
45.622811405702855,2.012016239117481
45.647823911955975,2.0486270958817303
45.6728364182091,2.0352102993540333
45.69784892446223,2.0470212149766773
45.722861430715355,2.0051860460571334
45.74787393696848,2.002213862983054
45.77288644322161,2.0195615115925554
45.797898949474735,2.016674383448069
45.82291145572786,1.9604679941779612
45.84792396198099,1.9202860663703394
45.872936468234116,1.9057474148064197
45.89794897448724,1.9455630260496473
45.92296148074037,1.9251778129231691
45.947973986993496,1.8906844442758377
45.97298649324662,1.9088478727651785
45.99799899949975,1.8272704490173117
46.023011505752876,1.8185329375234787
46.048024012006,1.8354730539060022
46.07303651825913,1.812592393875525
46.09804902451226,1.7489328663247286
46.12306153076538,1.7020544231107821
46.14807403701851,1.7510052614650453
46.17308654327164,1.6699040143513544
46.198099049524764,1.6331212895358416
46.22311155577789,1.632385039015179
46.24812406203102,1.5441452308323
46.273136568284144,1.577070991797238
46.29814907453727,1.5236726329327408
46.3231615807904,1.4434193027006472
46.348174087043525,1.4282561921620802
46.37318659329665,1.4633000095236737
46.39819909954978,1.4056460484464954
46.423211605802905,1.3306067854622543
46.448224112056025,1.3394743437088743
46.47323661830915,1.244675365497016
46.49824912456228,1.1884169017118569
46.523261630815405,1.1555586506373832
46.54827413706853,1.1416432787621411
46.57328664332166,1.0765118150637547
46.598299149574785,1.0930089994783407
46.62331165582791,0.9671238734436656
46.64832416208104,0.9863904143309727
46.673336668334166,0.8949245179406438
46.69834917458729,0.8754000729289617
46.72336168084042,0.7838885462731927
46.748374187093546,0.7450993661131845
46.77338669334667,0.7281198495169573
46.7983991995998,0.6661035010870688
46.823411705852926,0.6893305047454634
46.84842421210605,0.5616341193521438
46.87343671835918,0.5094606124104486
46.89844922461231,0.48326355396143206
46.923461730865434,0.4597966947028659
46.94847423711856,0.3821349122817724
46.97348674337169,0.3025990632870345
46.998499249624814,0.29022856355453575
47.02351175587794,0.23421445809518232
47.04852426213107,0.19234407883209814
47.073536768384194,0.17444764076906563
47.09854927463732,0.08563503321152446
47.12356178089045,0.05458613443325751
47.148574287143575,-0.025288350067992744
47.1735867933967,-0.04326531579565514
47.19859929964983,-0.12242785041114124
47.22361180590295,-0.1222916567107313
47.248624312156075,-0.24464212197776186
47.2736368184092,-0.26967736433139333
47.29864932466233,-0.31145642401256934
47.323661830915455,-0.32099585597819996
47.34867433716858,-0.37391408339473964
47.37368684342171,-0.4899476480053608
47.398699349674835,-0.4606798932581905
47.42371185592796,-0.5360657454596945
47.44872436218109,-0.6080073662088233
47.473736868434216,-0.5888374472986432
47.49874937468734,-0.7245202968046492
47.52376188094047,-0.7298045445817083
47.548774387193596,-0.7285299615234421
47.57378689344672,-0.8274622340503799
47.59879939969985,-0.8418492305318024
47.62381190595298,-0.9298373238368629
47.6488244122061,-0.9233719070754168
47.67383691845923,-0.9716680465775579
47.69884942471236,-1.0825918251056987
47.723861930965484,-1.0635971334953747
47.74887443721861,-1.145176270295782
47.77388694347174,-1.1919100896229482
47.798899449724864,-1.1839925064364782
47.82391195597799,-1.1959714353696635
47.84892446223112,-1.2813040108226406
47.873936968484244,-1.3262722883267128
47.89894947473737,-1.3044144506619229
47.9239619809905,-1.413435536144381
47.948974487243625,-1.3771186974732164
47.97398699349675,-1.4058575013170833
47.99899949974988,-1.447304922801226
48.024012006003,-1.4787620204923926
48.049024512256125,-1.5549633145872477
48.07403701850925,-1.581097018574563
48.09904952476238,-1.5860197341565463
48.124062031015505,-1.6477635667782244
48.14907453726863,-1.6583951639259877
48.17408704352176,-1.7211119757455726
48.199099549774886,-1.7461053470221901
48.22411205602801,-1.682822609932278
48.24912456228114,-1.7714950951998967
48.274137068534266,-1.7614085122228933
48.29914957478739,-1.8332406419716727
48.32416208104052,-1.794891396654714
48.349174587293646,-1.836940003506483
48.37418709354677,-1.8211971615960134
48.3991995997999,-1.8821203736889633
48.42421210605303,-1.8648262498358954
48.44922461230615,-1.9261594522930678
48.47423711855928,-1.8585758956155358
48.49924962481241,-1.9183863458316859
48.524262131065534,-1.9026709467953844
48.54927463731866,-1.9656354432087282
48.57428714357179,-1.9759132670938375
48.599299649824914,-1.916803973350305
48.62431215607804,-1.9270008538475483
48.64932466233117,-1.9085836611478544
48.674337168584294,-1.9248203095643592
48.69934967483742,-1.9478666848943669
48.72436218109055,-1.9709410189245236
48.749374687343675,-1.9924928854115964
48.7743871935968,-1.964749578812454
48.79939969984993,-1.9576732800026326
48.82441220610305,-1.9270090959667754
48.849424712356175,-1.9616430915904028
48.8744372186093,-1.9424026688499942
48.89944972486243,-1.8950270272828105
48.924462231115555,-1.8589246014581993
48.94947473736868,-1.9250336070005098
48.97448724362181,-1.8784522490418012
48.999499749874936,-1.8492622472907496
49.02451225612806,-1.8790430560087739
49.04952476238119,-1.8294225554730623
49.074537268634316,-1.8002032529128134
49.09954977488744,-1.8199249475578578
49.12456228114057,-1.796955253747375
49.149574787393696,-1.7016750929105988
49.17458729364682,-1.7391276536393045
49.19959979989995,-1.683133102812748
49.22461230615308,-1.7239526367474378
49.2496248124062,-1.6836649952024723
49.27463731865933,-1.634412584927841
49.29964982491246,-1.5507069829271378
49.324662331165584,-1.5224189162921162
49.34967483741871,-1.5346220259295622
49.37468734367184,-1.516585542289483
49.399699849924964,-1.4259542941458792
49.42471235617809,-1.4408416099963939
49.44972486243122,-1.3933308309378727
49.474737368684345,-1.3382698500898893
49.49974987493747,-1.3419509547381856
49.5247623811906,-1.3278356416712676
49.549774887443725,-1.2630456739812612
49.57478739369685,-1.2665632632954402
49.59979989994998,-1.202209344572317
49.6248124062031,-1.1696212919486801
49.649824912456225,-1.0638912731699426
49.67483741870935,-1.0142668620038446
49.69984992496248,-1.0705595177828027
49.724862431215605,-0.9819120280300773
49.74987493746873,-0.9580225883226205
49.77488744372186,-0.8821073153962435
49.799899949974986,-0.8102045011961034
49.82491245622811,-0.8047165215421668
49.84992496248124,-0.7727134645574019
49.874937468734366,-0.7539390741466772
49.89994997498749,-0.6430946423170799
49.92496248124062,-0.5696922564861919
49.949974987493746,-0.5471977546716044
49.97498749374687,-0.5411683279284785
50.0,-0.5095099892015535
