x,y
0.0,0.046709379597986926
0.02501250625312656,0.08769792115061723
0.05002501250625312,0.1427180853433726
0.0750375187593797,0.15802577657967828
0.10005002501250625,0.2314253216713762
0.12506253126563283,0.3399991107868205
0.1500750375187594,0.30644663408798106
0.17508754377188596,0.36862486041484643
0.2001000500250125,0.4959765111351573
0.22511255627813906,0.5129990919554833
0.25012506253126565,0.5736278929078082
0.2751375687843922,0.6333403026159808
0.3001500750375188,0.6246407818012492
0.32516258129064535,0.6839820728327002
0.3501750875437719,0.6925976101289103
0.3751875937968984,0.8169782656307323
0.400200100050025,0.8356402611726602
0.42521260630315155,0.8707855448656219
0.4502251125562781,0.9348262740137783
0.4752376188094047,0.9205504316801142
0.5002501250625313,1.0563349519483713
0.5252626313156579,1.0335586398203218
0.5502751375687844,1.0590431721874
0.575287643821911,1.1244341896246899
0.6003001500750376,1.2135156368045328
0.6253126563281641,1.2337493093298597
0.6503251625812907,1.2677124066578946
0.6753376688344173,1.3153909296499255
0.7003501750875438,1.29656301739403
0.7253626813406704,1.3670768391466397
0.7503751875937968,1.4346516080516438
0.7753876938469234,1.4602873731299018
0.80040020010005,1.5287350592958657
0.8254127063531765,1.5035199925670302
0.8504252126063031,1.601976585826341
0.8754377188594297,1.62967699032662
0.9004502251125562,1.6222128491492314
0.9254627313656828,1.6405202400489696
0.9504752376188094,1.6819027275836196
0.9754877438719359,1.678620016220443
1.0005002501250626,1.712961459160148
1.0255127563781892,1.7189034259767466
1.0505252626313157,1.831295642134649
1.0755377688844423,1.834866262650713
1.1005502751375689,1.810549927213211
1.1255627813906954,1.8752818781941227
1.150575287643822,1.87521035475536
1.1755877938969486,1.895697893414506
1.2006003001500751,1.899258624510031
1.2256128064032017,1.9021492101551056
1.2506253126563283,1.905914816970734
1.2756378189094548,2.0022173702142263
1.3006503251625814,1.9980297516881986
1.325662831415708,1.9817355322221537
1.3506753376688345,1.9873719363870885
1.375687843921961,1.9696538799174803
1.4007003501750876,2.0544301254475483
1.4257128564282142,2.0136036948290443
1.4507253626813408,2.0122085459726184
1.4757378689344671,2.0834511758006165
1.5007503751875937,2.0546642070289747
1.5257628814407203,2.022368461978758
1.5507753876938468,2.0305669217564883
1.5757878939469734,2.0748066617587413
1.6008004002001,2.0192345784214694
1.6258129064532265,2.047248652544327
1.650825412706353,2.0376809548182204
1.6758379189594796,1.9998575075621445
1.7008504252126062,2.075711788294157
1.7258629314657328,2.0358033301887244
1.7508754377188593,1.9692299160004705
1.775887943971986,2.006489725212004
1.8009004502251125,2.0295515183984416
1.825912956478239,2.0159544334324573
1.8509254627313656,1.9889371638829794
1.8759379689844922,1.9796368107676787
1.9009504752376187,1.8982045413037985
1.9259629814907453,1.9493018237256736
1.9509754877438719,1.95567641698964
1.9759879939969984,1.8821923995117138
2.001000500250125,1.8692346900035886
2.0260130065032516,1.8936548697795126
2.0510255127563783,1.860861967800172
2.0760380190095047,1.8162128810639664
2.1010505252626315,1.7897507644721873
2.126063031515758,1.7941854446075183
2.1510755377688846,1.6744711665274763
2.176088044022011,1.730599914559666
2.2011005502751377,1.7038405589030967
2.226113056528264,1.6489787737875816
2.251125562781391,1.6493405782648174
2.276138069034517,1.5501187826264728
2.301150575287644,1.5216858194815748
2.3261630815407703,1.4855418374914566
2.351175587793897,1.5012533186804236
2.3761880940470235,1.3860985360569067
2.4012006003001503,1.4455879187493625
2.4262131065532766,1.3715502553552879
2.4512256128064034,1.289286728153709
2.4762381190595297,1.283386928871621
2.5012506253126565,1.2435988955148105
2.526263131565783,1.21185596148305
2.5512756378189096,1.121578426444546
2.576288144072036,1.085835607028055
2.6013006503251628,1.0770461342947155
2.626313156578289,0.9862296391663241
2.651325662831416,1.024715716269332
2.6763381690845423,0.9794531330909882
2.701350675337669,0.9304670832920732
2.7263631815907954,0.8103269697942282
2.751375687843922,0.81442182059011
2.7763881940970485,0.7852106834320036
2.8014007003501753,0.6718399720142963
2.8264132066033016,0.6392773317754077
2.8514257128564284,0.5733090206896129
2.8764382191095548,0.6177260705511303
2.9014507253626816,0.5617031726430726
2.926463231615808,0.5107960049528633
2.9514757378689342,0.43595422880182544
2.976488244122061,0.3749091427853921
3.0015007503751874,0.29388062244703234
3.026513256628314,0.23815543160600114
3.0515257628814405,0.18873670076989635
3.0765382691345673,0.16350364235680495
3.1015507753876936,0.14857678106119504
3.1265632816408204,0.11148234144698352
3.1515757878939468,0.04130888755813443
3.1765882941470736,0.007479542798497316
3.2016008004002,-0.08900958791837008
3.2266133066533267,-0.15475128743860783
3.251625812906453,-0.1441072853926062
3.27663831915958,-0.2232946935641944
3.301650825412706,-0.28620557049659784
3.326663331665833,-0.35123341310228956
3.3516758379189593,-0.41362676665119974
3.376688344172086,-0.3933015623820334
3.4017008504252124,-0.4340211730737057
3.426713356678339,-0.466073482838345
3.4517258629314655,-0.5217638418684489
3.4767383691845923,-0.6267941567648309
3.5017508754377187,-0.6375074243473585
3.5267633816908455,-0.7407837202407113
3.551775887943972,-0.7930361003808275
3.5767883941970986,-0.8274313739268098
3.601800900450225,-0.8301285491742515
3.6268134067033517,-0.9085029054413599
3.651825912956478,-0.9174430379920707
3.676838419209605,-0.9440481159597146
3.701850925462731,-0.9639066550532749
3.726863431715858,-1.098058542801979
3.7518759379689843,-1.1151221550011399
3.776888444222111,-1.1054999579253995
3.8019009504752375,-1.166343726814615
3.8269134567283642,-1.1872389210307563
3.8519259629814906,-1.2159220162802358
3.8769384692346174,-1.2548130847117562
3.9019509754877437,-1.3148019772503192
3.9269634817408705,-1.3581021737595351
3.951975987993997,-1.4382428750122112
3.9769884942471236,-1.453149737852833
4.00200100050025,-1.5056341762342467
4.027013506753376,-1.4692026964083262
4.052026013006503,-1.5620665015438895
4.07703851925963,-1.5229257089846804
4.102051025512757,-1.6137887867625502
4.127063531765883,-1.6129282981718993
4.152076038019009,-1.6641505512964625
4.177088544272136,-1.7192291500713617
4.202101050525263,-1.7352182904607352
4.227113556778389,-1.6820911310043747
4.252126063031516,-1.7536063212325879
4.277138569284642,-1.7855582978076523
4.302151075537769,-1.7510673288263952
4.327163581790895,-1.816011047179854
4.352176088044022,-1.8105192730651092
4.377188594297149,-1.8129605115665501
4.4022011005502755,-1.8985815893229179
4.427213606803401,-1.8756659597170937
4.452226113056528,-1.866883882466902
4.477238619309655,-1.9242312636005272
4.502251125562782,-1.9234191855504155
4.527263631815908,-1.923323195896357
4.552276138069034,-1.9413111125424278
4.577288644322161,-1.9109890687166962
4.602301150575288,-1.9734844993788645
4.627313656828414,-1.971436635793304
4.652326163081541,-1.9654203740187735
4.6773386693346675,-1.982225221843217
4.702351175587794,-1.975072716251017
4.72736368184092,-1.9316593180188824
4.752376188094047,-1.9339230166323085
4.777388694347174,-1.8997495056101108
4.8024012006003005,-1.9327778685142134
4.827413706853426,-1.8905446659601974
4.852426213106553,-1.8921678303815765
4.87743871935968,-1.8872467043634296
4.902451225612807,-1.95018887807727
4.927463731865933,-1.943444883351908
4.9524762381190595,-1.9146849526980176
4.977488744372186,-1.9230462394436487
5.002501250625313,-1.8830264819280664
5.027513756878439,-1.847803363206835
5.052526263131566,-1.868508913213886
5.0775387693846925,-1.8235210312659798
5.102551275637819,-1.8273947504331274
5.127563781890945,-1.7303873303500523
5.152576288144072,-1.7694460187766279
5.177588794397199,-1.781599999862264
5.2026013006503256,-1.688171695476679
5.2276138069034515,-1.65841754339846
5.252626313156578,-1.6165877248370868
5.277638819409705,-1.5994866854573118
5.302651325662832,-1.6470033685674026
5.327663831915958,-1.5599246818601469
5.3526763381690845,-1.5777996397759158
5.377688844422211,-1.5675316033909457
5.402701350675338,-1.4567753693035754
5.427713856928464,-1.4523288615976533
5.452726363181591,-1.3810133410747056
5.4777388694347176,-1.3621797144649013
5.502751375687844,-1.353715651630157
5.52776388194097,-1.3303995360773961
5.552776388194097,-1.297035143459932
5.577788894447224,-1.2642877566384318
5.602801400700351,-1.2232935703805983
5.6278139069534765,-1.2107642369118992
5.652826413206603,-1.1011672061576945
5.67783891945973,-1.055794895813306
5.702851425712857,-1.0690924666075003
5.727863931965983,-0.9807610193235186
5.7528764382191095,-1.0086679092258108
5.777888944472236,-0.9440611685691483
5.802901450725363,-0.9188304196133465
5.827913956978489,-0.8253116665121698
5.852926463231616,-0.8016673350930694
5.877938969484743,-0.7394364170398192
5.9029514757378685,-0.674154950284453
5.927963981990995,-0.6324296625250488
5.952976488244122,-0.6004232234638531
5.977988994497249,-0.5181999443340735
6.003001500750375,-0.47798565998587267
6.0280140070035015,-0.4946077774333993
6.053026513256628,-0.3947282623523939
6.078039019509755,-0.361781121202772
6.103051525762881,-0.27825575091933696
6.128064032016008,-0.21709026031624362
6.153076538269135,-0.17161557754342877
6.178089044522261,-0.15756792037480896
6.203101550775387,-0.12706811734042045
6.228114057028514,-0.038111715127414486
6.253126563281641,0.014152467042535172
6.278139069534768,0.03143511837775486
6.3031515757878935,0.0733407075172793
6.32816408204102,0.15070112884618042
6.353176588294147,0.1690577556041612
6.378189094547274,0.2334769320505574
6.4032016008004,0.31111181765328516
6.428214107053527,0.3737234168185116
6.453226613306653,0.38775225546905384
6.47823911955978,0.4341468193305736
6.503251625812906,0.5219193318512707
6.528264132066033,0.5496112407690932
6.55327663831916,0.6053245715153877
6.578289144572286,0.5864355505417992
6.603301650825412,0.6404761124914699
6.628314157078539,0.7590492289739584
6.653326663331666,0.7932830369116063
6.678339169584793,0.8362975473224962
6.703351675837919,0.8906977896907223
6.728364182091045,0.9558282748909553
6.753376688344172,0.9956647189267013
6.778389194597299,1.0386286873482837
6.803401700850425,1.037471797958959
6.828414207103552,1.0514296612851184
6.853426713356678,1.1461673863537738
6.878439219609805,1.1671136829308684
6.903451725862931,1.1840155924817486
6.928464232116058,1.2828181683827946
6.953476738369185,1.2840575037697741
6.9784892446223115,1.337724201655215
7.003501750875437,1.3725860687392992
7.028514257128564,1.42866744093655
7.053526763381691,1.457031213557741
7.078539269634818,1.4788102877252907
7.103551775887944,1.4953555878204585
7.12856428214107,1.5469496241992415
7.153576788394197,1.5549172922059884
7.178589294647324,1.6197494298599575
7.20360180090045,1.6261390849580077
7.228614307153577,1.6868374506018042
7.2536268134067035,1.6585941842528138
7.27863931965983,1.768299606638448
7.303651825912956,1.781965267404835
7.328664332166083,1.7732120070767776
7.35367683841921,1.7745265533501342
7.3786893446723365,1.8605910564024954
7.403701850925462,1.8232313420412805
7.428714357178589,1.833859903500902
7.453726863431716,1.921209646963093
7.478739369684843,1.865182004674193
7.503751875937969,1.9117759290810163
7.5287643821910955,1.9744813965538515
7.553776888444222,1.9150025115491827
7.578789394697349,2.017097047031476
7.603801900950475,2.0332982762043534
7.628814407203602,2.045578060814886
7.6538269134567285,2.058580682620518
7.678839419709855,2.062328765053479
7.703851925962981,2.005524370704082
7.728864432216108,2.0440143504742276
7.753876938469235,2.0316580107674276
7.7788894447223615,2.0147992643997084
7.8039019509754874,2.046142390457534
7.828914457228614,2.010997551377668
7.853926963481741,2.093962244891927
7.878939469734868,2.0686523080009307
7.903951975987994,2.0649700212678868
7.9289644822411205,2.0193106749383736
7.953976988494247,1.9999674976209139
7.978989494747374,2.054068075100868
8.0040020010005,2.0703528738462085
8.029014507253628,1.998863545430286
8.054027013506753,2.025245709069304
8.07903951975988,1.963394286177467
8.104052026013006,1.9555534271572361
8.129064532266133,1.9264335225668545
8.15407703851926,1.9940755113538453
8.179089544772387,1.9206797842058487
8.204102051025513,1.8896056775924588
8.22911455727864,1.9583980421566183
8.254127063531765,1.8877312779283213
8.279139569784892,1.9119867031001267
8.304152076038019,1.8482490908100984
8.329164582291146,1.8236230556475106
8.354177088544272,1.7611934717029998
8.379189594797399,1.7520042353737806
8.404202101050526,1.7513332656821259
8.429214607303653,1.7251214222448075
8.454227113556778,1.7467921375701152
8.479239619809904,1.623925787570488
8.504252126063031,1.599717147569896
8.529264632316158,1.6383708832016866
8.554277138569285,1.5493382457148066
8.579289644822412,1.5312229546084464
8.604302151075538,1.5487807990223557
8.629314657328665,1.4550663014890493
8.65432716358179,1.4180980246901467
8.679339669834917,1.3906027875176452
8.704352176088044,1.3653794135902135
8.72936468234117,1.3693953557075116
8.754377188594297,1.322267141010755
8.779389694847424,1.2664744050880319
8.804402201100551,1.2394870675485947
8.829414707353676,1.1966394092186712
8.854427213606803,1.0942923707519865
8.87943971985993,1.0495270939790515
8.904452226113056,1.0409418514856932
8.929464732366183,1.0101861264789092
8.95447723861931,0.9803700327131734
8.979489744872437,0.9465709758561976
9.004502251125563,0.8872778993908276
9.029514757378688,0.7899348705781253
9.054527263631815,0.7693103166675833
9.079539769884942,0.723254228338329
9.104552276138069,0.6959780875597527
9.129564782391196,0.5861517532215347
9.154577288644322,0.5650270612510485
9.17958979489745,0.5751080519274743
9.204602301150576,0.4986297680495301
9.229614807403701,0.45827351592762056
9.254627313656828,0.3628205128917108
9.279639819909955,0.33016281732479835
9.304652326163081,0.26560449906005246
9.329664832416208,0.2639997062696724
9.354677338669335,0.14833822169820926
9.379689844922462,0.11450656024775208
9.404702351175589,0.06243190829980726
9.429714857428714,0.05442599996075189
9.45472736368184,-0.01654244430531241
9.479739869934967,-0.06392491821557862
9.504752376188094,-0.11767353626249015
9.52976488244122,-0.14027668801164855
9.554777388694347,-0.2183107813704483
9.579789894947474,-0.24637830727715623
9.604802401200601,-0.2839513245139499
9.629814907453726,-0.38320624281929827
9.654827413706853,-0.4524593262335535
9.67983991995998,-0.42436199692676946
9.704852426213106,-0.4959096833042398
9.729864932466233,-0.5511630751187397
9.75487743871936,-0.5983672212825126
9.779889944972487,-0.6079845187165652
9.804902451225614,-0.7184171367337036
9.829914957478739,-0.761135035561301
9.854927463731865,-0.7846137162282182
9.879939969984992,-0.8580970924099204
9.904952476238119,-0.8333174939361413
9.929964982491246,-0.8848985330891785
9.954977488744372,-0.9344782036905461
9.9799899949975,-1.0436242490376386
10.005002501250626,-1.0673261633707827
10.030015007503751,-1.0453650502612994
10.055027513756878,-1.152421010558137
10.080040020010005,-1.2062901280341167
10.105052526263131,-1.2127613462596172
10.130065032516258,-1.2576200295156104
10.155077538769385,-1.3148241495448891
10.180090045022512,-1.2756019931752345
10.205102551275639,-1.3584373926699884
10.230115057528764,-1.420579127468757
10.25512756378189,-1.4632445890098569
10.280140070035017,-1.4602072958534613
10.305152576288144,-1.5239312848431386
10.33016508254127,-1.497925302883777
10.355177588794398,-1.5867143758501023
10.380190095047524,-1.5471775429511943
10.405202601300651,-1.6297201050431884
10.430215107553776,-1.5941343717740042
10.455227613806903,-1.6546466546207832
10.48024012006003,-1.678335044966658
10.505252626313156,-1.7010753252205817
10.530265132566283,-1.7061068808470659
10.55527763881941,-1.7419202415605741
10.580290145072537,-1.8103888785201774
10.605302651325664,-1.7739189936832607
10.630315157578789,-1.8070061306543104
10.655327663831915,-1.8312188295005671
10.680340170085042,-1.8122321760814435
10.705352676338169,-1.8369711125433459
10.730365182591296,-1.8881314018330548
10.755377688844423,-1.8673099136402536
10.78039019509755,-1.9472598278069053
10.805402701350676,-1.8733314650647555
10.830415207603801,-1.9004119990152772
10.855427713856928,-1.9465338577398423
10.880440220110055,-1.9391087098003943
10.905452726363182,-1.9515713845392033
10.930465232616308,-1.9827139900280992
10.955477738869435,-1.9900281632822894
10.980490245122562,-1.9913678022159957
11.005502751375689,-1.9995422820419935
11.030515257628814,-1.9026533278967515
11.05552776388194,-1.9300121119949765
11.080540270135067,-1.9384598646264102
11.105552776388194,-1.9233714802427693
11.13056528264132,-1.9464195082348572
11.155577788894448,-1.9686501353402468
11.180590295147574,-1.8752471173064431
11.205602801400701,-1.8988622377760684
11.230615307653826,-1.8529212596301126
11.255627813906953,-1.9245854269871387
11.28064032016008,-1.9116329940585743
11.305652826413207,-1.899787962914662
11.330665332666333,-1.8542471163319856
11.35567783891946,-1.7924585764887853
11.380690345172587,-1.8477757679728977
11.405702851425714,-1.7801724287194862
11.430715357678839,-1.7905458026033765
11.455727863931966,-1.6931234403046311
11.480740370185092,-1.7191414701163277
11.505752876438219,-1.710399248550968
11.530765382691346,-1.6729265262790936
11.555777888944473,-1.6201766886388946
11.5807903951976,-1.5993617839569139
11.605802901450726,-1.6116188326032863
11.630815407703851,-1.5102509837369709
11.655827913956978,-1.5376839376061877
11.680840420210105,-1.536870825398139
11.705852926463232,-1.4340048930744915
11.730865432716358,-1.4456805670348418
11.755877938969485,-1.4491886348952603
11.780890445222612,-1.3213044724185117
11.805902951475737,-1.2894787420214622
11.830915457728864,-1.2495902891744861
11.85592796398199,-1.2791510496565235
11.880940470235117,-1.2004348646794654
11.905952976488244,-1.1667018941882752
11.930965482741371,-1.1623106534796803
11.955977988994498,-1.1068199199657838
11.980990495247624,-1.0314241415715197
12.00600300150075,-1.0599592425252387
12.031015507753876,-0.9623474659252612
12.056028014007003,-0.9133158969593747
12.08104052026013,-0.9228293581620572
12.106053026513257,-0.7980902947714996
12.131065532766383,-0.7701143997861419
12.15607803901951,-0.7720095423276111
12.181090545272637,-0.6805222869077979
12.206103051525762,-0.7013820013970016
12.231115557778889,-0.6067584671149211
12.256128064032016,-0.5882264694017323
12.281140570285142,-0.5572526333773855
12.30615307653827,-0.42612638067975755
12.331165582791396,-0.4100651934455767
12.356178089044523,-0.3208190514258563
12.38119059529765,-0.29584774556314
12.406203101550775,-0.22034179218177175
12.431215607803901,-0.21611093316355215
12.456228114057028,-0.13803388115747078
12.481240620310155,-0.09734351779739757
12.506253126563282,-0.03973353896163288
12.531265632816408,0.02695626071519301
12.556278139069535,0.0755298123722459
12.581290645322662,0.08711942010141244
12.606303151575787,0.08005961630190758
12.631315657828914,0.21656376648000816
12.65632816408204,0.1826690815284354
12.681340670335167,0.25589354881810267
12.706353176588294,0.285412245760138
12.731365682841421,0.3595769752618395
12.756378189094548,0.4379575221768995
12.781390695347675,0.43511657856965213
12.8064032016008,0.5722211790626488
12.831415707853926,0.5722383017325122
12.856428214107053,0.658804741902215
12.88144072036018,0.6271889245180591
12.906453226613307,0.7023258311631402
12.931465732866434,0.8074324398528068
12.95647823911956,0.8429985239908666
12.981490745372687,0.871860200846267
13.006503251625812,0.921412927356882
13.031515757878939,0.936264752084939
13.056528264132066,0.9788405643384669
13.081540770385192,1.0191098342992868
13.10655327663832,1.08292597361826
13.131565782891446,1.0758578553097013
13.156578289144573,1.1371153591387757
13.1815907953977,1.1812709885226043
13.206603301650825,1.2687449644287956
13.231615807903951,1.3070230049930325
13.256628314157078,1.3459276360122474
13.281640820410205,1.3612535504334418
13.306653326663332,1.3569398717223495
13.331665832916459,1.4563124800627711
13.356678339169585,1.46756261241545
13.381690845422712,1.4633303212076934
13.406703351675837,1.5053600695504343
13.431715857928964,1.5459739134228951
13.45672836418209,1.6155325118615003
13.481740870435218,1.608003804352321
13.506753376688344,1.6637969470364373
13.531765882941471,1.697199293923696
13.556778389194598,1.7008360625719436
13.581790895447725,1.7656980115398537
13.60680340170085,1.775865973155947
13.631815907953976,1.8327792416542168
13.656828414207103,1.7743121848259302
13.68184092046023,1.8395931410232715
13.706853426713357,1.8797110968135002
13.731865932966484,1.9313517126737887
13.75687843921961,1.948007534125475
13.781890945472737,1.8817024195133725
13.806903451725862,1.947000811694872
13.831915957978989,1.9766787339314076
13.856928464232116,1.9781794965707773
13.881940970485243,1.9640802077608654
13.90695347673837,2.0071951138237356
13.931965982991496,1.967810548175827
13.956978489244623,1.9857402215811826
13.98199099549775,2.072616438581579
14.007003501750875,2.0572804797565616
14.032016008004002,2.0075666360168314
14.057028514257128,1.9942283108473464
14.082041020510255,2.014042185785802
14.107053526763382,2.054026963128299
14.132066033016509,2.0556037714758277
14.157078539269635,2.0828345842901195
14.182091045522762,2.0189416634139903
14.207103551775887,2.060570637952147
14.232116058029014,2.0681874187931277
14.25712856428214,2.0141502271066267
14.282141070535268,1.979404094246243
14.307153576788394,1.9741906533830782
14.332166083041521,2.0481494077413833
14.357178589294648,1.9917354361809323
14.382191095547775,1.9914720178872527
14.4072036018009,1.9604810584858847
14.432216108054027,1.9837381333324158
14.457228614307153,1.945616266918223
14.48224112056028,1.9643548705136893
14.507253626813407,1.9281948555016348
14.532266133066534,1.885650168382926
14.55727863931966,1.9164560339289474
14.582291145572787,1.8162523119168528
14.607303651825912,1.8314480714787447
14.632316158079039,1.8532336718291471
14.657328664332166,1.7856192600923775
14.682341170585293,1.785231474372754
14.70735367683842,1.7436209242145222
14.732366183091546,1.669867283004744
14.757378689344673,1.6743221774933288
14.782391195597798,1.638429421446662
14.807403701850925,1.6649758483377948
14.832416208104052,1.6062468870312514
14.857428714357178,1.5265290540675116
14.882441220610305,1.5221474324606128
14.907453726863432,1.4879528067801921
14.932466233116559,1.4125750359521079
14.957478739369686,1.3865027959239549
14.98249124562281,1.4205468738781963
15.007503751875937,1.3399381239943644
15.032516258129064,1.2739610138659687
15.057528764382191,1.2182353777302621
15.082541270635318,1.2525055680285608
15.107553776888444,1.1787719971450903
15.132566283141571,1.1226270067741722
15.157578789394698,1.125320573400655
15.182591295647823,1.0836786159022855
15.20760380190095,1.031352515000336
15.232616308154077,0.969374846212003
15.257628814407203,0.9689168791611911
15.28264132066033,0.8325465730396688
15.307653826913457,0.8081440878806664
15.332666333166584,0.738643820971805
15.35767883941971,0.7255638943700383
15.382691345672836,0.6655790123702736
15.407703851925962,0.6682379265548124
15.43271635817909,0.5534222732847563
15.457728864432216,0.5107156581181348
15.482741370685343,0.47369428797870516
15.50775387693847,0.4039470744079418
15.532766383191596,0.42098236353579754
15.557778889444723,0.35847391723186306
15.582791395697848,0.29064904825990245
15.607803901950975,0.2617432692368623
15.632816408204102,0.16548390021494983
15.657828914457228,0.15429399127364155
15.682841420710355,0.1379040810750607
15.707853926963482,0.02495615029087506
15.732866433216609,0.013439365776003596
15.757878939469736,-0.01338483981060605
15.78289144572286,-0.06467842087618081
15.807903951975987,-0.1805807235194701
15.832916458229114,-0.18984039162572533
15.857928964482241,-0.29831010823511583
15.882941470735368,-0.261507917722804
15.907953976988495,-0.32409568016697
15.932966483241621,-0.37555407143142927
15.957978989494748,-0.4309064203442461
15.982991495747873,-0.516019249422239
16.008004002001,-0.49986344639043667
16.03301650825413,-0.6047485987979578
16.058029014507255,-0.6602308517825022
16.08304152076038,-0.669465051674198
16.108054027013505,-0.6831246998331882
16.133066533266632,-0.7793394062217374
16.15807903951976,-0.7763505713278643
16.183091545772886,-0.8360808413080555
16.208104052026012,-0.9328162374575771
16.23311655827914,-0.964650821579
16.258129064532266,-1.036375510091461
16.283141570785393,-1.0228011674596258
16.30815407703852,-1.1231351058019237
16.333166583291646,-1.1098309537471116
16.358179089544773,-1.127909412857575
16.3831915957979,-1.221535613370381
16.408204102051027,-1.1893645399081696
16.433216608304154,-1.308165482262427
16.45822911455728,-1.360026512938946
16.483241620810404,-1.3325888953745753
16.50825412706353,-1.3782002057415947
16.533266633316657,-1.4033411849461237
16.558279139569784,-1.4493957900228922
16.58329164582291,-1.4832099981762026
16.608304152076037,-1.4999840798465582
16.633316658329164,-1.5076163972063397
16.65832916458229,-1.6085714240714186
16.683341670835418,-1.6293232153383685
16.708354177088545,-1.6151940966702214
16.73336668334167,-1.6801275850404866
16.758379189594798,-1.6717499212957174
16.783391695847925,-1.684854465896931
16.808404202101052,-1.7048452709714104
16.83341670835418,-1.7764329774643621
16.858429214607305,-1.7376314276590634
16.88344172086043,-1.8236679422687914
16.908454227113555,-1.7787480918970484
16.933466733366682,-1.795041500360481
16.95847923961981,-1.8777640950785022
16.983491745872936,-1.8957781207145639
17.008504252126063,-1.8866263812030988
17.03351675837919,-1.8739080758859983
17.058529264632316,-1.9260011508376174
17.083541770885443,-1.8926221508103145
17.10855427713857,-1.9227543739961537
17.133566783391696,-1.8914314684457503
17.158579289644823,-1.9260314114713366
17.18359179589795,-1.9554711549469712
17.208604302151077,-1.9265228219041426
17.233616808404204,-1.9939745110393323
17.25862931465733,-1.977470935716037
17.283641820910454,-1.9666741451593888
17.30865432716358,-1.921582470755917
17.333666833416707,-1.938645190777163
17.358679339669834,-1.9335653029253104
17.38369184592296,-1.9825049159171035
17.408704352176088,-1.893325717886458
17.433716858429214,-1.9357452968786284
17.45872936468234,-1.9572477656442229
17.483741870935468,-1.9303560602369134
17.508754377188595,-1.930488760046297
17.53376688344172,-1.921335259304073
17.55877938969485,-1.9076614160657508
17.583791895947975,-1.8356575873728802
17.608804402201102,-1.8854209937815898
17.63381690845423,-1.8573665706570126
17.658829414707352,-1.8087090565348378
17.68384192096048,-1.7722197749150295
17.708854427213605,-1.7997827112540794
17.733866933466732,-1.7802262101606114
17.75887943971986,-1.6800064324482393
17.783891945972986,-1.6763336235098178
17.808904452226113,-1.6807238618525389
17.83391695847924,-1.653175378164487
17.858929464732366,-1.6210721407834647
17.883941970985493,-1.5832639354556197
17.90895447723862,-1.6090420891128379
17.933966983491747,-1.4884279543074188
17.958979489744873,-1.5030982123681271
17.983991995998,-1.4229848872675752
18.009004502251127,-1.4525423601079361
18.034017008504254,-1.3851129787591183
18.059029514757377,-1.3295774570687635
18.084042021010504,-1.2990405242604648
18.10905452726363,-1.3354285357605324
18.134067033516757,-1.3068126226081431
18.159079539769884,-1.1859086710705133
18.18409204602301,-1.1759510485838967
18.209104552276138,-1.163569103057195
18.234117058529264,-1.136908063344321
18.25912956478239,-1.0552161671697136
18.284142071035518,-0.9733824660065211
18.309154577288645,-0.9961751117037536
18.33416708354177,-0.9166789065905513
18.3591795897949,-0.843345169824288
18.384192096048025,-0.8459359497215094
18.409204602301152,-0.7780488146838886
18.43421710855428,-0.7179632742896113
18.459229614807402,-0.7202475603964242
18.48424212106053,-0.6511358860778748
18.509254627313656,-0.6643977236694839
18.534267133566782,-0.5321520079332324
18.55927963981991,-0.5644886474526939
18.584292146073036,-0.49865937956815515
18.609304652326163,-0.4632132754060549
18.63431715857929,-0.39135098059974294
18.659329664832416,-0.32403377597838184
18.684342171085543,-0.2928218930132064
18.70935467733867,-0.2214918225112926
18.734367183591797,-0.1981804122540056
18.759379689844923,-0.12981386498586378
18.78439219609805,-0.09372992457475565
18.809404702351177,-0.03488946002750774
18.834417208604304,-0.010699705040619532
18.859429714857427,0.08079396766024151
18.884442221110554,0.14121386467098307
18.90945472736368,0.1311233530279349
18.934467233616807,0.19830183627868653
18.959479739869934,0.2998641385264882
18.98449224612306,0.3266554784199195
19.009504752376188,0.3668398716003083
19.034517258629315,0.4520359074029389
19.05952976488244,0.47256530538981006
19.084542271135568,0.5195568190447574
19.109554777388695,0.5259256547237052
19.13456728364182,0.6078258279958186
19.15957978989495,0.6263288490935939
19.184592296148075,0.747082355088389
19.209604802401202,0.7260117113500132
19.23461730865433,0.826473352487503
19.259629814907452,0.8532395005740033
19.28464232116058,0.9154835364335859
19.309654827413706,0.9796608504641642
19.334667333666832,0.9767740962954191
19.35967983991996,1.066288480055761
19.384692346173086,1.089084442900773
19.409704852426213,1.1602602797814443
19.43471735867934,1.1613089816507332
19.459729864932466,1.2113240530613694
19.484742371185593,1.282257475170503
19.50975487743872,1.2725670373616214
19.534767383691847,1.3642810303086939
19.559779889944974,1.35903336271078
19.5847923961981,1.3665635353019707
19.609804902451227,1.4563200102364873
19.634817408704354,1.4355078285428167
19.659829914957477,1.4499620366216328
19.684842421210604,1.5260419091203727
19.70985492746373,1.5816185240746048
19.734867433716857,1.5713765772953272
19.759879939969984,1.6615039398848634
19.78489244622311,1.6135788402882343
19.809904952476238,1.6467632287529919
19.834917458729365,1.6877337244716657
19.85992996498249,1.7625120677031025
19.884942471235618,1.7793680245284764
19.909954977488745,1.8112508563101593
19.93496748374187,1.8043033343899326
19.959979989995,1.8253146434389187
19.984992496248125,1.9128463274688197
20.010005002501252,1.9253508459822537
20.03501750875438,1.8761825550455338
20.060030015007502,1.873892198586172
20.08504252126063,1.907961109249576
20.110055027513756,1.9902005513955836
20.135067533766883,1.9596075451207862
20.16008004002001,1.971002481098081
20.185092546273136,1.9840281761387772
20.210105052526263,1.9910985655345719
20.23511755877939,1.9827559205967682
20.260130065032516,1.9777077045003737
20.285142571285643,2.0055374720975987
20.31015507753877,1.996264609392744
20.335167583791897,2.08308032407181
20.360180090045024,2.0893979738797634
20.38519259629815,2.090124834104129
20.410205102551277,2.0571027353093316
20.435217608804404,2.0346849276965946
20.460230115057527,2.0323173705743374
20.485242621310654,2.038549685398939
20.51025512756378,2.0261949911000547
20.535267633816908,2.0091830564700457
20.560280140070034,2.0142282479328264
20.58529264632316,2.0502100040504447
20.610305152576288,1.9836680930970092
20.635317658829415,2.0138083570898564
20.66033016508254,2.020837314826863
20.68534267133567,1.9444814615369932
20.710355177588795,2.000601471785183
20.735367683841922,1.9653717171946818
20.76038019009505,1.971887064195994
20.785392696348175,1.950839824501051
20.810405202601302,1.8660919429873182
20.835417708854425,1.9259900474583742
20.860430215107552,1.8172774455746177
20.88544272136068,1.8845777483441708
20.910455227613806,1.8262496556585015
20.935467733866933,1.7656144838686778
20.96048024012006,1.791192669355899
20.985492746373186,1.7202348556222298
21.010505252626313,1.7569212722400316
21.03551775887944,1.6484792352392093
21.060530265132567,1.6726019757399164
21.085542771385693,1.5758799839143924
21.11055527763882,1.5923808219594584
21.135567783891947,1.5955874074364402
21.160580290145074,1.4850540852000131
21.1855927963982,1.4672542397985453
21.210605302651327,1.4168038149236457
21.23561780890445,1.4054814258999409
21.260630315157577,1.4053510812154166
21.285642821410704,1.3425400023737928
21.31065532766383,1.331673493849444
21.335667833916958,1.2463999219199449
21.360680340170084,1.1872273224277334
21.38569284642321,1.2222249971284798
21.410705352676338,1.1090604936712618
21.435717858929465,1.058313534396742
21.46073036518259,1.0697643149662213
21.48574287143572,1.0567507101415423
21.510755377688845,1.0036828682992225
21.535767883941972,0.9605819021254668
21.5607803901951,0.8441987553274748
21.585792896448226,0.8430699992601266
21.610805402701352,0.7685621271022746
21.635817908954476,0.7250381366456682
21.660830415207602,0.6830553427503301
21.68584292146073,0.6333699549525076
21.710855427713856,0.5842100439080316
21.735867933966983,0.5230422557898344
21.76088044022011,0.5174402938792614
21.785892946473236,0.48683198647553616
21.810905452726363,0.3863375510290661
21.83591795897949,0.34829435803325637
21.860930465232617,0.3267234894763021
21.885942971485743,0.22960177882186344
21.91095547773887,0.23451470822830234
21.935967983991997,0.17375980606051517
21.960980490245124,0.06366842207310067
21.98599299649825,0.03926122800150052
22.011005502751377,-0.0031668025756678778
22.0360180090045,-0.047217422490557326
22.061030515257627,-0.07289886193235881
22.086043021510754,-0.17311020291032334
22.11105552776388,-0.14567261029039305
22.136068034017008,-0.228436137298195
22.161080540270135,-0.28669683833865234
22.18609304652326,-0.3547291312985676
22.211105552776388,-0.4256465048204317
22.236118059029515,-0.44599790176686127
22.26113056528264,-0.5196835975470382
22.28614307153577,-0.5349867555360649
22.311155577788895,-0.546391020274588
22.336168084042022,-0.6614909371188892
22.36118059029515,-0.6543104972381873
22.386193096548276,-0.7551507937915239
22.411205602801402,-0.7292926874786962
22.436218109054526,-0.8172199364850182
22.461230615307652,-0.8570050151318197
22.48624312156078,-0.857491496079611
22.511255627813906,-0.9045390225862975
22.536268134067033,-1.009134614916147
22.56128064032016,-1.064996814942851
22.586293146573286,-1.0331771935600533
22.611305652826413,-1.0651463854571832
22.63631815907954,-1.1325317101714243
22.661330665332667,-1.1551266772620494
22.686343171585793,-1.2590743307832912
22.71135567783892,-1.2859387497868802
22.736368184092047,-1.3385144713667796
22.761380690345174,-1.3361737815416979
22.7863931965983,-1.3694193737065914
22.811405702851427,-1.4252466542603175
22.83641820910455,-1.43235735333667
22.861430715357677,-1.4548011284714917
22.886443221610804,-1.507511387709781
22.91145572786393,-1.4965081042233688
22.936468234117058,-1.5681817143738488
22.961480740370185,-1.6446951734822082
22.98649324662331,-1.6777961247422917
23.011505752876438,-1.68147313706724
23.036518259129565,-1.6882487278078373
23.06153076538269,-1.6844194280532545
23.08654327163582,-1.7294012076743497
23.111555777888945,-1.744757961487528
23.136568284142072,-1.7513669119343989
23.1615807903952,-1.7918499222688251
23.186593296648326,-1.849778050932824
23.211605802901452,-1.829068200832066
23.236618309154576,-1.8752641758889754
23.261630815407702,-1.9007736000951772
23.28664332166083,-1.873003795164556
23.311655827913956,-1.8730512996534219
23.336668334167083,-1.8781872031714442
23.36168084042021,-1.9027041711126813
23.386693346673336,-1.8908351960919085
23.411705852926463,-1.88177380141309
23.43671835917959,-1.9724740466651047
23.461730865432717,-1.9390512260671824
23.486743371685844,-1.9012167538568836
23.51175587793897,-1.9779630246587219
23.536768384192097,-1.9239990133600302
23.561780890445224,-1.9982858370003955
23.58679339669835,-1.94518840485915
23.611805902951474,-1.9100440027185548
23.6368184092046,-1.9335033912993802
23.661830915457728,-1.981528811457269
23.686843421710854,-1.9334639134981113
23.71185592796398,-1.9124787404635897
23.736868434217108,-1.955501371442403
23.761880940470235,-1.8776704381767888
23.78689344672336,-1.9269966908257636
23.81190595297649,-1.8836752946342223
23.836918459229615,-1.9151548963039333
23.861930965482742,-1.8851782274837632
23.88694347173587,-1.851009934131623
23.911955977988995,-1.8712494328814868
23.936968484242122,-1.840016429125936
23.96198099049525,-1.7633209046119556
23.986993496748376,-1.7810666978801355
24.0120060030015,-1.7012598894366597
24.037018509254626,-1.6957794133641935
24.062031015507753,-1.6647261798159256
24.08704352176088,-1.6623373921081084
24.112056028014006,-1.6761280185490004
24.137068534267133,-1.5968868659734636
24.16208104052026,-1.5593667161353195
24.187093546773387,-1.5241252056888674
24.212106053026513,-1.577748377335245
24.23711855927964,-1.5280339161961816
24.262131065532767,-1.4743592554724687
24.287143571785894,-1.4520999755059798
24.31215607803902,-1.4136835409980681
24.337168584292147,-1.356216957652417
24.362181090545274,-1.3457235688163203
24.3871935967984,-1.342675575916395
24.412206103051524,-1.31232853708949
24.43721860930465,-1.226887475950786
24.462231115557778,-1.1897664504189194
24.487243621810904,-1.1076436483236467
24.51225612806403,-1.0723910190639834
24.537268634317158,-1.079285752300275
24.562281140570285,-1.0424997870456374
24.58729364682341,-0.9903220039078438
24.61230615307654,-0.9132041174789233
24.637318659329665,-0.9388982134103618
24.662331165582792,-0.8441480948839993
24.68734367183592,-0.8362930488336066
24.712356178089045,-0.7613089355610386
24.737368684342172,-0.7126420709947369
24.7623811905953,-0.668263076664368
24.787393696848426,-0.6222425788005883
24.81240620310155,-0.5858854951544826
24.837418709354676,-0.48942615570672243
24.862431215607803,-0.5102528003969662
24.88744372186093,-0.41928597343908264
24.912456228114056,-0.3993935330142902
24.937468734367183,-0.32414334549707063
24.96248124062031,-0.28216998774394986
24.987493746873437,-0.22500393500308485
25.012506253126563,-0.23856022660658308
25.03751875937969,-0.1309615863924916
25.062531265632817,-0.07132448388387747
25.087543771885944,-0.040539853906409504
25.11255627813907,-0.03404509066434284
25.137568784392197,0.07189351666219151
25.162581290645324,0.1219282420207185
25.18759379689845,0.20468103972131757
25.212606303151574,0.17791319081568405
25.2376188094047,0.27789212049502565
25.262631315657828,0.30685077587179926
25.287643821910955,0.3874266858271625
25.31265632816408,0.4233186600798734
25.337668834417208,0.4513048210642659
25.362681340670335,0.456525803471714
25.38769384692346,0.5703685145208718
25.41270635317659,0.5957038269890783
25.437718859429715,0.6992779173112009
25.462731365682842,0.6589956866077703
25.48774387193597,0.7453333940344554
25.512756378189096,0.7627679654477526
25.537768884442222,0.8854692538732437
25.56278139069535,0.8485385395239703
25.587793896948476,0.9689460372366605
25.6128064032016,0.9728594038112506
25.637818909454726,0.9698654680146964
25.662831415707853,1.0888142574763138
25.68784392196098,1.1081603450761577
25.712856428214106,1.1815763703945128
25.737868934467233,1.2196758767966234
25.76288144072036,1.2062183991315907
25.787893946973487,1.280902501098
25.812906453226613,1.3458162423344628
25.83791895947974,1.3962754857568205
25.862931465732867,1.3731103144052066
25.887943971985994,1.4382394300359183
25.91295647823912,1.4318190726680844
25.937968984492247,1.4902184155436116
25.962981490745374,1.5443114220546859
25.9879939969985,1.5831416759788253
26.013006503251624,1.5783858299533877
26.03801900950475,1.5901236276916366
26.063031515757878,1.6337862386465174
26.088044022011005,1.6953781511587067
26.11305652826413,1.6867434201111684
26.138069034517258,1.7353075464610552
26.163081540770385,1.7616317726142061
26.18809404702351,1.747868249058398
26.21310655327664,1.7836356240416649
26.238119059529765,1.839090587942128
26.263131565782892,1.8603052925260337
26.28814407203602,1.9189389380739708
26.313156578289146,1.9395603307080493
26.338169084542272,1.911061834444223
26.3631815907954,1.9604610295468148
26.388194097048526,1.9626860075782555
26.41320660330165,2.0050531363150563
26.438219109554776,1.9404656420298543
26.463231615807903,2.015371172296982
26.48824412206103,1.9924317842630337
26.513256628314156,1.981230416329226
26.538269134567283,2.06435580790707
26.56328164082041,2.0631776505220008
26.588294147073537,2.0085069050323825
26.613306653326664,2.0564191030559784
26.63831915957979,2.094257788591784
26.663331665832917,2.081163147467975
26.688344172086044,2.001371602536012
26.71335667833917,2.0251503394835626
26.738369184592298,2.0215383891912753
26.763381690845424,2.0843334551755452
26.788394197098548,2.025619747317159
26.813406703351674,2.0478275283308687
26.8384192096048,2.010450703790201
26.863431715857928,2.029420683037685
26.888444222111055,2.0625513931813653
26.91345672836418,2.0139959402192678
26.93846923461731,2.0404213394449817
26.963481740870435,1.9662592188690482
26.988494247123562,1.9443990887202494
27.01350675337669,1.9986124294137009
27.038519259629815,1.9152677473968904
27.063531765882942,1.8935610316011864
27.08854427213607,1.8745975504880217
27.113556778389196,1.899554198214195
27.138569284642323,1.8616004726071376
27.16358179089545,1.858597004475912
27.188594297148573,1.77602163104034
27.2136068034017,1.7796896608126873
27.238619309654826,1.7510037396584126
27.263631815907953,1.7727809392870861
27.28864432216108,1.6877399418309882
27.313656828414207,1.7181393818266102
27.338669334667333,1.6854373671248952
27.36368184092046,1.5834879063882277
27.388694347173587,1.6057910109755147
27.413706853426714,1.5389738385837746
27.43871935967984,1.4855636403961077
27.463731865932967,1.4923648498718707
27.488744372186094,1.4188971102717403
27.51375687843922,1.4539397079105985
27.538769384692348,1.3422855240918437
27.563781890945474,1.3752977387408734
27.588794397198598,1.2730299045858435
27.613806903451724,1.2964269619019575
27.63881940970485,1.2470970767497613
27.663831915957978,1.2328498705558009
27.688844422211105,1.120844771249038
27.71385692846423,1.0700539589001592
27.73886943471736,1.0307625269233271
27.763881940970485,0.998746237393822
27.788894447223612,0.9696252890825585
27.81390695347674,0.900785460673943
27.838919459729865,0.8488293182613934
27.863931965982992,0.8791450324423898
27.88894447223612,0.7646251721104717
27.913956978489246,0.7705473437384542
27.938969484742373,0.6927431397223934
27.9639819909955,0.7010217258373063
27.988994497248623,0.5836330272395223
28.01400700350175,0.5548879614921702
28.039019509754876,0.5561654927793117
28.064032016008003,0.4396192347642316
28.08904452226113,0.38871803219687967
28.114057028514257,0.40395908011621945
28.139069534767383,0.29426053555446297
28.16408204102051,0.23294767357076854
28.189094547273637,0.23038171380307593
28.214107053526764,0.19777142384117402
28.23911955977989,0.168450908042403
28.264132066033017,0.1154240404993813
28.289144572286144,0.027021673538738137
28.31415707853927,0.018105926736054295
28.339169584792398,-0.11250553493943598
28.364182091045524,-0.16909516524053309
28.389194597298648,-0.15574764533871002
28.414207103551774,-0.2729612026768626
28.4392196098049,-0.2793726715423987
28.464232116058028,-0.29998395955751694
28.489244622311155,-0.37019040274582604
28.51425712856428,-0.43388826676723685
28.53926963481741,-0.46812150184088197
28.564282141070535,-0.4870493485376557
28.589294647323662,-0.522371709066327
28.61430715357679,-0.6542855781908427
28.639319659829916,-0.6872890396424864
28.664332166083042,-0.7386256214498637
28.68934467233617,-0.7569424265812832
28.714357178589296,-0.8349365246672548
28.739369684842423,-0.8617877344871738
28.76438219109555,-0.8902602948514278
28.789394697348673,-0.939396261734911
28.8144072036018,-0.9719678112402614
28.839419709854926,-1.0540405768898276
28.864432216108053,-1.112461442737707
28.88944472236118,-1.059276193683847
28.914457228614307,-1.1373466177798814
28.939469734867433,-1.1780972393284264
28.96448224112056,-1.2696380032227774
28.989494747373687,-1.3058554395100777
29.014507253626814,-1.2507281643656718
29.03951975987994,-1.3076663879296249
29.064532266133067,-1.3445717484089803
29.089544772386194,-1.3943567835336674
29.11455727863932,-1.4499029184018146
29.139569784892448,-1.483461086920563
29.164582291145575,-1.5157186119846182
29.189594797398698,-1.5441066089135866
29.214607303651825,-1.560798428141623
29.23961980990495,-1.6095692260634022
29.264632316158078,-1.6599551650513191
29.289644822411205,-1.627089038013437
29.31465732866433,-1.7151965757584435
29.33966983491746,-1.6806610625157379
29.364682341170585,-1.724235828051851
29.389694847423712,-1.7837678741647365
29.41470735367684,-1.7487726550712557
29.439719859929966,-1.800724680556841
29.464732366183092,-1.8104728697902948
29.48974487243622,-1.8313147142378965
29.514757378689346,-1.8747620540824355
29.539769884942473,-1.8243900936330035
29.564782391195596,-1.8730538437677287
29.589794897448723,-1.8895217648969405
29.61480740370185,-1.881852264148501
29.639819909954976,-1.8611245632476248
29.664832416208103,-1.8858251748535801
29.68984492246123,-1.9085687412420207
29.714857428714357,-1.970648633228694
29.739869934967484,-1.9413511318807672
29.76488244122061,-1.914179389858285
29.789894947473737,-1.9922716363782187
29.814907453726864,-1.9159450430293876
29.83991995997999,-1.9655317028348274
29.864932466233117,-1.975904037236957
29.889944972486244,-1.9591309867559883
29.91495747873937,-1.9055130097925472
29.939969984992498,-1.9358305139055876
29.96498249124562,-1.9134529653816974
29.989994997498748,-1.934516820304729
30.015007503751875,-1.890017926685792
30.040020010005,-1.9440934333645166
30.06503251625813,-1.858421110830903
30.090045022511255,-1.9389652122632501
30.115057528764382,-1.863744974001238
30.14007003501751,-1.887672198106448
30.165082541270635,-1.8252034772725432
30.190095047523762,-1.831120930002388
30.21510755377689,-1.8215401647910627
30.240120060030016,-1.781040593557785
30.265132566283143,-1.8236104496078431
30.29014507253627,-1.7482838396862261
30.315157578789396,-1.6947495523742302
30.340170085042523,-1.6843731650062246
30.365182591295646,-1.6830629589799984
30.390195097548773,-1.6893185544282714
30.4152076038019,-1.6046571511058854
30.440220110055026,-1.6332864952008548
30.465232616308153,-1.5864393156030812
30.49024512256128,-1.5195966372233174
30.515257628814407,-1.5239331345057554
30.540270135067534,-1.4366722242825412
30.56528264132066,-1.4100707533478452
30.590295147573787,-1.398890304901044
30.615307653826914,-1.4181519072501072
30.64032016008004,-1.3346538737663662
30.665332666333168,-1.2989250030967148
30.690345172586294,-1.3057506951699764
30.71535767883942,-1.2749031516897873
30.740370185092548,-1.179912092173866
30.76538269134567,-1.128901018779599
30.790395197598798,-1.1697053808194406
30.815407703851925,-1.0556776774457115
30.84042021010505,-1.031902054199971
30.86543271635818,-0.9720234593929665
30.890445222611305,-0.9846600692908992
30.915457728864432,-0.9363442159663351
30.94047023511756,-0.8841089947343561
30.965482741370685,-0.8012699336820008
30.990495247623812,-0.7722932164480828
31.01550775387694,-0.7397474902163426
31.040520260130066,-0.6841685104196497
31.065532766383193,-0.6441348321780372
31.09054527263632,-0.5726655630996729
31.115557778889446,-0.5273851041464942
31.140570285142573,-0.4695393972287982
31.165582791395696,-0.4130431602335698
31.190595297648823,-0.3610699042980478
31.21560780390195,-0.38675786843949866
31.240620310155077,-0.3038875173315824
31.265632816408203,-0.2714158727571167
31.29064532266133,-0.1733868009927243
31.315657828914457,-0.1386705133714506
31.340670335167584,-0.06453102274176675
31.36568284142071,-0.005385880834642948
31.390695347673837,-0.03570363101261101
31.415707853926964,0.08723849507483881
31.44072036018009,0.07943203831843032
31.465732866433218,0.14531748653752408
31.490745372686344,0.22066919652122574
31.51575787893947,0.2463525240203868
31.540770385192598,0.2563242985620172
31.56578289144572,0.3764732241359178
31.590795397698848,0.43766175347223457
31.615807903951975,0.4575212080538785
31.6408204102051,0.47089425151478853
31.66583291645823,0.5612037525752765
31.690845422711355,0.6327572015243761
31.715857928964482,0.6882105247402657
31.74087043521761,0.7083510173699552
31.765882941470736,0.6950683787126215
31.790895447723862,0.7848616526486687
31.81590795397699,0.8488377577560373
31.840920460230116,0.8344174303980078
31.865932966483243,0.9101690377990241
31.89094547273637,0.9668005687371127
31.915957978989496,1.0324292283302392
31.940970485242623,1.02139224462133
31.965982991495746,1.1309311450476274
31.990995497748873,1.1594889502641554
32.016008004002,1.1895993999051582
32.04102051025513,1.182508384684443
32.06603301650826,1.24788260584571
32.091045522761384,1.3184673415222405
32.11605802901451,1.309629900190192
32.14107053526764,1.3637103283271539
32.16608304152076,1.4037631667176604
32.191095547773884,1.4870526396428307
32.21610805402701,1.503079605236149
32.24112056028014,1.5101170153349404
32.266133066533264,1.5738795933082772
32.29114557278639,1.5714599007247874
32.31615807903952,1.6169422982647925
32.341170585292645,1.6337067686729476
32.36618309154577,1.70630661124175
32.3911955977989,1.7002498041084497
32.416208104052025,1.6990288486144212
32.44122061030515,1.7158090101223664
32.46623311655828,1.736277460938685
32.491245622811405,1.8413933261546138
32.51625812906453,1.8559891392440087
32.54127063531766,1.852373230169639
32.566283141570786,1.863856166827597
32.59129564782391,1.9032200476290142
32.61630815407704,1.9604374370885582
32.641320660330166,1.929202167705391
32.66633316658329,1.9862167915433968
32.69134567283642,1.9927381694557897
32.716358179089546,2.0051158762103807
32.74137068534267,1.9537353438947829
32.7663831915958,1.998105771781299
32.79139569784893,2.006579055273007
32.81640820410205,2.000634328799506
32.84142071035518,2.045677500725226
32.86643321660831,1.9873027530467964
32.891445722861434,2.029989584057864
32.91645822911456,2.013433041158495
32.94147073536768,2.069153385120439
32.96648324162081,2.0215641856548383
32.991495747873934,2.0258793772430272
33.01650825412706,2.0676276468416277
33.04152076038019,2.0519211258181973
33.066533266633314,2.0516522385153424
33.09154577288644,1.9899480843349766
33.11655827913957,2.04677141526667
33.141570785392695,1.985384955884363
33.16658329164582,2.0162992113977483
33.19159579789895,1.9881939174839547
33.216608304152075,2.037962764920584
33.2416208104052,2.0264862781608124
33.26663331665833,1.9608889105368612
33.291645822911455,2.007591745783187
33.31665832916458,1.9574872886296468
33.34167083541771,1.9095563886144065
33.366683341670836,1.859197882361952
33.39169584792396,1.8438951466036613
33.41670835417709,1.897909567180015
33.441720860430216,1.8372095811672438
33.46673336668334,1.7843706274902833
33.49174587293647,1.8039824338946584
33.516758379189596,1.7760832846918706
33.54177088544272,1.7256294949014443
33.56678339169585,1.680350885593056
33.59179589794898,1.6845210667582318
33.616808404202104,1.6791182734010335
33.64182091045523,1.6166776430907774
33.66683341670836,1.6036352978288932
33.691845922961484,1.5672923725325418
33.71685842921461,1.4913119866115447
33.74187093546773,1.4830227993190883
33.76688344172086,1.4809357546022641
33.791895947973984,1.4185164277658424
33.81690845422711,1.4019659102141802
33.84192096048024,1.4035422640327786
33.866933466733364,1.3477831966236433
33.89194597298649,1.2425466096365212
33.91695847923962,1.2347080486458522
33.941970985492745,1.2094217138097656
33.96698349174587,1.203550723778933
33.991995997999,1.0937096412064937
34.017008504252125,1.0938533741073873
34.04202101050525,1.0836800213646294
34.06703351675838,0.9854886539708724
34.092046023011505,0.9860263733904462
34.11705852926463,0.895463416224648
34.14207103551776,0.8539302661303698
34.167083541770886,0.8353287625452513
34.19209604802401,0.7635850665084495
34.21710855427714,0.7379547957732784
34.242121060530266,0.676410256405183
34.26713356678339,0.6487179515815439
34.29214607303652,0.5504025441502662
34.31715857928965,0.5687764135669809
34.34217108554277,0.5174707416986957
34.3671835917959,0.4519918897660681
34.39219609804903,0.36267743036770367
34.417208604302154,0.3614370535137086
34.44222111055528,0.3066184147288853
34.46723361680841,0.26153189201889604
34.492246123061534,0.2274263296315433
34.51725862931466,0.08843448718608324
34.54227113556778,0.03485651511036515
34.56728364182091,0.04112091725530391
34.592296148074034,-0.03926850461676091
34.61730865432716,-0.11555734371348793
34.64232116058029,-0.0778847454993832
34.667333666833414,-0.1346237708967624
34.69234617308654,-0.19581337809823723
34.71735867933967,-0.24650631578347584
34.742371185592795,-0.2804888882294534
34.76738369184592,-0.3999012485193564
34.79239619809905,-0.39593023991805143
34.817408704352175,-0.41983148722042557
34.8424212106053,-0.5279339035256195
34.86743371685843,-0.5602890306146888
34.892446223111556,-0.6043145072153848
34.91745872936468,-0.6714900932273301
34.94247123561781,-0.689762881688169
34.967483741870936,-0.699527416156078
34.99249624812406,-0.7674382677368686
35.01750875437719,-0.8734092164344186
35.042521260630316,-0.8523738382846376
35.06753376688344,-0.9449671606059693
35.09254627313657,-0.9704477369634401
35.1175587793897,-1.033916046300635
35.14257128564282,-1.0366186550622727
35.16758379189595,-1.131133261181709
35.19259629814908,-1.1687305642640458
35.217608804402204,-1.1442376951586526
35.24262131065533,-1.2569663095387518
35.26763381690846,-1.274767267703621
35.292646323161584,-1.3161394913067919
35.317658829414704,-1.3458373292414345
35.34267133566783,-1.332324050519462
35.36768384192096,-1.4353267148579094
35.392696348174084,-1.3929670623115602
35.41770885442721,-1.4178455535538435
35.44272136068034,-1.4834901121390647
35.467733866933465,-1.5524621064643744
35.49274637318659,-1.5520409740229322
35.51775887943972,-1.5798386258484431
35.542771385692845,-1.6061510285583476
35.56778389194597,-1.6807125729754477
35.5927963981991,-1.6415202132378033
35.617808904452225,-1.6620172540864944
35.64282141070535,-1.7196095054748257
35.66783391695848,-1.70710320762342
35.692846423211606,-1.7192240082941868
35.71785892946473,-1.776785346396626
35.74287143571786,-1.7998344794622536
35.767883941970986,-1.830404099769253
35.79289644822411,-1.8146139169700342
35.81790895447724,-1.8677317318699627
35.842921460730366,-1.901599673955757
35.86793396698349,-1.8372442245366785
35.89294647323662,-1.8587224297960778
35.91795897948975,-1.9378823284353737
35.94297148574287,-1.9396789754716155
35.967983991996,-1.9721172125473918
35.99299649824913,-1.9551171385263608
36.018009004502254,-1.958041071514948
36.04302151075538,-1.9356114225666903
36.06803401700851,-1.9012198953156783
36.093046523261634,-1.9922665802794415
36.118059029514754,-1.900330744794119
36.14307153576788,-1.9040389515370628
36.16808404202101,-1.9885832614318089
36.193096548274134,-1.9417057344005424
36.21810905452726,-1.9404575263792996
36.24312156078039,-1.9229767108560154
36.268134067033515,-1.8915130937378946
36.29314657328664,-1.9489273791309385
36.31815907953977,-1.8901388746759957
36.343171585792895,-1.912634736277381
36.36818409204602,-1.9149511986612986
36.39319659829915,-1.908564424020635
36.418209104552275,-1.8831814773601352
36.4432216108054,-1.8902571970785649
36.46823411705853,-1.8293501614191465
36.493246623311656,-1.8251935618126631
36.51825912956478,-1.7794327371477627
36.54327163581791,-1.73319121068286
36.568284142071036,-1.7984744246289026
36.59329664832416,-1.7823629536568486
36.61830915457729,-1.7000696768282673
36.643321660830416,-1.6911826035690365
36.66833416708354,-1.6711187793804372
36.69334667333667,-1.6324284759296261
36.7183591795898,-1.5797008518218096
36.743371685842924,-1.5696463622307293
36.76838419209605,-1.5127809397934708
36.79339669834918,-1.5109552704732443
36.818409204602304,-1.481519554635936
36.84342171085543,-1.4125376530784282
36.86843421710856,-1.4279351354605552
36.893446723361684,-1.375083267613542
36.918459229614804,-1.38063811953947
36.94347173586793,-1.3218427491488751
36.96848424212106,-1.2948735410108843
36.993496748374184,-1.2126439575704084
37.01850925462731,-1.20386216039498
37.04352176088044,-1.1589118897428754
37.068534267133565,-1.125929130715392
37.09354677338669,-1.116499544536626
37.11855927963982,-1.0260814690394053
37.143571785892945,-1.035786660428155
37.16858429214607,-0.9332769405498247
37.1935967983992,-0.9185373017256884
37.218609304652325,-0.8709748836409552
37.24362181090545,-0.82291736247074
37.26863431715858,-0.7938180224791398
37.293646823411706,-0.7794305691674229
37.31865932966483,-0.6675134941679361
37.34367183591796,-0.6279896537115236
37.368684342171086,-0.6050301057080755
37.39369684842421,-0.5604689034279108
37.41870935467734,-0.534773151802093
37.44372186093047,-0.42739125597870825
37.46873436718359,-0.4168865867067153
37.49374687343672,-0.31113367412085846
37.51875937968985,-0.2813379849439613
37.543771885942974,-0.2838177597011884
37.5687843921961,-0.25101747119611867
37.59379689844923,-0.1529901450946433
37.618809404702354,-0.1012212863390505
37.64382191095548,-0.08879701694563259
37.66883441720861,0.03182384261034771
37.693846923461734,-0.009023136577143657
37.718859429714854,0.04759687315217523
37.74387193596798,0.1304095300796421
37.76888444222111,0.19671748244770645
37.793896948474234,0.2569574915767257
37.81890945472736,0.32043470011877
37.84392196098049,0.38269846425927145
37.868934467233615,0.36762062007992496
37.89394697348674,0.3884776506938906
37.91895947973987,0.45649686529484446
37.943971985992995,0.4896194734404891
37.96898449224612,0.6202895359469103
37.99399699849925,0.6349068494387476
38.019009504752376,0.707559940082017
38.0440220110055,0.7249181876679515
38.06903451725863,0.8212186604316924
38.094047023511756,0.8493233443607547
38.11905952976488,0.8355373530023825
38.14407203601801,0.94615235067777
38.169084542271136,0.9833087181570225
38.19409704852426,0.9669251203436025
38.21910955477739,1.0392544460943909
38.24412206103052,1.0906224422352813
38.26913456728364,1.10806055690795
38.29414707353677,1.1418574099532153
38.3191595797899,1.2494853491362035
38.344172086043024,1.2922315733756637
38.36918459229615,1.3362158163913196
38.39419709854928,1.2904326305242604
38.419209604802404,1.4154004954638226
38.44422211105553,1.359687590335089
38.46923461730866,1.4414616930976185
38.49424712356178,1.4466628561394208
38.519259629814904,1.5128749545843345
38.54427213606803,1.5215668786530956
38.56928464232116,1.58835376793139
38.594297148574285,1.630627422405823
38.61930965482741,1.6324931356118322
38.64432216108054,1.635328454903736
38.669334667333665,1.6520503747285915
38.69434717358679,1.6841152631186884
38.71935967983992,1.7490307995401593
38.744372186093045,1.7499638979093664
38.76938469234617,1.7670023145688103
38.7943971985993,1.8448977922120169
38.819409704852426,1.848139558531888
38.84442221110555,1.8741309469313643
38.86943471735868,1.8913702756785817
38.894447223611806,1.9524737429937287
38.91945972986493,1.9002292619884058
38.94447223611806,1.958305597179365
38.969484742371186,1.979084686358811
38.99449724862431,1.953250757780084
39.01950975487744,1.9715836810950984
39.04452226113057,1.9820600349230295
39.06953476738369,2.0250762376904463
39.09454727363682,1.9708657379147259
39.11955977988995,2.0562945639927492
39.144572286143074,2.0021701932852856
39.1695847923962,2.043709942508297
39.19459729864933,2.0697261572194248
39.219609804902454,2.057499187154181
39.24462231115558,2.076164192538196
39.26963481740871,2.0851436939581176
39.29464732366183,2.0298788558097396
39.319659829914954,2.033292665918024
39.34467233616808,2.029599611450409
39.36968484242121,2.0336325452127566
39.394697348674335,2.011838625643069
39.41970985492746,2.0210008661449104
39.44472236118059,1.9913284329495702
39.469734867433715,1.9801500623535286
39.49474737368684,2.0196987184317505
39.51975987993997,1.955981572819784
39.544772386193095,1.9794605082298897
39.56978489244622,1.9476220968808653
39.59479739869935,1.9429050979901294
39.619809904952476,1.9486521141533286
39.6448224112056,1.8964626483067664
39.66983491745873,1.8869634821966803
39.694847423711856,1.92100785626443
39.71985992996498,1.8917432944559687
39.74487243621811,1.8163101996565214
39.769884942471236,1.850969089476397
39.79489744872436,1.7790921489874467
39.81990995497749,1.7522508281366613
39.84492246123062,1.7725881283947356
39.86993496748374,1.656716597219142
39.89494747373687,1.6862692716420158
39.91995997999,1.6067026237940527
39.944972486243124,1.6490227777837125
39.96998499249625,1.608392400752893
39.99499749874938,1.5828169860647707
40.020010005002504,1.5001215654676432
40.04502251125563,1.4685479259829144
40.07003501750876,1.481546365631227
40.09504752376188,1.3865081476664411
40.120060030015004,1.3977484182601219
40.14507253626813,1.2985236195787992
40.17008504252126,1.2783476121571953
40.195097548774385,1.2707324543706082
40.22011005502751,1.2114280158820956
40.24512256128064,1.2113333387308727
40.270135067533765,1.1469089889351283
40.29514757378689,1.0836309992615079
40.32016008004002,1.0853957634171236
40.345172586293145,0.9652186512477551
40.37018509254627,0.9147044869452086
40.3951975987994,0.9013954389441501
40.420210105052526,0.8265801083471771
40.44522261130565,0.8624936615991707
40.47023511755878,0.7940410124538555
40.495247623811906,0.6917373868231124
40.52026013006503,0.6686181952252875
40.54527263631816,0.5923358383805435
40.57028514257129,0.5755633916688164
40.59529764882441,0.5752987188926002
40.62031015507754,0.4429461105612365
40.64532266133067,0.4387699746532991
40.670335167583794,0.3771339657126027
40.69534767383692,0.33576081976508576
40.72036018009005,0.3076809883077562
40.745372686343174,0.22453484857562542
40.7703851925963,0.21790019641305894
40.79539769884943,0.1759190941772989
40.820410205102554,0.07690502431530322
40.84542271135568,0.01014112108311708
40.87043521760881,-0.019321997570096554
40.89544772386193,-0.02919478639091566
40.920460230115054,-0.07689895687175811
40.94547273636818,-0.11255478549234778
40.97048524262131,-0.25508132607305667
40.995497748874435,-0.22062302860891378
41.02051025512756,-0.2870239370533897
41.04552276138069,-0.4049295288836835
41.070535267633815,-0.3756639849037806
41.09554777388694,-0.47684384362330096
41.12056028014007,-0.46426388552720665
41.145572786393195,-0.5151693648940193
41.17058529264632,-0.5671317760872967
41.19559779889945,-0.6094970190394753
41.220610305152576,-0.7362465960093159
41.2456228114057,-0.7053078562574907
41.27063531765883,-0.7593117167288513
41.295647823911956,-0.8764218250594741
41.32066033016508,-0.8992443515277989
41.34567283641821,-0.9267664018972895
41.37068534267134,-0.9842058889466576
41.39569784892446,-0.9790363733947206
41.42071035517759,-1.0648699681254614
41.44572286143072,-1.0747410397836685
41.470735367683844,-1.1559910351040652
41.49574787393697,-1.119345879354655
41.5207603801901,-1.1779365269917617
41.545772886443224,-1.2898069633586142
41.57078539269635,-1.3142954997060503
41.59579789894948,-1.3423861813432958
41.620810405202604,-1.3194874264117362
41.64582291145573,-1.3930767893046039
41.67083541770885,-1.4463190188339434
41.69584792396198,-1.4382708389329188
41.720860430215104,-1.4672011484922518
41.74587293646823,-1.5479474585581698
41.77088544272136,-1.6029274576161763
41.795897948974485,-1.5376172493295335
41.82091045522761,-1.5975877375220762
41.84592296148074,-1.6590987652822442
41.870935467733865,-1.6982200424259515
41.89594797398699,-1.6477076364890257
41.92096048024012,-1.7455555505146994
41.945972986493246,-1.7198308205504285
41.97098549274637,-1.780947497327678
41.9959979989995,-1.7918023937496426
42.021010505252626,-1.7771976325964938
42.04602301150575,-1.8337570013196083
42.07103551775888,-1.8499733222038974
42.096048024012006,-1.8827114356401067
42.12106053026513,-1.8669734048957978
42.14607303651826,-1.8517476178324073
42.17108554277139,-1.9286737152924918
42.19609804902451,-1.8907730524684672
42.22111055527764,-1.886005286916645
42.24612306153077,-1.9279404974758205
42.271135567783894,-1.8814365302746345
42.29614807403702,-1.9532549546222748
42.32116058029015,-1.9446797832291758
42.346173086543274,-1.9673500753503157
42.3711855927964,-1.9264413979367532
42.39619809904953,-1.9577359861602315
42.421210605302655,-1.903181230089585
42.44622311155578,-1.9971102260488889
42.4712356178089,-1.9897782406998306
42.49624812406203,-1.9506216489438084
42.521260630315155,-1.976134738074891
42.54627313656828,-1.905561458814756
42.57128564282141,-1.9394173513197592
42.596298149074535,-1.9473943253697896
42.62131065532766,-1.8579017939106608
42.64632316158079,-1.9224910443206351
42.671335667833915,-1.9116889693841979
42.69634817408704,-1.8505380941906717
42.72136068034017,-1.8515203636718827
42.746373186593296,-1.8145335535209672
42.77138569284642,-1.871316635455686
42.79639819909955,-1.8529209913558053
42.821410705352676,-1.801176590790057
42.8464232116058,-1.803631956593159
42.87143571785893,-1.7399696533542945
42.896448224112056,-1.7173721716913148
42.92146073036518,-1.712886922090683
42.94647323661831,-1.710077179581676
42.97148574287144,-1.675034511971052
42.99649824912456,-1.5856750625692695
43.02151075537769,-1.6055192239045797
43.04652326163082,-1.553180579428388
43.071535767883944,-1.500887043855588
43.09654827413707,-1.5361326900162513
43.1215607803902,-1.4806625092093868
43.146573286643324,-1.3929615007661593
43.17158579289645,-1.4471287968855986
43.19659829914958,-1.3313301567968727
43.221610805402705,-1.3434675143381425
43.24662331165583,-1.3109331053278295
43.27163581790895,-1.246975416814759
43.29664832416208,-1.2127155689802396
43.321660830415205,-1.1803793972304564
43.34667333666833,-1.1405875293704144
43.37168584292146,-1.0489030039361436
43.396698349174585,-1.055091795920539
43.42171085542771,-1.0227256228780968
43.44672336168084,-0.9883573368969752
43.471735867933965,-0.940627865118301
43.49674837418709,-0.8842872143735591
43.52176088044022,-0.8672944362141167
43.546773386693346,-0.823658829666448
43.57178589294647,-0.7877098018301085
43.5967983991996,-0.7059050094263191
43.621810905452726,-0.6741833187994472
43.64682341170585,-0.6560111386318271
43.67183591795898,-0.5439317819898393
43.69684842421211,-0.535579597705829
43.72186093046523,-0.4355426554860632
43.74687343671836,-0.3824593976570941
43.77188594297149,-0.336130078830925
43.796898449224614,-0.31340560769949805
43.82191095547774,-0.2537460185322731
43.84692346173087,-0.23581795997152824
43.871935967983994,-0.145164316028878
43.89694847423712,-0.10512385244545404
43.92196098049025,-0.1164658758811931
43.946973486743374,-0.05023209778413604
43.9719859929965,0.03744649191194193
43.99699849924963,0.07956273144813479
44.022011005502755,0.16312559125674456
44.04702351175588,0.2126276794096325
44.072036018009,0.2361821267831078
44.09704852426213,0.3203325422483497
44.122061030515255,0.3135816625044128
44.14707353676838,0.3631091930162337
44.17208604302151,0.44474912744938566
44.197098549274635,0.45698520060229936
44.22211105552776,0.5472230837148389
44.24712356178089,0.605301955660269
44.272136068034015,0.5720536248419581
44.29714857428714,0.6252267691188215
44.32216108054027,0.7643365729852482
44.347173586793396,0.8033697013014662
44.37218609304652,0.8505656102234749
44.39719859929965,0.8679329887788064
44.422211105552776,0.8522298142864259
44.4472236118059,0.8980286907599385
44.47223611805903,0.9807976121405317
44.49724862431216,1.0579256729043713
44.52226113056528,1.0515335091356053
44.54727363681841,1.1140699193396364
44.57228614307154,1.1625757954077993
44.597298649324664,1.1656419591252667
44.62231115557779,1.2671067938152536
44.64732366183092,1.2956375807268623
44.672336168084044,1.362196211608486
44.69734867433717,1.4093388404057214
44.7223611805903,1.4025996663745113
44.747373686843424,1.3970494326447325
44.77238619309655,1.4428257083937919
44.79739869934968,1.494435587241126
44.822411205602805,1.5377522718000074
44.847423711855924,1.5617416918571212
44.87243621810905,1.6189767598090066
44.89744872436218,1.6046541393409484
44.922461230615305,1.643639747440903
44.94747373686843,1.700130222016767
44.97248624312156,1.769505244800933
44.997498749374685,1.7258129679936254
45.02251125562781,1.7561989298928593
45.04752376188094,1.8112556464228597
45.072536268134066,1.8309825970488052
45.09754877438719,1.8043627712495751
45.12256128064032,1.858977455935208
45.147573786893446,1.9184975664132573
45.17258629314657,1.9547839061925032
45.1975987993997,1.9341756110228352
45.222611305652826,1.9146208121421082
45.24762381190595,1.9569932449577883
45.27263631815908,1.9803991159583454
45.29764882441221,2.009643664087947
45.32266133066533,2.0111242462962946
45.34767383691846,2.004347027948172
45.37268634317159,2.013137401150698
45.397698849424714,1.9929193380537729
45.42271135567784,2.048558345065529
45.44772386193097,1.9923578567532436
45.472736368184094,1.9957666065171995
45.49774887443722,2.043695841167203
45.52276138069035,2.050164201001627
45.547773886943475,2.0234312577262283
45.5727863931966,2.016969605240508
45.59779889944973,2.034961835074349
45.622811405702855,2.0236775313557183
45.647823911955975,2.0615069760906493
45.6728364182091,2.080599747878961
45.69784892446223,2.0072948711339076
45.722861430715355,2.0607142584153624
45.74787393696848,1.9628514565974005
45.77288644322161,1.9999379978946592
45.797898949474735,2.035645176549704
45.82291145572786,1.9667588717618827
45.84792396198099,1.962434307097107
45.872936468234116,1.9860320504356563
45.89794897448724,1.9677010306703775
45.92296148074037,1.9214438788230142
45.947973986993496,1.916312012044949
45.97298649324662,1.846508472426862
45.99799899949975,1.8818686238968265
46.023011505752876,1.8193771170608988
46.048024012006,1.8221434040730298
46.07303651825913,1.7454599917261902
46.09804902451226,1.7379035780563605
46.12306153076538,1.6918867074315147
46.14807403701851,1.726800722452409
46.17308654327164,1.6303443817546526
46.198099049524764,1.6488852424716793
46.22311155577789,1.6394636137163285
46.24812406203102,1.6262034935559482
46.273136568284144,1.5877910091187155
46.29814907453727,1.4985962316517132
46.3231615807904,1.477029543663593
46.348174087043525,1.4577376427237663
46.37318659329665,1.3962087060602555
46.39819909954978,1.3881565089846495
46.423211605802905,1.2961345807759304
46.448224112056025,1.3300400476961203
46.47323661830915,1.3003226441485625
46.49824912456228,1.2000608429321005
46.523261630815405,1.2126691474606741
46.54827413706853,1.1757215473128264
46.57328664332166,1.0760365207209373
46.598299149574785,1.0530648259213007
46.62331165582791,0.9842283524472109
46.64832416208104,0.9398317026528162
46.673336668334166,0.9211392971521098
46.69834917458729,0.845275866125343
46.72336168084042,0.7933404037149445
46.748374187093546,0.8261184166094299
46.77338669334667,0.7021649412109776
46.7983991995998,0.6725739702267393
46.823411705852926,0.6619963885140104
46.84842421210605,0.5739860815086206
46.87343671835918,0.5692823945628901
46.89844922461231,0.5227423239897533
46.923461730865434,0.4828489174266135
46.94847423711856,0.3530958310048849
46.97348674337169,0.3017161981166163
46.998499249624814,0.28272279752952467
47.02351175587794,0.2049702467308785
47.04852426213107,0.21837081612187334
47.073536768384194,0.1414134546890316
47.09854927463732,0.0998331936282845
47.12356178089045,0.07905152144745169
47.148574287143575,0.042075865096879314
47.1735867933967,-0.08640341061092605
47.19859929964983,-0.0993288523639573
47.22361180590295,-0.1822692765901452
47.248624312156075,-0.22174056417326796
47.2736368184092,-0.19993892502263588
47.29864932466233,-0.2793939088280527
47.323661830915455,-0.3270574716913373
47.34867433716858,-0.3541012404542104
47.37368684342171,-0.47080423685619216
47.398699349674835,-0.5409843645542999
47.42371185592796,-0.5407661588368562
47.44872436218109,-0.5747719314511208
47.473736868434216,-0.6528323362703075
47.49874937468734,-0.7308487373555153
47.52376188094047,-0.7637681407631361
47.548774387193596,-0.7363103534340065
47.57378689344672,-0.8536305956134643
47.59879939969985,-0.8255801878652566
47.62381190595298,-0.9277094231387506
47.6488244122061,-0.908124876602989
47.67383691845923,-1.0418472518659443
47.69884942471236,-0.989447848873036
47.723861930965484,-1.0464829158623001
47.74887443721861,-1.167169155844748
47.77388694347174,-1.1164567302665107
47.798899449724864,-1.1838612664081878
47.82391195597799,-1.2446558420796008
47.84892446223112,-1.2300490516584615
47.873936968484244,-1.2890581856998766
47.89894947473737,-1.3440812878386896
47.9239619809905,-1.408269550344748
47.948974487243625,-1.4073745131639426
47.97398699349675,-1.4718213392301034
47.99899949974988,-1.5264535568260076
48.024012006003,-1.480425290889102
48.049024512256125,-1.566880128700298
48.07403701850925,-1.5383088582813933
48.09904952476238,-1.599544090862838
48.124062031015505,-1.6359681902780026
48.14907453726863,-1.6433794520715157
48.17408704352176,-1.6896591693265746
48.199099549774886,-1.7139509573502778
48.22411205602801,-1.688021709222956
48.24912456228114,-1.734668002985051
48.274137068534266,-1.8016736778623983
48.29914957478739,-1.798073794425369
48.32416208104052,-1.7753150953668717
48.349174587293646,-1.8603254656596246
48.37418709354677,-1.8930074893056357
48.3991995997999,-1.8927003002348708
48.42421210605303,-1.86877078965269
48.44922461230615,-1.859297255245698
48.47423711855928,-1.8740419666854997
48.49924962481241,-1.8841352035872563
48.524262131065534,-1.9539425813684652
48.54927463731866,-1.95762977796763
48.57428714357179,-1.9436658095833805
48.599299649824914,-1.9474357862630556
48.62431215607804,-1.9480413959867011
48.64932466233117,-1.9852632793747664
48.674337168584294,-1.9209746563406482
48.69934967483742,-1.904236166774832
48.72436218109055,-1.9407964159038118
48.749374687343675,-1.9757247223407735
48.7743871935968,-1.934171966659605
48.79939969984993,-1.981314805136043
48.82441220610305,-1.8942895765751537
48.849424712356175,-1.9690778281737396
48.8744372186093,-1.8740323635808314
48.89944972486243,-1.8602668643108473
48.924462231115555,-1.8802035763877536
48.94947473736868,-1.9222228958398009
48.97448724362181,-1.8345038228053585
48.999499749874936,-1.8616645718020544
49.02451225612806,-1.8905103285859255
49.04952476238119,-1.7957870651748569
49.074537268634316,-1.8158596791281576
49.09954977488744,-1.800496691817256
49.12456228114057,-1.745125574383929
49.149574787393696,-1.7650770114497814
49.17458729364682,-1.69837250800724
49.19959979989995,-1.658450235698953
49.22461230615308,-1.6987767459113632
49.2496248124062,-1.6671268471973117
49.27463731865933,-1.6504254658742301
49.29964982491246,-1.549423372536694
49.324662331165584,-1.5852914078996179
49.34967483741871,-1.5684992842307357
49.37468734367184,-1.5412602782379787
49.399699849924964,-1.4729950924056787
49.42471235617809,-1.4219727252261913
49.44972486243122,-1.4454359143972448
49.474737368684345,-1.3378760764512643
49.49974987493747,-1.3822060051908545
49.5247623811906,-1.315913258592476
49.549774887443725,-1.2760451066566612
49.57478739369685,-1.2483257817291125
49.59979989994998,-1.2111929797374141
49.6248124062031,-1.1654103650814223
49.649824912456225,-1.1519706499484648
49.67483741870935,-1.090846719749236
49.69984992496248,-1.0346213876599002
49.724862431215605,-0.9439157999845367
49.74987493746873,-0.8934569947108791
49.77488744372186,-0.8875718182123672
49.799899949974986,-0.8346587670904893
49.82491245622811,-0.7998805660015498
49.84992496248124,-0.8037853746799212
49.874937468734366,-0.7118626529063405
49.89994997498749,-0.6766263107058458
49.92496248124062,-0.6621483604762974
49.949974987493746,-0.5585140778574075
49.97498749374687,-0.5292834013646024
50.0,-0.4629793164294802
