x,y
0.0,0.030819416710445337
0.02501250625312656,0.11323550081267436
0.05002501250625312,0.1056812074809937
0.0750375187593797,0.19656080278567215
0.10005002501250625,0.2040694778912273
0.12506253126563283,0.32507255640445
0.1500750375187594,0.379065436705817
0.17508754377188596,0.38945615137706974
0.2001000500250125,0.43663193298744857
0.22511255627813906,0.5090532376665967
0.25012506253126565,0.5681162906950425
0.2751375687843922,0.6309837624525134
0.3001500750375188,0.6109201371739853
0.32516258129064535,0.6811737237949846
0.3501750875437719,0.745764426634451
0.3751875937968984,0.7963178427223508
0.400200100050025,0.7933744422720618
0.42521260630315155,0.8519355116152342
0.4502251125562781,0.9627361230992835
0.4752376188094047,0.9830892069716483
0.5002501250625313,0.9877004992249776
0.5252626313156579,1.025507334825384
0.5502751375687844,1.080681315768092
0.575287643821911,1.1677956127973483
0.6003001500750376,1.1936082798669865
0.6253126563281641,1.2113488515618622
0.6503251625812907,1.2609613478777197
0.6753376688344173,1.30025130940093
0.7003501750875438,1.367962925964229
0.7253626813406704,1.36637641704441
0.7503751875937968,1.4398512043632963
0.7753876938469234,1.4644361746212446
0.80040020010005,1.4980484390163142
0.8254127063531765,1.5638998768710966
0.8504252126063031,1.529053310138526
0.8754377188594297,1.5737444584843563
0.9004502251125562,1.6433571099772255
0.9254627313656828,1.6325329489861875
0.9504752376188094,1.6970012108695924
0.9754877438719359,1.7403412603614878
1.0005002501250626,1.7676795341921996
1.0255127563781892,1.7642804521525388
1.0505252626313157,1.7697336508805175
1.0755377688844423,1.807579523164803
1.1005502751375689,1.8347222525707547
1.1255627813906954,1.8235532642606294
1.150575287643822,1.8522559678529373
1.1755877938969486,1.9406138915458926
1.2006003001500751,1.942415684615243
1.2256128064032017,1.896812866089722
1.2506253126563283,1.9247156239223175
1.2756378189094548,1.9732434982618168
1.3006503251625814,2.007017958214592
1.325662831415708,1.9756012967375556
1.3506753376688345,2.005406193929963
1.375687843921961,1.9907232192470976
1.4007003501750876,2.060824199070241
1.4257128564282142,2.0209672274896953
1.4507253626813408,2.0476314829302487
1.4757378689344671,1.9917776107438818
1.5007503751875937,2.000084837937797
1.5257628814407203,2.0637732070206924
1.5507753876938468,2.0596012216858153
1.5757878939469734,2.038332357726355
1.6008004002001,2.0744619543734806
1.6258129064532265,2.0725427233821474
1.650825412706353,2.086243621458739
1.6758379189594796,2.086059563407014
1.7008504252126062,1.9946945075362807
1.7258629314657328,2.034997073567589
1.7508754377188593,2.0370095129377983
1.775887943971986,2.022772980779682
1.8009004502251125,2.004707053845229
1.825912956478239,2.0325633825444345
1.8509254627313656,1.9618853840603514
1.8759379689844922,1.9524908153983258
1.9009504752376187,1.9456149709638804
1.9259629814907453,1.925575550126657
1.9509754877438719,1.911035630192821
1.9759879939969984,1.847189812170675
2.001000500250125,1.8521559464505
2.0260130065032516,1.8625867544265404
2.0510255127563783,1.8370577999687936
2.0760380190095047,1.758178168872301
2.1010505252626315,1.7280237894065233
2.126063031515758,1.7372545699210808
2.1510755377688846,1.7442900577730067
2.176088044022011,1.6894799244673606
2.2011005502751377,1.690223693504065
2.226113056528264,1.5987869721562227
2.251125562781391,1.6413487192485567
2.276138069034517,1.6223549772486963
2.301150575287644,1.5473067762901171
2.3261630815407703,1.4590402703240366
2.351175587793897,1.4297393977462556
2.3761880940470235,1.468607420502249
2.4012006003001503,1.3640243814034463
2.4262131065532766,1.3437025385089159
2.4512256128064034,1.3695603987794784
2.4762381190595297,1.2459967445617643
2.5012506253126565,1.206416849166512
2.526263131565783,1.1557304335439031
2.5512756378189096,1.1142033340134174
2.576288144072036,1.130846913834974
2.6013006503251628,1.0977910196506893
2.626313156578289,1.013844197456036
2.651325662831416,0.9791990158323862
2.6763381690845423,0.9540010105452997
2.701350675337669,0.8856349298968929
2.7263631815907954,0.8781874662427088
2.751375687843922,0.8184211779127027
2.7763881940970485,0.8136903393654166
2.8014007003501753,0.7279602225253968
2.8264132066033016,0.7186472623300537
2.8514257128564284,0.6220896881845601
2.8764382191095548,0.5333828296654286
2.9014507253626816,0.5612533819046944
2.926463231615808,0.476720605508568
2.9514757378689342,0.4492916420384901
2.976488244122061,0.36328064663419735
3.0015007503751874,0.31922024959000217
3.026513256628314,0.3295712733515197
3.0515257628814405,0.20235532655830415
3.0765382691345673,0.1340725119670078
3.1015507753876936,0.11833961716685307
3.1265632816408204,0.09088501990287276
3.1515757878939468,-0.010825698629900104
3.1765882941470736,-0.004160398351818917
3.2016008004002,-0.0963710623914033
3.2266133066533267,-0.09019797910125336
3.251625812906453,-0.19539208919690296
3.27663831915958,-0.26555893337262254
3.301650825412706,-0.3082088438898427
3.326663331665833,-0.3227713502748625
3.3516758379189593,-0.3172493671201477
3.376688344172086,-0.41402828341767106
3.4017008504252124,-0.5122551050817066
3.426713356678339,-0.5030919997561994
3.4517258629314655,-0.5128067912018026
3.4767383691845923,-0.644220294270201
3.5017508754377187,-0.681618315562388
3.5267633816908455,-0.7078231236414869
3.551775887943972,-0.6978792888730212
3.5767883941970986,-0.8289934058562528
3.601800900450225,-0.8827947561186636
3.6268134067033517,-0.895239307638202
3.651825912956478,-0.9643554959822964
3.676838419209605,-0.9955995627432189
3.701850925462731,-1.0545177426388028
3.726863431715858,-1.0795399123564617
3.7518759379689843,-1.1021023410073247
3.776888444222111,-1.156091609219779
3.8019009504752375,-1.1935483857973674
3.8269134567283642,-1.2365237574662336
3.8519259629814906,-1.2457368895313061
3.8769384692346174,-1.339077440798785
3.9019509754877437,-1.2952857237741373
3.9269634817408705,-1.3954478820240515
3.951975987993997,-1.4015965950639504
3.9769884942471236,-1.387624643873756
4.00200100050025,-1.4834324192277184
4.027013506753376,-1.5405084654647725
4.052026013006503,-1.5247391101542902
4.07703851925963,-1.5486644119402415
4.102051025512757,-1.622425648431708
4.127063531765883,-1.5749504068593116
4.152076038019009,-1.6044287190265558
4.177088544272136,-1.6515575288710436
4.202101050525263,-1.71494240285829
4.227113556778389,-1.7550559813201785
4.252126063031516,-1.7493830779870647
4.277138569284642,-1.7709931601194027
4.302151075537769,-1.8307147575718583
4.327163581790895,-1.7621004564148872
4.352176088044022,-1.8236513767036127
4.377188594297149,-1.8502268787964085
4.4022011005502755,-1.8265606530062364
4.427213606803401,-1.83384170773546
4.452226113056528,-1.8777863381262885
4.477238619309655,-1.936099152981781
4.502251125562782,-1.8970971794228033
4.527263631815908,-1.9630980349881717
4.552276138069034,-1.8836868561087832
4.577288644322161,-1.909153803143987
4.602301150575288,-1.8948077580952123
4.627313656828414,-1.9760641431612989
4.652326163081541,-1.9055866725619903
4.6773386693346675,-1.988363251808507
4.702351175587794,-1.98753901750962
4.72736368184092,-1.9359779977938651
4.752376188094047,-1.9430776679660604
4.777388694347174,-1.9861603456887502
4.8024012006003005,-1.9132203214177033
4.827413706853426,-1.985178725143947
4.852426213106553,-1.9003493444961645
4.87743871935968,-1.891230400734634
4.902451225612807,-1.9612351297565636
4.927463731865933,-1.8752514337473412
4.9524762381190595,-1.8862270217542512
4.977488744372186,-1.8539543954662887
5.002501250625313,-1.8785277359054848
5.027513756878439,-1.8538830239053388
5.052526263131566,-1.8744220231545194
5.0775387693846925,-1.840646425435939
5.102551275637819,-1.8094037905946414
5.127563781890945,-1.804548979980435
5.152576288144072,-1.7181438932405275
5.177588794397199,-1.7263135326889931
5.2026013006503256,-1.7512338731777952
5.2276138069034515,-1.6913746341460847
5.252626313156578,-1.6624426190886592
5.277638819409705,-1.6185379507898445
5.302651325662832,-1.5824861436738256
5.327663831915958,-1.5560507444146794
5.3526763381690845,-1.5301053203125152
5.377688844422211,-1.5478822786548325
5.402701350675338,-1.459575216620929
5.427713856928464,-1.4154982334911674
5.452726363181591,-1.3950666128579639
5.4777388694347176,-1.4396474113967321
5.502751375687844,-1.3968186063709056
5.52776388194097,-1.2978027005409831
5.552776388194097,-1.285355042298303
5.577788894447224,-1.2705718866760787
5.602801400700351,-1.1927146723980617
5.6278139069534765,-1.163880055436346
5.652826413206603,-1.1383332676827314
5.67783891945973,-1.0972209380899474
5.702851425712857,-1.007526592370352
5.727863931965983,-1.0113102857757745
5.7528764382191095,-0.9400513786024605
5.777888944472236,-0.8967066857501947
5.802901450725363,-0.8765525749001546
5.827913956978489,-0.8392875840537958
5.852926463231616,-0.7777136319634683
5.877938969484743,-0.7148336616047009
5.9029514757378685,-0.7378464292566403
5.927963981990995,-0.6392052225991239
5.952976488244122,-0.6481547272335739
5.977988994497249,-0.577973600334493
6.003001500750375,-0.5412509384922924
6.0280140070035015,-0.4628933661798989
6.053026513256628,-0.3817811024406472
6.078039019509755,-0.4041914035705686
6.103051525762881,-0.32819201264113096
6.128064032016008,-0.2117942393579862
6.153076538269135,-0.2325198217337303
6.178089044522261,-0.190452720579987
6.203101550775387,-0.083956722904144
6.228114057028514,-0.09027932649722008
6.253126563281641,-0.03722516873968465
6.278139069534768,0.08275994265827791
6.3031515757878935,0.09474748271505962
6.32816408204102,0.09028084775335453
6.353176588294147,0.1798121154982151
6.378189094547274,0.2748025993785073
6.4032016008004,0.3134065523488959
6.428214107053527,0.36688836478488657
6.453226613306653,0.42389907491077006
6.47823911955978,0.48312612715051795
6.503251625812906,0.5329292681947597
6.528264132066033,0.5763455296052569
6.55327663831916,0.5407856194439311
6.578289144572286,0.6219293663337272
6.603301650825412,0.6683704627097703
6.628314157078539,0.7070982192726969
6.653326663331666,0.7745663270359726
6.678339169584793,0.7926545847682248
6.703351675837919,0.8374663710895687
6.728364182091045,0.8812071071661571
6.753376688344172,0.9675072865277476
6.778389194597299,1.0380850088763187
6.803401700850425,1.0269766989973867
6.828414207103552,1.1162485773014703
6.853426713356678,1.130916935646258
6.878439219609805,1.1647831616007713
6.903451725862931,1.2053585869638135
6.928464232116058,1.2787881583102396
6.953476738369185,1.3260530338003422
6.9784892446223115,1.3323772116007764
7.003501750875437,1.3509912861462674
7.028514257128564,1.4429930622364213
7.053526763381691,1.3976335967236837
7.078539269634818,1.4667650611952265
7.103551775887944,1.4706350294594714
7.12856428214107,1.563717309109869
7.153576788394197,1.5661759718418136
7.178589294647324,1.5989962980675236
7.20360180090045,1.6418742876451746
7.228614307153577,1.703329834037221
7.2536268134067035,1.6648927110267564
7.27863931965983,1.7573171576790292
7.303651825912956,1.7903637035797315
7.328664332166083,1.7521048112160307
7.35367683841921,1.8092799610726895
7.3786893446723365,1.7949218374081934
7.403701850925462,1.88750042551856
7.428714357178589,1.8466725777815647
7.453726863431716,1.8967828516421352
7.478739369684843,1.9432846037182079
7.503751875937969,1.9508906625508828
7.5287643821910955,1.9770929096232561
7.553776888444222,2.0007612882723436
7.578789394697349,1.9715396377274168
7.603801900950475,1.9502007116609308
7.628814407203602,1.9821828962737698
7.6538269134567285,1.9733217857301608
7.678839419709855,2.045467507422186
7.703851925962981,2.062870960940197
7.728864432216108,2.029326108402611
7.753876938469235,2.008842250278153
7.7788894447223615,2.093348043581818
7.8039019509754874,2.066501699882677
7.828914457228614,2.0471102108816686
7.853926963481741,2.0916043760624765
7.878939469734868,2.0079673791914563
7.903951975987994,2.0116906443845854
7.9289644822411205,2.0164621891393204
7.953976988494247,2.009658149819601
7.978989494747374,2.0788536326915934
8.0040020010005,2.046869919769199
8.029014507253628,2.0355458937546755
8.054027013506753,2.0382635315760105
8.07903951975988,2.0297190940664795
8.104052026013006,1.9780828224157754
8.129064532266133,1.9824584288287705
8.15407703851926,1.931758852374994
8.179089544772387,1.9027606862200577
8.204102051025513,1.9318316447860173
8.22911455727864,1.9547174385759623
8.254127063531765,1.9295195032418666
8.279139569784892,1.8973491998740044
8.304152076038019,1.841830883960748
8.329164582291146,1.8177290815518714
8.354177088544272,1.7612136468494228
8.379189594797399,1.7796923909845874
8.404202101050526,1.787995674837808
8.429214607303653,1.7320311674007078
8.454227113556778,1.7043433802001853
8.479239619809904,1.6328443816041505
8.504252126063031,1.6033621777322518
8.529264632316158,1.6113066686965993
8.554277138569285,1.6116617176724322
8.579289644822412,1.5872454443928556
8.604302151075538,1.4967781002326266
8.629314657328665,1.4314280234101453
8.65432716358179,1.4362857065251609
8.679339669834917,1.4042988189843064
8.704352176088044,1.3326787148042287
8.72936468234117,1.2908961685895275
8.754377188594297,1.2572957005506742
8.779389694847424,1.2395958383579246
8.804402201100551,1.1746309118938467
8.829414707353676,1.1521595348914873
8.854427213606803,1.154518355672333
8.87943971985993,1.1031156653311882
8.904452226113056,0.9947886455377184
8.929464732366183,0.9772940375901958
8.95447723861931,0.9990817603586535
8.979489744872437,0.9425821842296846
9.004502251125563,0.891509198842714
9.029514757378688,0.8269663805321762
9.054527263631815,0.7438902289552075
9.079539769884942,0.6848948706530757
9.104552276138069,0.6451684069509905
9.129564782391196,0.6527591058803985
9.154577288644322,0.6061814092989781
9.17958979489745,0.4888020076084228
9.204602301150576,0.5001787658965068
9.229614807403701,0.39889076307102184
9.254627313656828,0.41363637855811175
9.279639819909955,0.3140013010236484
9.304652326163081,0.3024041684158608
9.329664832416208,0.20967956567061416
9.354677338669335,0.20753404695731328
9.379689844922462,0.09164439159996177
9.404702351175589,0.06620963802000777
9.429714857428714,0.024152180142534938
9.45472736368184,-0.03430964747705752
9.479739869934967,-0.02797165060031001
9.504752376188094,-0.13024135510716958
9.52976488244122,-0.13674430895331802
9.554777388694347,-0.21469204529923008
9.579789894947474,-0.25256424460416727
9.604802401200601,-0.34406499025385817
9.629814907453726,-0.31030064322546175
9.654827413706853,-0.3626393657774116
9.67983991995998,-0.4222981769146376
9.704852426213106,-0.552099176605735
9.729864932466233,-0.5276818263427813
9.75487743871936,-0.5562658412941894
9.779889944972487,-0.6024567165529536
9.804902451225614,-0.6928575600130572
9.829914957478739,-0.7348030401346581
9.854927463731865,-0.8034911718600659
9.879939969984992,-0.790948759616183
9.904952476238119,-0.8832702436045672
9.929964982491246,-0.936965320876752
9.954977488744372,-0.9274907911396113
9.9799899949975,-1.0035335766782143
10.005002501250626,-1.0553203241399938
10.030015007503751,-1.0836399173144233
10.055027513756878,-1.0867966350584817
10.080040020010005,-1.176887682228674
10.105052526263131,-1.1839047425537832
10.130065032516258,-1.2767261786702953
10.155077538769385,-1.2906841569138603
10.180090045022512,-1.3092458729524212
10.205102551275639,-1.3219401166246871
10.230115057528764,-1.395933590458367
10.25512756378189,-1.432048307575912
10.280140070035017,-1.4127275094897502
10.305152576288144,-1.5022399706330678
10.33016508254127,-1.4918329576760039
10.355177588794398,-1.5397205459693772
10.380190095047524,-1.6171912992146982
10.405202601300651,-1.6467002847685583
10.430215107553776,-1.63267868672606
10.455227613806903,-1.6761568600745114
10.48024012006003,-1.6889610191933715
10.505252626313156,-1.6876777192683734
10.530265132566283,-1.7556327080296645
10.55527763881941,-1.8024249893886888
10.580290145072537,-1.7850393002382714
10.605302651325664,-1.7908817144757576
10.630315157578789,-1.8455442765930616
10.655327663831915,-1.880257025753324
10.680340170085042,-1.8684084084300525
10.705352676338169,-1.8745309183249153
10.730365182591296,-1.9181356325089265
10.755377688844423,-1.911017773102618
10.78039019509755,-1.8771862843503593
10.805402701350676,-1.894391700436198
10.830415207603801,-1.8966325273777174
10.855427713856928,-1.9664947704810893
10.880440220110055,-1.8914970780936446
10.905452726363182,-1.901870684089603
10.930465232616308,-1.982810175386613
10.955477738869435,-1.9883089891073717
10.980490245122562,-1.918560659015239
11.005502751375689,-1.9751448346188853
11.030515257628814,-1.9725634010932565
11.05552776388194,-1.9081198593299336
11.080540270135067,-1.906991704361142
11.105552776388194,-1.9296717103011505
11.13056528264132,-1.8884019303718729
11.155577788894448,-1.8873723743649282
11.180590295147574,-1.9106094129192703
11.205602801400701,-1.892482876913537
11.230615307653826,-1.9012157397188099
11.255627813906953,-1.8656760260866927
11.28064032016008,-1.9031234347553743
11.305652826413207,-1.8416247429314887
11.330665332666333,-1.8740489527763513
11.35567783891946,-1.8234962917543565
11.380690345172587,-1.8138516736663397
11.405702851425714,-1.8133994016234178
11.430715357678839,-1.7972117347660932
11.455727863931966,-1.748954447865279
11.480740370185092,-1.7336633095592775
11.505752876438219,-1.6487099272793748
11.530765382691346,-1.7066859585182443
11.555777888944473,-1.6746204677403587
11.5807903951976,-1.65148931864222
11.605802901450726,-1.5954015716875238
11.630815407703851,-1.5591648178211606
11.655827913956978,-1.4803972676888175
11.680840420210105,-1.4675311432742122
11.705852926463232,-1.4853117265906126
11.730865432716358,-1.4022102228546662
11.755877938969485,-1.3633457563626183
11.780890445222612,-1.3156734144709454
11.805902951475737,-1.293489449319255
11.830915457728864,-1.2836782169562932
11.85592796398199,-1.2385427616922804
11.880940470235117,-1.177495543341587
11.905952976488244,-1.2263117332109643
11.930965482741371,-1.1169333600757543
11.955977988994498,-1.1289021099381595
11.980990495247624,-1.0933735769159276
12.00600300150075,-1.0537756891656131
12.031015507753876,-0.9529350384459778
12.056028014007003,-0.9630845135995657
12.08104052026013,-0.8701014686244096
12.106053026513257,-0.8396010351675633
12.131065532766383,-0.7870181440808403
12.15607803901951,-0.7212310281887344
12.181090545272637,-0.6885967585469367
12.206103051525762,-0.7013533086247777
12.231115557778889,-0.6055449645298336
12.256128064032016,-0.5973570870290505
12.281140570285142,-0.4719004027931696
12.30615307653827,-0.49863303682912496
12.331165582791396,-0.3711471376999268
12.356178089044523,-0.3764486994768711
12.38119059529765,-0.3189834747790319
12.406203101550775,-0.30738860628394593
12.431215607803901,-0.23532051139702687
12.456228114057028,-0.19216141460494257
12.481240620310155,-0.14107271981205238
12.506253126563282,-0.04807375323116306
12.531265632816408,0.024912260434166403
12.556278139069535,0.0010347059008634467
12.581290645322662,0.10186100139325026
12.606303151575787,0.13388701649884321
12.631315657828914,0.18673586173829
12.65632816408204,0.21795896340742613
12.681340670335167,0.3267078806845646
12.706353176588294,0.30421648524020545
12.731365682841421,0.3740650637733097
12.756378189094548,0.390723303942337
12.781390695347675,0.5184261501126232
12.8064032016008,0.5285212108621615
12.831415707853926,0.588168900516922
12.856428214107053,0.6141835574823103
12.88144072036018,0.6350588840636586
12.906453226613307,0.7102493295427088
12.931465732866434,0.7380092984767702
12.95647823911956,0.8090363874111918
12.981490745372687,0.8533346289070332
13.006503251625812,0.9221662988821625
13.031515757878939,0.9170873038348175
13.056528264132066,1.0349148635510095
13.081540770385192,1.0705663872165794
13.10655327663832,1.0519264398881036
13.131565782891446,1.0733470582520803
13.156578289144573,1.1732886692265352
13.1815907953977,1.182121428610419
13.206603301650825,1.2512247900723181
13.231615807903951,1.3147775054973287
13.256628314157078,1.3037514433121007
13.281640820410205,1.3573450885086027
13.306653326663332,1.4138299442450188
13.331665832916459,1.4819396172083519
13.356678339169585,1.5023079845421623
13.381690845422712,1.4680224443398961
13.406703351675837,1.5754827799600306
13.431715857928964,1.580374910282439
13.45672836418209,1.6175429310394442
13.481740870435218,1.6490141315580575
13.506753376688344,1.6648879730878905
13.531765882941471,1.6497452221612856
13.556778389194598,1.7081398735780262
13.581790895447725,1.7749126798525032
13.60680340170085,1.8117831011886585
13.631815907953976,1.8064960751697743
13.656828414207103,1.8691782882365708
13.68184092046023,1.8686245074125942
13.706853426713357,1.844795026071538
13.731865932966484,1.845019229553693
13.75687843921961,1.897670526546074
13.781890945472737,1.9516149409726653
13.806903451725862,1.9800378010825832
13.831915957978989,2.0026128223439184
13.856928464232116,1.9634848764214408
13.881940970485243,1.959055791196835
13.90695347673837,1.9873851823541098
13.931965982991496,2.014987960899377
13.956978489244623,1.9730916857695184
13.98199099549775,1.9936328524330498
14.007003501750875,2.0287742763067587
14.032016008004002,2.066336811682682
14.057028514257128,2.0900044474321664
14.082041020510255,2.09176334286011
14.107053526763382,2.086888654756185
14.132066033016509,2.029813398744511
14.157078539269635,2.0010309428875988
14.182091045522762,2.0333957330776995
14.207103551775887,2.0180085905336287
14.232116058029014,2.075263090077326
14.25712856428214,1.9874166845955457
14.282141070535268,2.0783855022524786
14.307153576788394,2.058444116614652
14.332166083041521,1.9643854293993728
14.357178589294648,1.990389131508994
14.382191095547775,1.9460117917674309
14.4072036018009,2.0169963616839066
14.432216108054027,1.92841885120041
14.457228614307153,1.9577713601544229
14.48224112056028,1.8904963614345978
14.507253626813407,1.9229048732030263
14.532266133066534,1.8488559883465476
14.55727863931966,1.883531529267423
14.582291145572787,1.8934589479270112
14.607303651825912,1.846616708327384
14.632316158079039,1.8248526625846482
14.657328664332166,1.7790420557222026
14.682341170585293,1.771841329563996
14.70735367683842,1.724818701635595
14.732366183091546,1.6808368438487653
14.757378689344673,1.714727633002127
14.782391195597798,1.6528525756211057
14.807403701850925,1.6231983411043331
14.832416208104052,1.575070112749215
14.857428714357178,1.5411462384057852
14.882441220610305,1.5155223137563643
14.907453726863432,1.4844072643586492
14.932466233116559,1.421780804642307
14.957478739369686,1.379871411058682
14.98249124562281,1.34994897622447
15.007503751875937,1.2982438766303521
15.032516258129064,1.2731432038615684
15.057528764382191,1.299133087548883
15.082541270635318,1.2572032429426907
15.107553776888444,1.2038629592890882
15.132566283141571,1.187675239833965
15.157578789394698,1.093400521178579
15.182591295647823,1.0048120456447924
15.20760380190095,1.0096436483091598
15.232616308154077,0.9170643333504954
15.257628814407203,0.9554921176291935
15.28264132066033,0.8798842404439771
15.307653826913457,0.8367505191400142
15.332666333166584,0.802678948724258
15.35767883941971,0.7203317849555397
15.382691345672836,0.723610431253142
15.407703851925962,0.6676314527315356
15.43271635817909,0.5965728719474997
15.457728864432216,0.49820348807042814
15.482741370685343,0.4995361642029561
15.50775387693847,0.46408031300372904
15.532766383191596,0.37921756006844315
15.557778889444723,0.3736724261249339
15.582791395697848,0.31074049666315356
15.607803901950975,0.26083314107189415
15.632816408204102,0.19655588475877503
15.657828914457228,0.19316254846640285
15.682841420710355,0.11056778433871173
15.707853926963482,0.04768794461398522
15.732866433216609,0.04004092705523352
15.757878939469736,-0.023987201731719185
15.78289144572286,-0.1071715177213591
15.807903951975987,-0.14100528585989658
15.832916458229114,-0.23207958133696363
15.857928964482241,-0.26834025131037237
15.882941470735368,-0.2852142664630502
15.907953976988495,-0.3951265571980914
15.932966483241621,-0.37354991203119203
15.957978989494748,-0.4515641294531174
15.982991495747873,-0.5244335197465028
16.008004002001,-0.548879622186282
16.03301650825413,-0.5967461183758347
16.058029014507255,-0.6109205644782505
16.08304152076038,-0.6445513861657004
16.108054027013505,-0.6834032315148805
16.133066533266632,-0.8167584055954407
16.15807903951976,-0.8236409124828425
16.183091545772886,-0.8273530553815897
16.208104052026012,-0.8818606786368205
16.23311655827914,-0.9603209026669616
16.258129064532266,-0.9854813493273558
16.283141570785393,-1.0691735717086621
16.30815407703852,-1.0504581795780887
16.333166583291646,-1.158233273203563
16.358179089544773,-1.1492409428665933
16.3831915957979,-1.1837796294566356
16.408204102051027,-1.2734391932641096
16.433216608304154,-1.2888205124925938
16.45822911455728,-1.363660834948776
16.483241620810404,-1.3775620538984437
16.50825412706353,-1.3876494837764413
16.533266633316657,-1.4067663003184505
16.558279139569784,-1.4987571697100388
16.58329164582291,-1.5251762215037659
16.608304152076037,-1.489635412123317
16.633316658329164,-1.5482824360645921
16.65832916458229,-1.5944133747150055
16.683341670835418,-1.6169591700217896
16.708354177088545,-1.6674687344957935
16.73336668334167,-1.688421228038325
16.758379189594798,-1.7031256534834023
16.783391695847925,-1.751592675311745
16.808404202101052,-1.692183023181505
16.83341670835418,-1.721984428833539
16.858429214607305,-1.7694477048183974
16.88344172086043,-1.8142848997098864
16.908454227113555,-1.7754023869912525
16.933466733366682,-1.8147159657517309
16.95847923961981,-1.81594041788934
16.983491745872936,-1.8547925422223788
17.008504252126063,-1.8886167418539057
17.03351675837919,-1.9112139341370358
17.058529264632316,-1.903228836473803
17.083541770885443,-1.9115859269120785
17.10855427713857,-1.9262082480737346
17.133566783391696,-1.947231088730501
17.158579289644823,-1.9572703615528668
17.18359179589795,-1.970339024429972
17.208604302151077,-1.9223078866992378
17.233616808404204,-1.919267996267901
17.25862931465733,-1.9573993657478066
17.283641820910454,-1.9324987677694956
17.30865432716358,-1.9546928877056369
17.333666833416707,-1.9590074970345595
17.358679339669834,-1.9720787304666185
17.38369184592296,-1.890987739676764
17.408704352176088,-1.9348624303356237
17.433716858429214,-1.955106899527129
17.45872936468234,-1.9346102166167585
17.483741870935468,-1.895941370708049
17.508754377188595,-1.8523886082183352
17.53376688344172,-1.891975173531747
17.55877938969485,-1.8593852326739373
17.583791895947975,-1.858045661941606
17.608804402201102,-1.8680338376103973
17.63381690845423,-1.8642622081633065
17.658829414707352,-1.7601882172655787
17.68384192096048,-1.8215240367611338
17.708854427213605,-1.728172584211449
17.733866933466732,-1.7264509037895204
17.75887943971986,-1.7584855064628662
17.783891945972986,-1.7303191797889728
17.808904452226113,-1.6296793969497183
17.83391695847924,-1.6706697050069919
17.858929464732366,-1.657177353124257
17.883941970985493,-1.6019046007046844
17.90895447723862,-1.5739452860047718
17.933966983491747,-1.5435140694967655
17.958979489744873,-1.5194423893594975
17.983991995998,-1.4866777788073946
18.009004502251127,-1.4500847548955986
18.034017008504254,-1.3774370155903395
18.059029514757377,-1.397157656714719
18.084042021010504,-1.382187596831688
18.10905452726363,-1.2651318457561693
18.134067033516757,-1.2949295736928477
18.159079539769884,-1.2482971785820847
18.18409204602301,-1.1645444943702934
18.209104552276138,-1.1539594793658894
18.234117058529264,-1.0736024556146846
18.25912956478239,-1.109658094273832
18.284142071035518,-0.9996421878770045
18.309154577288645,-0.9502797864420408
18.33416708354177,-0.930517946620392
18.3591795897949,-0.8709589682390348
18.384192096048025,-0.8831555075142294
18.409204602301152,-0.7536715384306554
18.43421710855428,-0.7902998137546762
18.459229614807402,-0.7411467049372261
18.48424212106053,-0.6725410959188172
18.509254627313656,-0.5779574607748639
18.534267133566782,-0.5452757927945966
18.55927963981991,-0.5179214083737596
18.584292146073036,-0.44801821445145484
18.609304652326163,-0.4267914942402124
18.63431715857929,-0.355447840335565
18.659329664832416,-0.30158387406649523
18.684342171085543,-0.2583080540867574
18.70935467733867,-0.22132216792487866
18.734367183591797,-0.17360515828311843
18.759379689844923,-0.12772719585482256
18.78439219609805,-0.09033617434805521
18.809404702351177,-0.06048504199394908
18.834417208604304,0.05191691226937001
18.859429714857427,0.10687730788183471
18.884442221110554,0.12143337024246668
18.90945472736368,0.17216648629741232
18.934467233616807,0.18027091899597725
18.959479739869934,0.2517945770805428
18.98449224612306,0.29900141460917123
19.009504752376188,0.34637629872415293
19.034517258629315,0.4407236433555227
19.05952976488244,0.4610198136989471
19.084542271135568,0.5192134412369481
19.109554777388695,0.6139907638837971
19.13456728364182,0.6265335577406763
19.15957978989495,0.6421267649415552
19.184592296148075,0.7364664343543991
19.209604802401202,0.7970891103059634
19.23461730865433,0.7623364708237788
19.259629814907452,0.8411506716225595
19.28464232116058,0.8686934183596663
19.309654827413706,0.9602303322022306
19.334667333666832,0.995891914027314
19.35967983991996,0.9801182104102658
19.384692346173086,1.0436504731093494
19.409704852426213,1.1584222437513232
19.43471735867934,1.1945323994251622
19.459729864932466,1.1528057931772708
19.484742371185593,1.2233385621540986
19.50975487743872,1.234341473285993
19.534767383691847,1.2995107062884506
19.559779889944974,1.3693765134844464
19.5847923961981,1.3582456067809585
19.609804902451227,1.4076406443940976
19.634817408704354,1.4199438579038115
19.659829914957477,1.5318743326522164
19.684842421210604,1.4934998961857233
19.70985492746373,1.5798214046013985
19.734867433716857,1.607908064030527
19.759879939969984,1.6400018584110991
19.78489244622311,1.6961096509864126
19.809904952476238,1.7083025668021772
19.834917458729365,1.7014234528069276
19.85992996498249,1.7829571026834883
19.884942471235618,1.8170313133469096
19.909954977488745,1.7584052757857194
19.93496748374187,1.7793009125490982
19.959979989995,1.8912050931144844
19.984992496248125,1.814047747207743
20.010005002501252,1.8622822236740768
20.03501750875438,1.9397301639040405
20.060030015007502,1.9605462912286988
20.08504252126063,1.9306956570676337
20.110055027513756,1.9069039841421973
20.135067533766883,1.9823788026910136
20.16008004002001,2.0066904672366705
20.185092546273136,2.034518751963035
20.210105052526263,2.0148903135152936
20.23511755877939,2.0498202056063004
20.260130065032516,2.061830946403719
20.285142571285643,2.0285714968782096
20.31015507753877,1.988895459366458
20.335167583791897,2.045416338037873
20.360180090045024,2.027625352070853
20.38519259629815,2.0544873094269356
20.410205102551277,2.0533674795203343
20.435217608804404,2.0594423293730517
20.460230115057527,2.0499920362776747
20.485242621310654,2.048715458020601
20.51025512756378,2.081279740018045
20.535267633816908,2.0612038455666997
20.560280140070034,1.9926611556000609
20.58529264632316,2.0613005808430858
20.610305152576288,2.010510205506969
20.635317658829415,2.024806095265324
20.66033016508254,2.031442878443554
20.68534267133567,1.959993657930401
20.710355177588795,1.939482964626855
20.735367683841922,1.9576073682037873
20.76038019009505,1.9154895557893756
20.785392696348175,1.900754408351958
20.810405202601302,1.9229229960405472
20.835417708854425,1.8653161327719283
20.860430215107552,1.8656247282289784
20.88544272136068,1.851270211314499
20.910455227613806,1.785105651429369
20.935467733866933,1.8129830823491457
20.96048024012006,1.7444768914101305
20.985492746373186,1.7629551521848135
21.010505252626313,1.705007287222069
21.03551775887944,1.654507484918204
21.060530265132567,1.658157580932997
21.085542771385693,1.6098658051425048
21.11055527763882,1.5980405827236202
21.135567783891947,1.583162405549421
21.160580290145074,1.527365250624926
21.1855927963982,1.5257609261426244
21.210605302651327,1.415116830291099
21.23561780890445,1.4572702937531754
21.260630315157577,1.3959152887688944
21.285642821410704,1.3920712101458335
21.31065532766383,1.322460719877193
21.335667833916958,1.2210653397570415
21.360680340170084,1.2261947930412025
21.38569284642321,1.1487669176902995
21.410705352676338,1.1333451387981275
21.435717858929465,1.1153965711368332
21.46073036518259,1.0728527740483365
21.48574287143572,1.0569126648580134
21.510755377688845,0.9418215430395729
21.535767883941972,0.8929963260705867
21.5607803901951,0.8921309496324787
21.585792896448226,0.8444585199585092
21.610805402701352,0.764079649638042
21.635817908954476,0.712706905096252
21.660830415207602,0.6920972543402332
21.68584292146073,0.6593678485017179
21.710855427713856,0.6038576367445271
21.735867933966983,0.5443307227549475
21.76088044022011,0.5544194989340674
21.785892946473236,0.43238179850209735
21.810905452726363,0.3993219511534332
21.83591795897949,0.3898079152600876
21.860930465232617,0.2873015283820637
21.885942971485743,0.26713430042217823
21.91095547773887,0.16773595232627708
21.935967983991997,0.2035404325286198
21.960980490245124,0.07632336976919156
21.98599299649825,0.07859844151956924
22.011005502751377,-0.023977927566241238
22.0360180090045,-0.0656732478030121
22.061030515257627,-0.12754795675067565
22.086043021510754,-0.13911766921015892
22.11105552776388,-0.16007044701421824
22.136068034017008,-0.19478873558757176
22.161080540270135,-0.3146647053160988
22.18609304652326,-0.3473586431576633
22.211105552776388,-0.3768094888805764
22.236118059029515,-0.4367161572000787
22.26113056528264,-0.45928927098421174
22.28614307153577,-0.5449415596974568
22.311155577788895,-0.5962026041356104
22.336168084042022,-0.6595069913383066
22.36118059029515,-0.688412036363673
22.386193096548276,-0.751221462632963
22.411205602801402,-0.7530772074744299
22.436218109054526,-0.810804108768109
22.461230615307652,-0.8314316308381662
22.48624312156078,-0.8888396970881319
22.511255627813906,-0.921446202833641
22.536268134067033,-0.9694482436019435
22.56128064032016,-1.0124007590167239
22.586293146573286,-1.0757808212969238
22.611305652826413,-1.1401872825061192
22.63631815907954,-1.1933284214584896
22.661330665332667,-1.2287312478143586
22.686343171585793,-1.2082335630187435
22.71135567783892,-1.3042830279505386
22.736368184092047,-1.2751024101465074
22.761380690345174,-1.3864683029611136
22.7863931965983,-1.4166720154544408
22.811405702851427,-1.401073430401514
22.83641820910455,-1.495327847043739
22.861430715357677,-1.5036810836806893
22.886443221610804,-1.4619237496489768
22.91145572786393,-1.5640910015280407
22.936468234117058,-1.551277130186598
22.961480740370185,-1.619678662610602
22.98649324662331,-1.6776513677401184
23.011505752876438,-1.6413664237974626
23.036518259129565,-1.6656933131352796
23.06153076538269,-1.6593364919406304
23.08654327163582,-1.7279871521283612
23.111555777888945,-1.7612971188973927
23.136568284142072,-1.7644823969775036
23.1615807903952,-1.7586187934167714
23.186593296648326,-1.7981252751633008
23.211605802901452,-1.8038342433810342
23.236618309154576,-1.8508278058298275
23.261630815407702,-1.8840407135247244
23.28664332166083,-1.8719374760093928
23.311655827913956,-1.9333800464906783
23.336668334167083,-1.9419115178133937
23.36168084042021,-1.9358169758753405
23.386693346673336,-1.8760085312314305
23.411705852926463,-1.8997201028720974
23.43671835917959,-1.9586996879609955
23.461730865432717,-1.9879833903981128
23.486743371685844,-1.9590155292761124
23.51175587793897,-1.9071880568559663
23.536768384192097,-1.9634144158716198
23.561780890445224,-1.9919138082683767
23.58679339669835,-1.9074734215968605
23.611805902951474,-1.979103633082199
23.6368184092046,-1.9872513116818753
23.661830915457728,-1.8959565847506619
23.686843421710854,-1.8974923841285398
23.71185592796398,-1.8958202685709966
23.736868434217108,-1.8808765637431633
23.761880940470235,-1.9203008676704088
23.78689344672336,-1.8725390550021601
23.81190595297649,-1.9150160474412605
23.836918459229615,-1.9038096602075465
23.861930965482742,-1.8895911736412132
23.88694347173587,-1.8881108367750592
23.911955977988995,-1.8393548039429841
23.936968484242122,-1.8310391448942072
23.96198099049525,-1.782817222134559
23.986993496748376,-1.8056797025728668
24.0120060030015,-1.7646201913839392
24.037018509254626,-1.7497115970826267
24.062031015507753,-1.7046060556195526
24.08704352176088,-1.6814238352396378
24.112056028014006,-1.6098310065725512
24.137068534267133,-1.6485086977843493
24.16208104052026,-1.5528624313990795
24.187093546773387,-1.5954719453653115
24.212106053026513,-1.5000479341173978
24.23711855927964,-1.4892059298334026
24.262131065532767,-1.480766978130409
24.287143571785894,-1.4113400639130147
24.31215607803902,-1.3733002903514073
24.337168584292147,-1.4110433800195397
24.362181090545274,-1.3847619580387354
24.3871935967984,-1.3564230494891572
24.412206103051524,-1.2993414606807194
24.43721860930465,-1.260968407405979
24.462231115557778,-1.17610424530371
24.487243621810904,-1.1807690408666316
24.51225612806403,-1.0633316216817645
24.537268634317158,-1.1093458323530303
24.562281140570285,-1.0723353496496126
24.58729364682341,-0.9563948929290175
24.61230615307654,-0.9226827426536464
24.637318659329665,-0.9067515611403172
24.662331165582792,-0.8874321660219142
24.68734367183592,-0.7664329103821604
24.712356178089045,-0.7263621835542184
24.737368684342172,-0.7477248224156208
24.7623811905953,-0.6848036953242547
24.787393696848426,-0.6255164706064067
24.81240620310155,-0.5583565093688945
24.837418709354676,-0.5273291277110167
24.862431215607803,-0.448910220536048
24.88744372186093,-0.4739658147689207
24.912456228114056,-0.4347198136303598
24.937468734367183,-0.3228095508316697
24.96248124062031,-0.31217711019857286
24.987493746873437,-0.23384647926868207
25.012506253126563,-0.18478671556377874
25.03751875937969,-0.14674563573586913
25.062531265632817,-0.062034797247809914
25.087543771885944,-0.07684647459705744
25.11255627813907,0.026948527494884675
25.137568784392197,0.041811816237405534
25.162581290645324,0.0800090731223468
25.18759379689845,0.2013769438143721
25.212606303151574,0.18321511996013876
25.2376188094047,0.27702163543335234
25.262631315657828,0.32258075958255283
25.287643821910955,0.36028281848907784
25.31265632816408,0.37827217706864485
25.337668834417208,0.4773231719667954
25.362681340670335,0.5328770676236637
25.38769384692346,0.5077595834855988
25.41270635317659,0.5556007064490247
25.437718859429715,0.6699669674314046
25.462731365682842,0.7021609012131461
25.48774387193597,0.7101129636547385
25.512756378189096,0.8046795964046759
25.537768884442222,0.8153163965591592
25.56278139069535,0.9090148252899276
25.587793896948476,0.9398169040415082
25.6128064032016,0.9560365444743935
25.637818909454726,1.0561773007250745
25.662831415707853,1.0837406008086456
25.68784392196098,1.1130194384196939
25.712856428214106,1.1550637452753454
25.737868934467233,1.177957689652407
25.76288144072036,1.2500284062751226
25.787893946973487,1.2491841903220768
25.812906453226613,1.3072840993889472
25.83791895947974,1.3252160559946748
25.862931465732867,1.4036079730277424
25.887943971985994,1.4407185375225342
25.91295647823912,1.4090463159903421
25.937968984492247,1.5408566526940868
25.962981490745374,1.5569896513602506
25.9879939969985,1.528211977470371
26.013006503251624,1.6372983725003158
26.03801900950475,1.6637090444528524
26.063031515757878,1.645379988760568
26.088044022011005,1.681333898281725
26.11305652826413,1.6848496112020368
26.138069034517258,1.6949550128941566
26.163081540770385,1.7406120614311031
26.18809404702351,1.7994409597275598
26.21310655327664,1.8630971056807193
26.238119059529765,1.7977190263033451
26.263131565782892,1.8232017323677003
26.28814407203602,1.8538858980795556
26.313156578289146,1.9290107888820167
26.338169084542272,1.9170432933880837
26.3631815907954,1.9517127782304793
26.388194097048526,1.9286696260694676
26.41320660330165,1.9726856924393161
26.438219109554776,1.9784376574622449
26.463231615807903,2.033506314029298
26.48824412206103,2.00638755276915
26.513256628314156,2.0443515708709383
26.538269134567283,1.9739663912885939
26.56328164082041,2.00788637823895
26.588294147073537,1.9872476978544227
26.613306653326664,2.0826070562016774
26.63831915957979,2.0709572438705033
26.663331665832917,2.0617866212709974
26.688344172086044,2.00754311150518
26.71335667833917,2.051730312953597
26.738369184592298,2.068331505119395
26.763381690845424,2.0302310738961196
26.788394197098548,2.0083642649901163
26.813406703351674,2.0066057354311155
26.8384192096048,2.018791701905751
26.863431715857928,1.9901487639537352
26.888444222111055,2.007861278902901
26.91345672836418,2.019891267560071
26.93846923461731,2.0119145175786795
26.963481740870435,2.0068361929021705
26.988494247123562,1.956315650203156
27.01350675337669,1.919065305343778
27.038519259629815,1.9153938996931574
27.063531765882942,1.9260278960941801
27.08854427213607,1.8547015712802886
27.113556778389196,1.9279108894260537
27.138569284642323,1.8429118649934129
27.16358179089545,1.872760050045923
27.188594297148573,1.7695614276279172
27.2136068034017,1.8422971685293799
27.238619309654826,1.8146801886585775
27.263631815907953,1.7566876397160163
27.28864432216108,1.7307736051884706
27.313656828414207,1.679648084786111
27.338669334667333,1.6566450347413357
27.36368184092046,1.6657587331890373
27.388694347173587,1.5835866698818675
27.413706853426714,1.5649838541652696
27.43871935967984,1.5171198252588671
27.463731865932967,1.4734443937920845
27.488744372186094,1.4857787087252583
27.51375687843922,1.459805827035483
27.538769384692348,1.4359282528696629
27.563781890945474,1.3116025851525732
27.588794397198598,1.312277432022787
27.613806903451724,1.2715667975791427
27.63881940970485,1.2471551115833062
27.663831915957978,1.2249354168627447
27.688844422211105,1.1310998485808363
27.71385692846423,1.090526221836574
27.73886943471736,1.0356362775217756
27.763881940970485,1.0573818130284045
27.788894447223612,1.013623792150298
27.81390695347674,0.9156910141876095
27.838919459729865,0.8890140998421585
27.863931965982992,0.8154081389153759
27.88894447223612,0.8191987244105745
27.913956978489246,0.7072364389593567
27.938969484742373,0.6823856488401774
27.9639819909955,0.6427573113005294
27.988994497248623,0.5749011482319514
28.01400700350175,0.5633145054519743
28.039019509754876,0.4881054913636315
28.064032016008003,0.46918738964969064
28.08904452226113,0.4249180878259968
28.114057028514257,0.3704142323817264
28.139069534767383,0.3380514517633391
28.16408204102051,0.268107373981071
28.189094547273637,0.17888459875848847
28.214107053526764,0.13409683285919682
28.23911955977989,0.09118221908249019
28.264132066033017,0.09029928157856265
28.289144572286144,0.054586337988181105
28.31415707853927,-0.07034629899223718
28.339169584792398,-0.05107699440220874
28.364182091045524,-0.10371218211450853
28.389194597298648,-0.17963528400955772
28.414207103551774,-0.18924869377625098
28.4392196098049,-0.24789229335076418
28.464232116058028,-0.31879548265769986
28.489244622311155,-0.3726453673680934
28.51425712856428,-0.43967353735332293
28.53926963481741,-0.4750781082844281
28.564282141070535,-0.5267599394676231
28.589294647323662,-0.5421225233673077
28.61430715357679,-0.612328231394547
28.639319659829916,-0.6159883678036215
28.664332166083042,-0.7027555619235537
28.68934467233617,-0.7695222070916705
28.714357178589296,-0.825512574676119
28.739369684842423,-0.8464916792749079
28.76438219109555,-0.8917167299064762
28.789394697348673,-0.9031339677584219
28.8144072036018,-1.0151554832913297
28.839419709854926,-0.9819294328471102
28.864432216108053,-1.089236201186048
28.88944472236118,-1.1196676586158052
28.914457228614307,-1.1123736749316457
28.939469734867433,-1.2095193964739397
28.96448224112056,-1.182715744536201
28.989494747373687,-1.2654926485447677
29.014507253626814,-1.262560379388565
29.03951975987994,-1.376169737680642
29.064532266133067,-1.4083170621676688
29.089544772386194,-1.3936595178599818
29.11455727863932,-1.4522410699516601
29.139569784892448,-1.4867637661463313
29.164582291145575,-1.5181383796987529
29.189594797398698,-1.5678978741153333
29.214607303651825,-1.5417134513077104
29.23961980990495,-1.571934448414468
29.264632316158078,-1.6104097684380025
29.289644822411205,-1.6751462910356687
29.31465732866433,-1.6858379748885455
29.33966983491746,-1.6885139511652687
29.364682341170585,-1.7309217900652825
29.389694847423712,-1.7538841244856986
29.41470735367684,-1.7790073216547375
29.439719859929966,-1.7590907248309666
29.464732366183092,-1.790282695115875
29.48974487243622,-1.836835735058022
29.514757378689346,-1.7947877605220823
29.539769884942473,-1.8374459346178853
29.564782391195596,-1.8982017251971206
29.589794897448723,-1.865988639170253
29.61480740370185,-1.927945673779506
29.639819909954976,-1.9252148502228599
29.664832416208103,-1.9525976506275784
29.68984492246123,-1.9334591506652297
29.714857428714357,-1.9534590369275757
29.739869934967484,-1.9535629280758786
29.76488244122061,-1.9675896424468229
29.789894947473737,-1.9874553128103283
29.814907453726864,-1.9694665350881464
29.83991995997999,-1.9544540821474352
29.864932466233117,-1.9307227403290699
29.889944972486244,-1.9530387652907804
29.91495747873937,-1.9230000676635288
29.939969984992498,-1.8918898423273014
29.96498249124562,-1.9196809941104611
29.989994997498748,-1.8873292559774224
30.015007503751875,-1.9388108936515545
30.040020010005,-1.8848938507205468
30.06503251625813,-1.8646404624369013
30.090045022511255,-1.9249720020948429
30.115057528764382,-1.9048222131919716
30.14007003501751,-1.818533203887657
30.165082541270635,-1.8377665107705214
30.190095047523762,-1.8795082788948385
30.21510755377689,-1.7714364767245958
30.240120060030016,-1.7744730147432566
30.265132566283143,-1.7801453324699081
30.29014507253627,-1.7819549546867672
30.315157578789396,-1.7099949319917083
30.340170085042523,-1.665468595781555
30.365182591295646,-1.7160276021945078
30.390195097548773,-1.6926332187491773
30.4152076038019,-1.6422498570601256
30.440220110055026,-1.6188812782085211
30.465232616308153,-1.5791350595916662
30.49024512256128,-1.5504534586578773
30.515257628814407,-1.522267561371785
30.540270135067534,-1.4621750799700466
30.56528264132066,-1.4260679479618974
30.590295147573787,-1.379492353205446
30.615307653826914,-1.4011828825959665
30.64032016008004,-1.3188643456889377
30.665332666333168,-1.3108296592484392
30.690345172586294,-1.3260269915371004
30.71535767883942,-1.2599985015828987
30.740370185092548,-1.2246979531885385
30.76538269134567,-1.166698844512041
30.790395197598798,-1.1361570580476736
30.815407703851925,-1.060911234351878
30.84042021010505,-1.015973441316709
30.86543271635818,-1.0060274728918326
30.890445222611305,-0.9763317185749166
30.915457728864432,-0.9151024956585931
30.94047023511756,-0.8584787308508293
30.965482741370685,-0.8489695803860865
30.990495247623812,-0.8004576322753669
31.01550775387694,-0.7014718156368619
31.040520260130066,-0.6381696930237912
31.065532766383193,-0.6351731304676582
31.09054527263632,-0.5520823397840162
31.115557778889446,-0.5080057445325526
31.140570285142573,-0.45463490587189664
31.165582791395696,-0.407869637526856
31.190595297648823,-0.3916419545653389
31.21560780390195,-0.3698483180123628
31.240620310155077,-0.26018433716804884
31.265632816408203,-0.23707500612066984
31.29064532266133,-0.17642728203695873
31.315657828914457,-0.13773064173274843
31.340670335167584,-0.05242949430005514
31.36568284142071,-0.04445197659892104
31.390695347673837,-0.03767279862444867
31.415707853926964,0.025917797182078456
31.44072036018009,0.05278470965351804
31.465732866433218,0.17839304896900404
31.490745372686344,0.1649279676164893
31.51575787893947,0.2804865682415745
31.540770385192598,0.30183745774053017
31.56578289144572,0.32809384074911013
31.590795397698848,0.4079779708348944
31.615807903951975,0.4373726135355049
31.6408204102051,0.51260521165063
31.66583291645823,0.5893407337430993
31.690845422711355,0.6016707360382508
31.715857928964482,0.6083053473314801
31.74087043521761,0.6832383090901577
31.765882941470736,0.7720975115619346
31.790895447723862,0.7857414426090171
31.81590795397699,0.830812624632181
31.840920460230116,0.8605264354857337
31.865932966483243,0.8798782410080527
31.89094547273637,0.9792975199777574
31.915957978989496,1.0106137752797693
31.940970485242623,1.0354186597029016
31.965982991495746,1.063272167234317
31.990995497748873,1.130108048888694
32.016008004002,1.1551545292675598
32.04102051025513,1.250074704577271
32.06603301650826,1.2993308141557867
32.091045522761384,1.2544969156203913
32.11605802901451,1.3115068442302467
32.14107053526764,1.3820474724414937
32.16608304152076,1.3638889063969712
32.191095547773884,1.443714912403531
32.21610805402701,1.4936233113759094
32.24112056028014,1.52417886453967
32.266133066533264,1.564840564171797
32.29114557278639,1.6108446365919769
32.31615807903952,1.6459437106401873
32.341170585292645,1.6692019839299426
32.36618309154577,1.7166252905717547
32.3911955977989,1.6763810033736402
32.416208104052025,1.7294588491303622
32.44122061030515,1.7493186832013885
32.46623311655828,1.7707609008020604
32.491245622811405,1.852743132474916
32.51625812906453,1.837713417122127
32.54127063531766,1.8988899310436977
32.566283141570786,1.9236295691445555
32.59129564782391,1.8513392899287155
32.61630815407704,1.94442800470277
32.641320660330166,1.9138069847402086
32.66633316658329,1.9673109832984204
32.69134567283642,1.9616785261839262
32.716358179089546,2.005333424962707
32.74137068534267,2.013526435026611
32.7663831915958,2.049504636248078
32.79139569784893,2.017793875061715
32.81640820410205,2.0376112241814806
32.84142071035518,2.0631437336603065
32.86643321660831,2.0372027558223236
32.891445722861434,2.02507537336879
32.91645822911456,2.0149962294019046
32.94147073536768,2.008326878124771
32.96648324162081,2.048848128744887
32.991495747873934,2.0980618920833605
33.01650825412706,2.082348702504363
33.04152076038019,2.0129727009427056
33.066533266633314,2.0913087039206735
33.09154577288644,1.994257274089238
33.11655827913957,2.0569699088292457
33.141570785392695,2.0427450133145224
33.16658329164582,2.034108799109265
33.19159579789895,1.9611005612068642
33.216608304152075,2.0339838367993224
33.2416208104052,1.9481348041863207
33.26663331665833,1.972596232051436
33.291645822911455,1.9982250630476244
33.31665832916458,1.9451921627847988
33.34167083541771,1.9617767977907676
33.366683341670836,1.8703869174037961
33.39169584792396,1.8562207737016563
33.41670835417709,1.917943017853829
33.441720860430216,1.8614557797709137
33.46673336668334,1.8139379580012212
33.49174587293647,1.8424752848817525
33.516758379189596,1.7421834986007811
33.54177088544272,1.7561316164754708
33.56678339169585,1.7554993288547565
33.59179589794898,1.6498817993187818
33.616808404202104,1.624133940673311
33.64182091045523,1.6454038563293754
33.66683341670836,1.6504194477255583
33.691845922961484,1.5346000601449308
33.71685842921461,1.5627338939002289
33.74187093546773,1.5118686075992434
33.76688344172086,1.4486083955464926
33.791895947973984,1.3934890944112721
33.81690845422711,1.3922107959799372
33.84192096048024,1.369016449457398
33.866933466733364,1.3404690495957783
33.89194597298649,1.294112435848503
33.91695847923962,1.2167933390822514
33.941970985492745,1.2028911301810654
33.96698349174587,1.167482870616207
33.991995997999,1.09252568731103
34.017008504252125,1.0612664654945827
34.04202101050525,1.0297560545769004
34.06703351675838,0.9798635790424012
34.092046023011505,0.9072328987186233
34.11705852926463,0.8714279688121453
34.14207103551776,0.8620984440260777
34.167083541770886,0.8154488918966586
34.19209604802401,0.7213398270452932
34.21710855427714,0.7453163433676735
34.242121060530266,0.6902501494953157
34.26713356678339,0.5838309491611463
34.29214607303652,0.5431400426758657
34.31715857928965,0.4851273457121367
34.34217108554277,0.4698813558016718
34.3671835917959,0.38761023803052586
34.39219609804903,0.3882982476425784
34.417208604302154,0.3365077204957898
34.44222111055528,0.2676390560829545
34.46723361680841,0.24390405801291487
34.492246123061534,0.13670757256120133
34.51725862931466,0.15778457836452014
34.54227113556778,0.043271550653500065
34.56728364182091,-0.01449454036830912
34.592296148074034,0.002058050566991723
34.61730865432716,-0.09257525742895341
34.64232116058029,-0.12904064086479833
34.667333666833414,-0.12458260751589724
34.69234617308654,-0.23628695680489825
34.71735867933967,-0.25696510661329974
34.742371185592795,-0.34659582826202984
34.76738369184592,-0.3514497283990373
34.79239619809905,-0.4559908028436739
34.817408704352175,-0.47836053067554524
34.8424212106053,-0.47677727979173756
34.86743371685843,-0.5372752564434109
34.892446223111556,-0.6072389230828235
34.91745872936468,-0.6398500417265376
34.94247123561781,-0.6929174445619074
34.967483741870936,-0.7660517192810569
34.99249624812406,-0.8082461689753653
35.01750875437719,-0.7925380842565517
35.042521260630316,-0.9206136843509158
35.06753376688344,-0.9392146171679175
35.09254627313657,-0.93648225091443
35.1175587793897,-1.0138543182900157
35.14257128564282,-1.0103115307643327
35.16758379189595,-1.0706936655882686
35.19259629814908,-1.1036436266461545
35.217608804402204,-1.145782737904855
35.24262131065533,-1.2363891559048994
35.26763381690846,-1.2810419373241042
35.292646323161584,-1.3038582990963614
35.317658829414704,-1.2914344887141311
35.34267133566783,-1.3149369578756571
35.36768384192096,-1.4100925538566589
35.392696348174084,-1.4264188024954696
35.41770885442721,-1.4691902045128307
35.44272136068034,-1.4765747102409807
35.467733866933465,-1.5594734516277973
35.49274637318659,-1.5593581322607941
35.51775887943972,-1.5636026128974783
35.542771385692845,-1.6263638973632393
35.56778389194597,-1.6246293214358505
35.5927963981991,-1.7104712487266804
35.617808904452225,-1.7018703172339718
35.64282141070535,-1.6966190358337845
35.66783391695848,-1.7393047991149249
35.692846423211606,-1.7915692392114315
35.71785892946473,-1.7810215559501765
35.74287143571786,-1.818536461074179
35.767883941970986,-1.7871937795815214
35.79289644822411,-1.8599611833013534
35.81790895447724,-1.8848189813662966
35.842921460730366,-1.8840766592062244
35.86793396698349,-1.8509499147159227
35.89294647323662,-1.8923092101376338
35.91795897948975,-1.9422982542489917
35.94297148574287,-1.9158668342471148
35.967983991996,-1.8752424971204835
35.99299649824913,-1.966873835483794
36.018009004502254,-1.9839004660615622
36.04302151075538,-1.964086589341719
36.06803401700851,-1.971636928068136
36.093046523261634,-1.933423401794935
36.118059029514754,-1.9041375461986196
36.14307153576788,-1.921734362081187
36.16808404202101,-1.9363367656128725
36.193096548274134,-1.9474761115642856
36.21810905452726,-1.9600957405800543
36.24312156078039,-1.9770326241192517
36.268134067033515,-1.9494307970032252
36.29314657328664,-1.9134423277256785
36.31815907953977,-1.9062058678685092
36.343171585792895,-1.9418080870906471
36.36818409204602,-1.9110732551550162
36.39319659829915,-1.8963493448666093
36.418209104552275,-1.904011718708986
36.4432216108054,-1.8358101383508256
36.46823411705853,-1.7957476087159199
36.493246623311656,-1.7711737857615828
36.51825912956478,-1.8297525138948134
36.54327163581791,-1.749902300351891
36.568284142071036,-1.7467348547765493
36.59329664832416,-1.7841615974791065
36.61830915457729,-1.7053742112839545
36.643321660830416,-1.740152199721879
36.66833416708354,-1.707962943521051
36.69334667333667,-1.600574728136679
36.7183591795898,-1.638585697465029
36.743371685842924,-1.6124780559112404
36.76838419209605,-1.578463269873018
36.79339669834918,-1.5051124937663805
36.818409204602304,-1.4893772117907946
36.84342171085543,-1.4831463715302946
36.86843421710856,-1.402483011144331
36.893446723361684,-1.3795975818144308
36.918459229614804,-1.3787166845309742
36.94347173586793,-1.2830887244333913
36.96848424212106,-1.3135732630032266
36.993496748374184,-1.2716041687933064
37.01850925462731,-1.236196723668933
37.04352176088044,-1.1503194008667297
37.068534267133565,-1.1582959740816892
37.09354677338669,-1.1127763537981887
37.11855927963982,-1.0133136729926957
37.143571785892945,-1.0426078519265551
37.16858429214607,-0.9548590895389332
37.1935967983992,-0.8727661104272542
37.218609304652325,-0.8795921104935116
37.24362181090545,-0.8745087784304875
37.26863431715858,-0.7595888636042816
37.293646823411706,-0.7812159137563295
37.31865932966483,-0.709607012254233
37.34367183591796,-0.6053427006354629
37.368684342171086,-0.5894014202844517
37.39369684842421,-0.5612848576493717
37.41870935467734,-0.4720660615932712
37.44372186093047,-0.4514178979367421
37.46873436718359,-0.4314442596925938
37.49374687343672,-0.39902196630282444
37.51875937968985,-0.29428642500912894
37.543771885942974,-0.2638700582253125
37.5687843921961,-0.22712938876412297
37.59379689844923,-0.11072644035108604
37.618809404702354,-0.13597212819871607
37.64382191095548,-0.043854672907814765
37.66883441720861,0.029564018477910764
37.693846923461734,0.06124357199060508
37.718859429714854,0.09448760847961205
37.74387193596798,0.11358488187711979
37.76888444222111,0.20187994875428786
37.793896948474234,0.19163407933358023
37.81890945472736,0.3063342934953326
37.84392196098049,0.3419915153720662
37.868934467233615,0.40656792756360133
37.89394697348674,0.41696218496326554
37.91895947973987,0.5358327988392688
37.943971985992995,0.5436678363122521
37.96898449224612,0.6212902522100721
37.99399699849925,0.6094771219356814
38.019009504752376,0.694907946697973
38.0440220110055,0.751473403507676
38.06903451725863,0.7919643393010892
38.094047023511756,0.8378370897292317
38.11905952976488,0.8756980526504302
38.14407203601801,0.9106279925062949
38.169084542271136,0.9950687766574446
38.19409704852426,0.9554052451783298
38.21910955477739,1.068473599763648
38.24412206103052,1.082744123354107
38.26913456728364,1.1598082189556935
38.29414707353677,1.192162313678142
38.3191595797899,1.2046315403465593
38.344172086043024,1.2498868084782149
38.36918459229615,1.321834753026418
38.39419709854928,1.2984405735793567
38.419209604802404,1.3284901455655438
38.44422211105553,1.444685174687451
38.46923461730866,1.4656028028919201
38.49424712356178,1.4766899165691425
38.519259629814904,1.4937472790263673
38.54427213606803,1.5632030534687105
38.56928464232116,1.6016654217603585
38.594297148574285,1.6553153663241003
38.61930965482741,1.655791583136238
38.64432216108054,1.7095490475538786
38.669334667333665,1.7404928820924774
38.69434717358679,1.735658928274391
38.71935967983992,1.7470293418729872
38.744372186093045,1.7347868373303945
38.76938469234617,1.7788222956877777
38.7943971985993,1.8288530291516514
38.819409704852426,1.8110611092760445
38.84442221110555,1.8623527768532715
38.86943471735868,1.8779238141036838
38.894447223611806,1.9327532703657355
38.91945972986493,1.9029875352638967
38.94447223611806,1.9800378532757608
38.969484742371186,1.9862137362183765
38.99449724862431,1.9661085311009188
39.01950975487744,1.9611072083458456
39.04452226113057,1.984434470760555
39.06953476738369,2.0151483225046642
39.09454727363682,2.0402111890761407
39.11955977988995,2.0080761728741314
39.144572286143074,2.0827631310310974
39.1695847923962,2.0363174939448596
39.19459729864933,2.0884836973797887
39.219609804902454,2.051266474262849
39.24462231115558,2.009072004818093
39.26963481740871,2.0523292270261235
39.29464732366183,2.063620775430069
39.319659829914954,2.000887820081834
39.34467233616808,2.037100905850255
39.36968484242121,2.0844480544976562
39.394697348674335,2.081953667016263
39.41970985492746,2.0186919565612698
39.44472236118059,2.021106043135939
39.469734867433715,1.960857388668743
39.49474737368684,2.03735068912872
39.51975987993997,1.9848141672079713
39.544772386193095,2.011610889259517
39.56978489244622,1.9551887455123802
39.59479739869935,1.8993794898480396
39.619809904952476,1.9735936291315233
39.6448224112056,1.8929824009377423
39.66983491745873,1.8633744707911488
39.694847423711856,1.8553195283879866
39.71985992996498,1.8670711342492503
39.74487243621811,1.8041285615706184
39.769884942471236,1.768760725860907
39.79489744872436,1.7748876716562063
39.81990995497749,1.76754376576393
39.84492246123062,1.7110598811771665
39.86993496748374,1.6634430758639442
39.89494747373687,1.646357385362916
39.91995997999,1.6806633783335967
39.944972486243124,1.631041783700711
39.96998499249625,1.610559729311749
39.99499749874938,1.5747768383898098
40.020010005002504,1.5155734076260032
40.04502251125563,1.429434364480887
40.07003501750876,1.461923808184664
40.09504752376188,1.4499275511603253
40.120060030015004,1.3490308153897759
40.14507253626813,1.359071405519426
40.17008504252126,1.3258714775534017
40.195097548774385,1.2317140939492681
40.22011005502751,1.2521160452462816
40.24512256128064,1.1761243912816368
40.270135067533765,1.0962051735466491
40.29514757378689,1.093242094942155
40.32016008004002,1.0460623989204194
40.345172586293145,1.0137895327813489
40.37018509254627,0.914239329268094
40.3951975987994,0.8828006387022207
40.420210105052526,0.8823774159623063
40.44522261130565,0.8205560982494273
40.47023511755878,0.7644379591745426
40.495247623811906,0.7205915001189952
40.52026013006503,0.6959527018899669
40.54527263631816,0.6120746446654816
40.57028514257129,0.5646666958749283
40.59529764882441,0.5739715666527372
40.62031015507754,0.5012958857435696
40.64532266133067,0.4526987810780604
40.670335167583794,0.38173381835142234
40.69534767383692,0.3078216168837133
40.72036018009005,0.26541351292129445
40.745372686343174,0.1981984927653115
40.7703851925963,0.16388046405144743
40.79539769884943,0.17711913529921686
40.820410205102554,0.048497148510539115
40.84542271135568,0.00847853920238211
40.87043521760881,-0.057508831879289686
40.89544772386193,-0.02018650333902322
40.920460230115054,-0.09810580415550393
40.94547273636818,-0.19371755520910502
40.97048524262131,-0.233099759736301
40.995497748874435,-0.25805017618272985
41.02051025512756,-0.31500004071368404
41.04552276138069,-0.3491105081722831
41.070535267633815,-0.43776611756985356
41.09554777388694,-0.47576497407326573
41.12056028014007,-0.49894248287897275
41.145572786393195,-0.5467890792484684
41.17058529264632,-0.6446773329282822
41.19559779889945,-0.6693512063515304
41.220610305152576,-0.7147147479973712
41.2456228114057,-0.7711855046160787
41.27063531765883,-0.8111497204451217
41.295647823911956,-0.8577814260486476
41.32066033016508,-0.8338216634245754
41.34567283641821,-0.9415613451143819
41.37068534267134,-0.9139939744059068
41.39569784892446,-0.9980489130441492
41.42071035517759,-1.0675109754857444
41.44572286143072,-1.114164678134167
41.470735367683844,-1.1579912510263577
41.49574787393697,-1.1683098542335935
41.5207603801901,-1.212940532700317
41.545772886443224,-1.2369291766981951
41.57078539269635,-1.2370705279988834
41.59579789894948,-1.3572879540518326
41.620810405202604,-1.3872919400548704
41.64582291145573,-1.438541818540639
41.67083541770885,-1.3838319002401163
41.69584792396198,-1.4449879934168082
41.720860430215104,-1.468695011575279
41.74587293646823,-1.5270984371567202
41.77088544272136,-1.5538491209959622
41.795897948974485,-1.5809768012068997
41.82091045522761,-1.6478106722131576
41.84592296148074,-1.6512778108378283
41.870935467733865,-1.656556786878053
41.89594797398699,-1.739789348257585
41.92096048024012,-1.672308813395879
41.945972986493246,-1.69828168617762
41.97098549274637,-1.7134009531166106
41.9959979989995,-1.7873035311532133
42.021010505252626,-1.813540743709636
42.04602301150575,-1.8150406681212117
42.07103551775888,-1.79249536309934
42.096048024012006,-1.8541725143511651
42.12106053026513,-1.8741224772001523
42.14607303651826,-1.9183520248776071
42.17108554277139,-1.9090412236899106
42.19609804902451,-1.9424934329189971
42.22111055527764,-1.9312222070991567
42.24612306153077,-1.897690368266589
42.271135567783894,-1.8968820027782805
42.29614807403702,-1.8898998750357106
42.32116058029015,-1.9365948102865116
42.346173086543274,-1.9290399475294473
42.3711855927964,-1.9113362258452047
42.39619809904953,-1.9207617389557012
42.421210605302655,-1.9311234635581371
42.44622311155578,-1.907780160042145
42.4712356178089,-1.9408812327641367
42.49624812406203,-1.912907703472504
42.521260630315155,-1.8916206980031314
42.54627313656828,-1.899839994386877
42.57128564282141,-1.9691833239289265
42.596298149074535,-1.9425078569882943
42.62131065532766,-1.8811865156781153
42.64632316158079,-1.9088003063498875
42.671335667833915,-1.845605860828352
42.69634817408704,-1.8360739025279278
42.72136068034017,-1.8583288619985097
42.746373186593296,-1.7890453031011573
42.77138569284642,-1.8550202515943994
42.79639819909955,-1.787729178208719
42.821410705352676,-1.8273848980683702
42.8464232116058,-1.767439877997156
42.87143571785893,-1.7543368131145383
42.896448224112056,-1.7432467993550018
42.92146073036518,-1.6541696242046138
42.94647323661831,-1.6474460808944225
42.97148574287144,-1.6322159896318902
42.99649824912456,-1.613612717123998
43.02151075537769,-1.62274804448146
43.04652326163082,-1.5770332682713721
43.071535767883944,-1.5750330047821057
43.09654827413707,-1.512250759886591
43.1215607803902,-1.445845981321318
43.146573286643324,-1.4129870757749536
43.17158579289645,-1.4471577992174391
43.19659829914958,-1.3633788980851558
43.221610805402705,-1.314486558285864
43.24662331165583,-1.2437098853292392
43.27163581790895,-1.2347549975898933
43.29664832416208,-1.1685595077360162
43.321660830415205,-1.159300246819777
43.34667333666833,-1.15036679001068
43.37168584292146,-1.0766859407805434
43.396698349174585,-1.07192066563709
43.42171085542771,-1.060098451909059
43.44672336168084,-0.9293518652527715
43.471735867933965,-0.9577721647993461
43.49674837418709,-0.9283844741668205
43.52176088044022,-0.8825828733659948
43.546773386693346,-0.827243365050817
43.57178589294647,-0.7882642896150204
43.5967983991996,-0.709515408147794
43.621810905452726,-0.6908182512541465
43.64682341170585,-0.5695149249176423
43.67183591795898,-0.5489148504765758
43.69684842421211,-0.4931044821663514
43.72186093046523,-0.44582250596128
43.74687343671836,-0.41626153345797046
43.77188594297149,-0.3439214326645864
43.796898449224614,-0.28918347653007265
43.82191095547774,-0.22866282065916532
43.84692346173087,-0.20504665537126188
43.871935967983994,-0.21451912741226237
43.89694847423712,-0.13969730058889074
43.92196098049025,-0.08645356649045827
43.946973486743374,-0.036081918341372116
43.9719859929965,0.04504933009033136
43.99699849924963,0.0359719506026754
44.022011005502755,0.15036274495882174
44.04702351175588,0.18706495462296105
44.072036018009,0.2280965946068609
44.09704852426213,0.3146065830540967
44.122061030515255,0.3366455008520566
44.14707353676838,0.42195556357702213
44.17208604302151,0.44067439109265216
44.197098549274635,0.5130014578265856
44.22211105552776,0.5539617510940332
44.24712356178089,0.591673689194963
44.272136068034015,0.5932300796120128
44.29714857428714,0.6459600874873829
44.32216108054027,0.7281673920599819
44.347173586793396,0.7583843099090144
44.37218609304652,0.7849729331693649
44.39719859929965,0.8833847377139787
44.422211105552776,0.9085920396113469
44.4472236118059,0.9733854866421205
44.47223611805903,1.0113480331751388
44.49724862431216,1.0452676123140205
44.52226113056528,1.0492303637428941
44.54727363681841,1.1140487045007703
44.57228614307154,1.1788052891965095
44.597298649324664,1.2390993293111487
44.62231115557779,1.2130287796858021
44.64732366183092,1.3049727352427554
44.672336168084044,1.3480786061059562
44.69734867433717,1.3898992619716828
44.7223611805903,1.3947789322622048
44.747373686843424,1.4702576460238062
44.77238619309655,1.4622885566050552
44.79739869934968,1.5265360894894302
44.822411205602805,1.5057406428180202
44.847423711855924,1.5778815535329367
44.87243621810905,1.5965278613750287
44.89744872436218,1.6269682383796855
44.922461230615305,1.6896503968766328
44.94747373686843,1.695838656451464
44.97248624312156,1.7560099514797838
44.997498749374685,1.7390250565624805
45.02251125562781,1.7369967257823637
45.04752376188094,1.805995508456705
45.072536268134066,1.850836120121715
45.09754877438719,1.8226562273139257
45.12256128064032,1.8441042939954966
45.147573786893446,1.9312740396097117
45.17258629314657,1.9304378977855299
45.1975987993997,1.8989688112343226
45.222611305652826,1.9788542065441204
45.24762381190595,1.9171413137602826
45.27263631815908,1.9794880906029335
45.29764882441221,1.9514611455627673
45.32266133066533,1.9562276367823048
45.34767383691846,2.028296384374827
45.37268634317159,2.0454930193700642
45.397698849424714,2.0651563902684824
45.42271135567784,2.047595634236445
45.44772386193097,2.06072340106898
45.472736368184094,2.0384130835572236
45.49774887443722,2.008302998537039
45.52276138069035,2.0045312738658083
45.547773886943475,2.008674494264259
45.5727863931966,2.0218140385431327
45.59779889944973,2.072453272441133
45.622811405702855,2.0336183937622923
45.647823911955975,2.000881719240472
45.6728364182091,2.0497510153536296
45.69784892446223,2.073700979576126
45.722861430715355,1.9739078938151051
45.74787393696848,2.048141181127636
45.77288644322161,1.9712191869271114
45.797898949474735,1.9535461199711124
45.82291145572786,1.991449608148057
45.84792396198099,1.9613236059510342
45.872936468234116,1.9317018121375908
45.89794897448724,1.978015154968693
45.92296148074037,1.9034535744664745
45.947973986993496,1.8567383259554358
45.97298649324662,1.8809368489155154
45.99799899949975,1.8633963758024306
46.023011505752876,1.8639349957543057
46.048024012006,1.8534349826523087
46.07303651825913,1.807852635729086
46.09804902451226,1.7839468745831513
46.12306153076538,1.7604909558239055
46.14807403701851,1.7368347721071062
46.17308654327164,1.6982051981287192
46.198099049524764,1.6209680729665714
46.22311155577789,1.5864441397343376
46.24812406203102,1.553692033270203
46.273136568284144,1.5273449780953559
46.29814907453727,1.564572414035163
46.3231615807904,1.439644811354944
46.348174087043525,1.4740444282068377
46.37318659329665,1.4348312043842237
46.39819909954978,1.3470540039633547
46.423211605802905,1.3696052406218595
46.448224112056025,1.3073716132422701
46.47323661830915,1.3052305345474102
46.49824912456228,1.1716599973783324
46.523261630815405,1.2068329547113037
46.54827413706853,1.1531777106543522
46.57328664332166,1.099105105936536
46.598299149574785,1.0708247918404965
46.62331165582791,0.9908114519765416
46.64832416208104,0.918989250714035
46.673336668334166,0.9594184151851601
46.69834917458729,0.8373471061059732
46.72336168084042,0.8159945323040965
46.748374187093546,0.7705713205318614
46.77338669334667,0.7199765898640564
46.7983991995998,0.6858894080213263
46.823411705852926,0.5988919325985638
46.84842421210605,0.6239181794743363
46.87343671835918,0.5706387229122725
46.89844922461231,0.47466314840621626
46.923461730865434,0.4207439779209285
46.94847423711856,0.3917862331968156
46.97348674337169,0.3763750938749564
46.998499249624814,0.2890115965932096
47.02351175587794,0.28417295381025465
47.04852426213107,0.233949215424944
47.073536768384194,0.18042183101942047
47.09854927463732,0.0929618148578702
47.12356178089045,0.06008771391988493
47.148574287143575,0.04178840509000928
47.1735867933967,-0.07655900389424267
47.19859929964983,-0.10564806533256038
47.22361180590295,-0.15193798595721936
47.248624312156075,-0.18227677882325144
47.2736368184092,-0.20018470667677368
47.29864932466233,-0.2512501537366781
47.323661830915455,-0.29848202706081134
47.34867433716858,-0.4383017480458418
47.37368684342171,-0.4689089145312679
47.398699349674835,-0.5309038350075083
47.42371185592796,-0.5408435806118176
47.44872436218109,-0.5509066861762094
47.473736868434216,-0.645975442492331
47.49874937468734,-0.6579115910382359
47.52376188094047,-0.7016533607435548
47.548774387193596,-0.8165926244676278
47.57378689344672,-0.8390569362340562
47.59879939969985,-0.882362563246462
47.62381190595298,-0.9074584669556155
47.6488244122061,-0.9146298888697736
47.67383691845923,-0.9473333538308268
47.69884942471236,-1.020377408479523
47.723861930965484,-1.029546615270169
47.74887443721861,-1.0724087400124076
47.77388694347174,-1.202950963671593
47.798899449724864,-1.2427487110441664
47.82391195597799,-1.2528888285945647
47.84892446223112,-1.2674927850337658
47.873936968484244,-1.3275205763516489
47.89894947473737,-1.3613456467896072
47.9239619809905,-1.3990720510961927
47.948974487243625,-1.3925355939931707
47.97398699349675,-1.4927570972084476
47.99899949974988,-1.4474036900073557
48.024012006003,-1.535585087814456
48.049024512256125,-1.5904205182452391
48.07403701850925,-1.5746650392740904
48.09904952476238,-1.5980194633763691
48.124062031015505,-1.608663120163791
48.14907453726863,-1.6458555700709137
48.17408704352176,-1.6537175735025273
48.199099549774886,-1.7475299809335503
48.22411205602801,-1.7741319135711064
48.24912456228114,-1.7992867708144649
48.274137068534266,-1.7556558322047433
48.29914957478739,-1.7717044254002343
48.32416208104052,-1.8120588449690962
48.349174587293646,-1.7986863794850123
48.37418709354677,-1.8349814244301892
48.3991995997999,-1.8873356717186545
48.42421210605303,-1.874776334764543
48.44922461230615,-1.8458880901170474
48.47423711855928,-1.91001144795877
48.49924962481241,-1.898497528192868
48.524262131065534,-1.8770631385129568
48.54927463731866,-1.931778134874326
48.57428714357179,-1.9560813691155616
48.599299649824914,-1.945446718148833
48.62431215607804,-1.940909165137577
48.64932466233117,-1.9800063016724962
48.674337168584294,-1.9868183577511294
48.69934967483742,-1.9289392671508974
48.72436218109055,-1.9448796730318452
48.749374687343675,-1.9690886819512063
48.7743871935968,-1.9789973353576424
48.79939969984993,-1.904804284477137
48.82441220610305,-1.8917277050189119
48.849424712356175,-1.8948328332555275
48.8744372186093,-1.8696370716885533
48.89944972486243,-1.8583079466609482
48.924462231115555,-1.8928351095910039
48.94947473736868,-1.9298801858435672
48.97448724362181,-1.8928862854529784
48.999499749874936,-1.8148021823714948
49.02451225612806,-1.7995279915138223
49.04952476238119,-1.8435000834797586
49.074537268634316,-1.8374315672667034
49.09954977488744,-1.7766984515215727
49.12456228114057,-1.7287511284404438
49.149574787393696,-1.772680322267997
49.17458729364682,-1.7431249089203131
49.19959979989995,-1.665350637489586
49.22461230615308,-1.7242375448598513
49.2496248124062,-1.6839809762719269
49.27463731865933,-1.6457000545441365
49.29964982491246,-1.6066286432863224
49.324662331165584,-1.5355800749045603
49.34967483741871,-1.5028988367204887
49.37468734367184,-1.5246963666100422
49.399699849924964,-1.4369158678557892
49.42471235617809,-1.421113466688072
49.44972486243122,-1.450216309042069
49.474737368684345,-1.4172071421656312
49.49974987493747,-1.3321566002203682
49.5247623811906,-1.3204839565638442
49.549774887443725,-1.2437643626801698
49.57478739369685,-1.2212977195609758
49.59979989994998,-1.2146337166302663
49.6248124062031,-1.159408718447311
49.649824912456225,-1.1411157851602993
49.67483741870935,-1.0407501085802775
49.69984992496248,-0.9787025781616725
49.724862431215605,-1.0221030701922809
49.74987493746873,-0.9300786848574779
49.77488744372186,-0.9119514376258315
49.799899949974986,-0.8029850867197137
49.82491245622811,-0.8240775903208561
49.84992496248124,-0.7475196344069285
49.874937468734366,-0.6630758770493437
49.89994997498749,-0.6791352008508121
49.92496248124062,-0.6334283634887091
49.949974987493746,-0.5638251452034767
49.97498749374687,-0.47435595942852804
50.0,-0.47799902456669685
