x,y
0.0,0.06526253671757117
0.02501250625312656,0.09325252205560257
0.05002501250625312,0.12717673339600394
0.0750375187593797,0.21647352337694054
0.10005002501250625,0.28001123096288444
0.12506253126563283,0.30511022385522446
0.1500750375187594,0.34123118206158976
0.17508754377188596,0.35663977334930663
0.2001000500250125,0.49412692947282627
0.22511255627813906,0.5281339208459483
0.25012506253126565,0.5351693232111085
0.2751375687843922,0.6402267179933145
0.3001500750375188,0.6609400548223927
0.32516258129064535,0.6577334487967924
0.3501750875437719,0.7549801916639474
0.3751875937968984,0.7843600610780487
0.400200100050025,0.8754421506439448
0.42521260630315155,0.8361803911944662
0.4502251125562781,0.9414445375465242
0.4752376188094047,0.9532143814897425
0.5002501250625313,1.0240312248297512
0.5252626313156579,1.0998928219648456
0.5502751375687844,1.0937247357583169
0.575287643821911,1.1041230016262822
0.6003001500750376,1.1347726604084203
0.6253126563281641,1.259426644442596
0.6503251625812907,1.2859104167679969
0.6753376688344173,1.3287624494001706
0.7003501750875438,1.3415456039063294
0.7253626813406704,1.388114808583109
0.7503751875937968,1.4372410211670827
0.7753876938469234,1.4151381894847799
0.80040020010005,1.5284690437116055
0.8254127063531765,1.5326929014618837
0.8504252126063031,1.5932296348552564
0.8754377188594297,1.5733083357763522
0.9004502251125562,1.6384955328136985
0.9254627313656828,1.6032634506005112
0.9504752376188094,1.6432030780601152
0.9754877438719359,1.6929165144948681
1.0005002501250626,1.7033623286723245
1.0255127563781892,1.7287002211198232
1.0505252626313157,1.7846185605587472
1.0755377688844423,1.8207229070411106
1.1005502751375689,1.812931132288331
1.1255627813906954,1.8477607294919123
1.150575287643822,1.8496541530862682
1.1755877938969486,1.88545077688396
1.2006003001500751,1.9332514358384885
1.2256128064032017,1.9137980140477728
1.2506253126563283,1.9649355001945594
1.2756378189094548,1.9909173048831312
1.3006503251625814,1.971643787539778
1.325662831415708,2.0183988106681987
1.3506753376688345,1.9919563964515477
1.375687843921961,2.037635862384435
1.4007003501750876,2.0627761338568966
1.4257128564282142,2.0153487563687342
1.4507253626813408,2.044696076457118
1.4757378689344671,2.0755328258541397
1.5007503751875937,2.0537198103671077
1.5257628814407203,2.041243489957939
1.5507753876938468,2.00644798133341
1.5757878939469734,2.0878177689309143
1.6008004002001,2.096237884645545
1.6258129064532265,2.0861921927617777
1.650825412706353,2.0918830259951213
1.6758379189594796,2.048925958873961
1.7008504252126062,2.0552105388040767
1.7258629314657328,2.025985756143104
1.7508754377188593,1.970327254451883
1.775887943971986,2.0061318390759264
1.8009004502251125,1.9518796594671732
1.825912956478239,2.023078312795387
1.8509254627313656,1.9884266110120135
1.8759379689844922,1.9874622667078325
1.9009504752376187,1.9052186612343927
1.9259629814907453,1.8995670919992869
1.9509754877438719,1.93638012451149
1.9759879939969984,1.9082515824456394
2.001000500250125,1.915279901414746
2.0260130065032516,1.8789858936170676
2.0510255127563783,1.8509746526646236
2.0760380190095047,1.8072939510126562
2.1010505252626315,1.8156138382853615
2.126063031515758,1.748752007881342
2.1510755377688846,1.703870348074969
2.176088044022011,1.67119775662206
2.2011005502751377,1.674596709916069
2.226113056528264,1.650646792029075
2.251125562781391,1.6021761768415415
2.276138069034517,1.6024027691129834
2.301150575287644,1.5502423988889402
2.3261630815407703,1.4950937317803203
2.351175587793897,1.4553110186319915
2.3761880940470235,1.403011155327066
2.4012006003001503,1.361896500253479
2.4262131065532766,1.31878217485209
2.4512256128064034,1.2829231622994386
2.4762381190595297,1.2683956651214012
2.5012506253126565,1.2605938770896958
2.526263131565783,1.231087967300394
2.5512756378189096,1.177668107870657
2.576288144072036,1.1399161454099667
2.6013006503251628,1.0923226636938796
2.626313156578289,1.0696957140604917
2.651325662831416,0.9952364952331992
2.6763381690845423,0.9320879668590947
2.701350675337669,0.8953664582483187
2.7263631815907954,0.8662824847073194
2.751375687843922,0.8446459983764
2.7763881940970485,0.8056609089216433
2.8014007003501753,0.6772381251616045
2.8264132066033016,0.6624761993768642
2.8514257128564284,0.6138860168649657
2.8764382191095548,0.5280520747739388
2.9014507253626816,0.5588489292624335
2.926463231615808,0.5016956179228299
2.9514757378689342,0.4440011162185651
2.976488244122061,0.37367090852141804
3.0015007503751874,0.3595408886747395
3.026513256628314,0.3091137220516146
3.0515257628814405,0.23936801306879157
3.0765382691345673,0.22966859969458409
3.1015507753876936,0.1462365005077711
3.1265632816408204,0.12678809628474377
3.1515757878939468,0.06372271163288594
3.1765882941470736,-0.01904822002573365
3.2016008004002,-0.022527528009138598
3.2266133066533267,-0.10633334516710068
3.251625812906453,-0.15032159105115658
3.27663831915958,-0.19212325487571547
3.301650825412706,-0.2688296532227894
3.326663331665833,-0.2917649271708172
3.3516758379189593,-0.3603202734956428
3.376688344172086,-0.44938717739354567
3.4017008504252124,-0.4166429428769104
3.426713356678339,-0.5275132785464666
3.4517258629314655,-0.5195557900178506
3.4767383691845923,-0.5920240770275627
3.5017508754377187,-0.6433257993801328
3.5267633816908455,-0.6974104463677027
3.551775887943972,-0.73421443926965
3.5767883941970986,-0.8146093158318354
3.601800900450225,-0.8693634561626715
3.6268134067033517,-0.8399449446602447
3.651825912956478,-0.9429168962131365
3.676838419209605,-0.9224780904003487
3.701850925462731,-1.0214878442128998
3.726863431715858,-1.0723091858217035
3.7518759379689843,-1.0507261097546299
3.776888444222111,-1.184813574098799
3.8019009504752375,-1.158325052664861
3.8269134567283642,-1.235353579595359
3.8519259629814906,-1.2804942728703248
3.8769384692346174,-1.2573063380141267
3.9019509754877437,-1.3407692631694166
3.9269634817408705,-1.3752980026052053
3.951975987993997,-1.4279994378617349
3.9769884942471236,-1.458802922784802
4.00200100050025,-1.47082995317602
4.027013506753376,-1.4533812977597418
4.052026013006503,-1.5440509331554337
4.07703851925963,-1.580449154054503
4.102051025512757,-1.5933814644423057
4.127063531765883,-1.6630522525553386
4.152076038019009,-1.6193803110092626
4.177088544272136,-1.6882294139985958
4.202101050525263,-1.7201947820405585
4.227113556778389,-1.7509347246781204
4.252126063031516,-1.7389948248426628
4.277138569284642,-1.756448555367917
4.302151075537769,-1.8338787961687693
4.327163581790895,-1.7717323207244957
4.352176088044022,-1.8035894026324994
4.377188594297149,-1.8773158133920187
4.4022011005502755,-1.826122310516343
4.427213606803401,-1.8621643091745943
4.452226113056528,-1.8651184730566794
4.477238619309655,-1.9359630363166416
4.502251125562782,-1.925262101395421
4.527263631815908,-1.941691528344836
4.552276138069034,-1.8912875266301135
4.577288644322161,-1.9736153832951546
4.602301150575288,-1.9247440989966467
4.627313656828414,-1.928685600127398
4.652326163081541,-1.9149249148659624
4.6773386693346675,-1.9927686056239637
4.702351175587794,-1.9207190679988644
4.72736368184092,-1.9297327556179724
4.752376188094047,-1.9542280108852188
4.777388694347174,-1.9878833008898429
4.8024012006003005,-1.9392481340504977
4.827413706853426,-1.9436516600694673
4.852426213106553,-1.9187117221331889
4.87743871935968,-1.928199035343785
4.902451225612807,-1.9196577590427966
4.927463731865933,-1.8945177507010942
4.9524762381190595,-1.8540367556767912
4.977488744372186,-1.9024354212371355
5.002501250625313,-1.8625804719755847
5.027513756878439,-1.8873994727810304
5.052526263131566,-1.8238465731594868
5.0775387693846925,-1.7746035904596518
5.102551275637819,-1.8402511391017866
5.127563781890945,-1.8113410244017738
5.152576288144072,-1.7793288277767974
5.177588794397199,-1.7490843191070615
5.2026013006503256,-1.7508220340887757
5.2276138069034515,-1.6735908091589915
5.252626313156578,-1.6802629448661417
5.277638819409705,-1.5891640442912662
5.302651325662832,-1.6421759278026142
5.327663831915958,-1.5969062752147591
5.3526763381690845,-1.5236594171582092
5.377688844422211,-1.5006983046383255
5.402701350675338,-1.4796866638873192
5.427713856928464,-1.4238815990783102
5.452726363181591,-1.3806133333314226
5.4777388694347176,-1.4153961296954873
5.502751375687844,-1.398040832855994
5.52776388194097,-1.2803934482822363
5.552776388194097,-1.2985178589751663
5.577788894447224,-1.2522627863359779
5.602801400700351,-1.1831750669101286
5.6278139069534765,-1.182560375163623
5.652826413206603,-1.127825106200615
5.67783891945973,-1.0909044496965858
5.702851425712857,-1.0303462647723753
5.727863931965983,-0.991149086931233
5.7528764382191095,-0.9530724943204105
5.777888944472236,-0.8777161124591748
5.802901450725363,-0.8383141677083903
5.827913956978489,-0.8663694847535564
5.852926463231616,-0.7509129151770775
5.877938969484743,-0.7515655894403754
5.9029514757378685,-0.7192707476139891
5.927963981990995,-0.6680146380324588
5.952976488244122,-0.6449696151186888
5.977988994497249,-0.5458443535396205
6.003001500750375,-0.4814791206182142
6.0280140070035015,-0.4070311771644881
6.053026513256628,-0.44529245621486685
6.078039019509755,-0.3544998640656172
6.103051525762881,-0.3257832096828794
6.128064032016008,-0.23515725978688073
6.153076538269135,-0.1741039764446387
6.178089044522261,-0.14507219097348034
6.203101550775387,-0.1459385580880329
6.228114057028514,-0.01632280934898088
6.253126563281641,-0.022282911593765706
6.278139069534768,0.04413500968341006
6.3031515757878935,0.09075588404752573
6.32816408204102,0.10623907983003927
6.353176588294147,0.19296367018066457
6.378189094547274,0.2619757478333075
6.4032016008004,0.33371166161490795
6.428214107053527,0.3817832258312217
6.453226613306653,0.3953991559907998
6.47823911955978,0.40528511221402513
6.503251625812906,0.44342579354374917
6.528264132066033,0.5000262218035203
6.55327663831916,0.5360932911510999
6.578289144572286,0.6693462215958345
6.603301650825412,0.6715382946849355
6.628314157078539,0.6995656020859605
6.653326663331666,0.7452137590923346
6.678339169584793,0.842961176638034
6.703351675837919,0.8577200079511579
6.728364182091045,0.9132209686551814
6.753376688344172,0.9965873898648271
6.778389194597299,0.9975792549324952
6.803401700850425,1.0436377027662194
6.828414207103552,1.1369764075109074
6.853426713356678,1.109173870891647
6.878439219609805,1.1641125324757566
6.903451725862931,1.2384783097349676
6.928464232116058,1.2668632371380377
6.953476738369185,1.2981387803632152
6.9784892446223115,1.2983104599581845
7.003501750875437,1.3827989419446887
7.028514257128564,1.3564730976268993
7.053526763381691,1.45092133312868
7.078539269634818,1.4831340668689106
7.103551775887944,1.5136695036734251
7.12856428214107,1.5060779193562972
7.153576788394197,1.5587622533329988
7.178589294647324,1.6391461365964375
7.20360180090045,1.6185318419086414
7.228614307153577,1.6678453992505662
7.2536268134067035,1.7060279895231916
7.27863931965983,1.7457395984091093
7.303651825912956,1.7205984506883492
7.328664332166083,1.7736894327253072
7.35367683841921,1.7773199127400685
7.3786893446723365,1.8574348178159241
7.403701850925462,1.8606022438475265
7.428714357178589,1.8888939631350052
7.453726863431716,1.8514351162264295
7.478739369684843,1.9030864319507004
7.503751875937969,1.90349209518564
7.5287643821910955,1.8952255548769004
7.553776888444222,2.0105128197471274
7.578789394697349,2.0115716225024087
7.603801900950475,1.9463855929887472
7.628814407203602,1.9943160823931336
7.6538269134567285,2.058325607545416
7.678839419709855,2.0550161335024653
7.703851925962981,1.9948335467918867
7.728864432216108,2.0372815447004404
7.753876938469235,2.0164146923240605
7.7788894447223615,2.0749216916573316
7.8039019509754874,2.010731722065604
7.828914457228614,2.080008561625617
7.853926963481741,2.077509505490899
7.878939469734868,2.0280864028373373
7.903951975987994,2.0694021712402697
7.9289644822411205,2.048952196985747
7.953976988494247,2.0355522390029277
7.978989494747374,2.0645421213431634
8.0040020010005,2.0542025022817487
8.029014507253628,2.0563968127559527
8.054027013506753,1.9769840583206488
8.07903951975988,1.9969063230588673
8.104052026013006,2.0290316412581544
8.129064532266133,1.9668956412934229
8.15407703851926,1.9158002958062506
8.179089544772387,1.949413374573812
8.204102051025513,1.9073566699476672
8.22911455727864,1.8924642412642039
8.254127063531765,1.881216710115614
8.279139569784892,1.9056720360867139
8.304152076038019,1.9007418298389651
8.329164582291146,1.8502709296849973
8.354177088544272,1.7829038364563565
8.379189594797399,1.8152618012098194
8.404202101050526,1.7933535774324225
8.429214607303653,1.7446227124073597
8.454227113556778,1.6656520094971101
8.479239619809904,1.7209329721289768
8.504252126063031,1.6683430160740123
8.529264632316158,1.5876366937291801
8.554277138569285,1.5542794922399177
8.579289644822412,1.5459824810050202
8.604302151075538,1.4744649921389998
8.629314657328665,1.4490619770344968
8.65432716358179,1.4409589420246003
8.679339669834917,1.379089751285291
8.704352176088044,1.3206616605475716
8.72936468234117,1.28932272231426
8.754377188594297,1.246700496649974
8.779389694847424,1.252243522853379
8.804402201100551,1.2301464000003939
8.829414707353676,1.1788624044015676
8.854427213606803,1.1297723320741249
8.87943971985993,1.101346761946125
8.904452226113056,1.0800121816228014
8.929464732366183,1.0311146404503926
8.95447723861931,0.9425037628378614
8.979489744872437,0.873982737446991
9.004502251125563,0.8879528436566314
9.029514757378688,0.8139773729154247
9.054527263631815,0.7288261155677371
9.079539769884942,0.7159815839584841
9.104552276138069,0.7207510242734531
9.129564782391196,0.6053824726834451
9.154577288644322,0.5434271689229687
9.17958979489745,0.5499806141021795
9.204602301150576,0.44099861982936994
9.229614807403701,0.44860373787264446
9.254627313656828,0.3449838875784304
9.279639819909955,0.3070462658845936
9.304652326163081,0.302903968972195
9.329664832416208,0.24229971838685826
9.354677338669335,0.1974287163056474
9.379689844922462,0.16619770848302667
9.404702351175589,0.08325401792274345
9.429714857428714,0.05755160586792795
9.45472736368184,-0.04455555013558425
9.479739869934967,-0.032012144202107906
9.504752376188094,-0.09039614252793456
9.52976488244122,-0.16932563428850478
9.554777388694347,-0.24793954937819926
9.579789894947474,-0.304299222780802
9.604802401200601,-0.3349457335908429
9.629814907453726,-0.3561080359404422
9.654827413706853,-0.4435689082518277
9.67983991995998,-0.48942225226554537
9.704852426213106,-0.4840553014885579
9.729864932466233,-0.5077031004531812
9.75487743871936,-0.5654877567829284
9.779889944972487,-0.6567785408417066
9.804902451225614,-0.7319279347323773
9.829914957478739,-0.7159726980958476
9.854927463731865,-0.8007069842151979
9.879939969984992,-0.8364032180072627
9.904952476238119,-0.8997021290050633
9.929964982491246,-0.8881192839006509
9.954977488744372,-0.9403571314089336
9.9799899949975,-1.0432684957077967
10.005002501250626,-1.0774320839585674
10.030015007503751,-1.1075109926576299
10.055027513756878,-1.0794892771408087
10.080040020010005,-1.2104938795234397
10.105052526263131,-1.2102627701944222
10.130065032516258,-1.271253771119626
10.155077538769385,-1.2638255196523438
10.180090045022512,-1.3252480731593377
10.205102551275639,-1.3662658573100406
10.230115057528764,-1.3575657185236685
10.25512756378189,-1.4455910969210026
10.280140070035017,-1.509472268834149
10.305152576288144,-1.4518666190517597
10.33016508254127,-1.557456622002412
10.355177588794398,-1.5605913964233207
10.380190095047524,-1.609448746737994
10.405202601300651,-1.5677862467696972
10.430215107553776,-1.5993930959167009
10.455227613806903,-1.6451230221894189
10.48024012006003,-1.642009995622146
10.505252626313156,-1.6711134160150882
10.530265132566283,-1.7717632593022
10.55527763881941,-1.732976323972448
10.580290145072537,-1.807739769082201
10.605302651325664,-1.8235295174740243
10.630315157578789,-1.8660407706616646
10.655327663831915,-1.853867676344623
10.680340170085042,-1.8741657855868354
10.705352676338169,-1.911197155120274
10.730365182591296,-1.920081446893721
10.755377688844423,-1.8758449826402015
10.78039019509755,-1.873879538520551
10.805402701350676,-1.9281863372704495
10.830415207603801,-1.90774647353885
10.855427713856928,-1.9039069730706344
10.880440220110055,-1.908505380083493
10.905452726363182,-1.8966758743239929
10.930465232616308,-1.9589757151906098
10.955477738869435,-1.974054349986574
10.980490245122562,-1.9465146348397249
11.005502751375689,-1.9225442325289506
11.030515257628814,-1.94785155614027
11.05552776388194,-1.9366874274108676
11.080540270135067,-1.9026476652772935
11.105552776388194,-1.9421786557754577
11.13056528264132,-1.8859439179710658
11.155577788894448,-1.9409226283610042
11.180590295147574,-1.9001940852890318
11.205602801400701,-1.9010560328202697
11.230615307653826,-1.8657803151803913
11.255627813906953,-1.8947016045258898
11.28064032016008,-1.8520635655625268
11.305652826413207,-1.8986719077506349
11.330665332666333,-1.7930496280286876
11.35567783891946,-1.7720804036098867
11.380690345172587,-1.7612747427911382
11.405702851425714,-1.8051924257445489
11.430715357678839,-1.7329151196585004
11.455727863931966,-1.6999076130099773
11.480740370185092,-1.74119978813811
11.505752876438219,-1.6910736191310254
11.530765382691346,-1.7062935838665192
11.555777888944473,-1.6647338522767439
11.5807903951976,-1.6556132542606292
11.605802901450726,-1.628431667854726
11.630815407703851,-1.5242692860447016
11.655827913956978,-1.480593008591494
11.680840420210105,-1.5088758991103508
11.705852926463232,-1.4191123517806115
11.730865432716358,-1.407610190842276
11.755877938969485,-1.3804681173398794
11.780890445222612,-1.3278724462418454
11.805902951475737,-1.3425451049140185
11.830915457728864,-1.2563219433922268
11.85592796398199,-1.2807790130141694
11.880940470235117,-1.2628472883917543
11.905952976488244,-1.1994273539186835
11.930965482741371,-1.17077469278987
11.955977988994498,-1.138424071774186
11.980990495247624,-1.0691784765361247
12.00600300150075,-1.0431924938350496
12.031015507753876,-0.955305230296055
12.056028014007003,-0.900514996841973
12.08104052026013,-0.888845807166394
12.106053026513257,-0.862925228887936
12.131065532766383,-0.7561246793438757
12.15607803901951,-0.7829967494983384
12.181090545272637,-0.750486063273138
12.206103051525762,-0.623449170845288
12.231115557778889,-0.5717614445092374
12.256128064032016,-0.5912746091738714
12.281140570285142,-0.4658019558570273
12.30615307653827,-0.4971650493714007
12.331165582791396,-0.4061057187827309
12.356178089044523,-0.3835155627492624
12.38119059529765,-0.36407958813661523
12.406203101550775,-0.24848926284708672
12.431215607803901,-0.20386325754728074
12.456228114057028,-0.14163351427450113
12.481240620310155,-0.12504857872273287
12.506253126563282,-0.0744614516077286
12.531265632816408,0.02399524294095666
12.556278139069535,0.05051506463471879
12.581290645322662,0.07451370937860727
12.606303151575787,0.09821215749065616
12.631315657828914,0.19957225612809315
12.65632816408204,0.2688290507229617
12.681340670335167,0.2608959374508787
12.706353176588294,0.29048970520686423
12.731365682841421,0.3766407967289994
12.756378189094548,0.4215098532081475
12.781390695347675,0.4334596540756764
12.8064032016008,0.498510438920971
12.831415707853926,0.621061753230551
12.856428214107053,0.5973854918955324
12.88144072036018,0.6455084762493948
12.906453226613307,0.7513817176789752
12.931465732866434,0.7882287176450006
12.95647823911956,0.8571796040652306
12.981490745372687,0.887589738235125
13.006503251625812,0.90061017286763
13.031515757878939,0.9448894982494598
13.056528264132066,1.0033837246192971
13.081540770385192,1.0684155939905127
13.10655327663832,1.0529150008362858
13.131565782891446,1.0894862262198455
13.156578289144573,1.125961417887463
13.1815907953977,1.2268753679674544
13.206603301650825,1.2555579144177125
13.231615807903951,1.311912181708223
13.256628314157078,1.3296590700058144
13.281640820410205,1.4051607333237217
13.306653326663332,1.377268316008712
13.331665832916459,1.4807481795991624
13.356678339169585,1.4722998413546742
13.381690845422712,1.5157029729090241
13.406703351675837,1.5190992538815833
13.431715857928964,1.561760305377712
13.45672836418209,1.5589214982437205
13.481740870435218,1.5907839003626874
13.506753376688344,1.6208743374434769
13.531765882941471,1.6476738169859326
13.556778389194598,1.6997167382245912
13.581790895447725,1.7119402658647862
13.60680340170085,1.7684942202208063
13.631815907953976,1.7561703460217977
13.656828414207103,1.831075291796045
13.68184092046023,1.8079020808416606
13.706853426713357,1.8244578738484736
13.731865932966484,1.838374093672648
13.75687843921961,1.95583542186952
13.781890945472737,1.9668559931656793
13.806903451725862,1.9684536897743607
13.831915957978989,1.922266204267172
13.856928464232116,1.9857166935691688
13.881940970485243,2.020859747302851
13.90695347673837,1.9686745256619997
13.931965982991496,1.9846713396806241
13.956978489244623,1.995833340377542
13.98199099549775,2.041623741289201
14.007003501750875,2.0054178943965626
14.032016008004002,2.0272961828074085
14.057028514257128,2.000530574169794
14.082041020510255,2.0303777556248437
14.107053526763382,2.0710758266402247
14.132066033016509,2.033320884001013
14.157078539269635,2.0518187826499297
14.182091045522762,2.073996441152839
14.207103551775887,2.066857146654341
14.232116058029014,2.0227654244541675
14.25712856428214,2.076761490620118
14.282141070535268,2.0013340791694545
14.307153576788394,2.0462049435474396
14.332166083041521,1.9699412211692022
14.357178589294648,2.00230609990657
14.382191095547775,2.013414887220468
14.4072036018009,1.9328350591294219
14.432216108054027,2.0105145978006957
14.457228614307153,1.9972212675505736
14.48224112056028,1.9531169419767749
14.507253626813407,1.9388371042052372
14.532266133066534,1.8961820662341506
14.55727863931966,1.8855108513956012
14.582291145572787,1.8872196894866047
14.607303651825912,1.851397301028727
14.632316158079039,1.7895876539574553
14.657328664332166,1.7794430409566393
14.682341170585293,1.780604114715307
14.70735367683842,1.6877380397497632
14.732366183091546,1.6761907913981229
14.757378689344673,1.643305689730497
14.782391195597798,1.662725420422865
14.807403701850925,1.639990343772151
14.832416208104052,1.5489808135780183
14.857428714357178,1.586626553659167
14.882441220610305,1.5507167234350714
14.907453726863432,1.5275805611944597
14.932466233116559,1.461204760619077
14.957478739369686,1.398700142164348
14.98249124562281,1.420861674009634
15.007503751875937,1.3427290177724678
15.032516258129064,1.3407435243005748
15.057528764382191,1.2202105051700696
15.082541270635318,1.1979692927749965
15.107553776888444,1.134125297896824
15.132566283141571,1.0895219811380934
15.157578789394698,1.1396735738519193
15.182591295647823,1.032870780888639
15.20760380190095,0.995426899763007
15.232616308154077,0.9837170641814368
15.257628814407203,0.9648901021947984
15.28264132066033,0.8484343110895214
15.307653826913457,0.8543594973782435
15.332666333166584,0.7989208289030486
15.35767883941971,0.7521388794182045
15.382691345672836,0.686007617141831
15.407703851925962,0.6264733504862151
15.43271635817909,0.6051515266041539
15.457728864432216,0.5017788240312256
15.482741370685343,0.4974093607733383
15.50775387693847,0.4753469729551165
15.532766383191596,0.39048786960542575
15.557778889444723,0.325836235093859
15.582791395697848,0.28424000675615263
15.607803901950975,0.2865541265891761
15.632816408204102,0.2251443004487111
15.657828914457228,0.1706750425060447
15.682841420710355,0.10319223387877054
15.707853926963482,0.08846768481510202
15.732866433216609,-0.02716607675208513
15.757878939469736,-0.03445762150575231
15.78289144572286,-0.1303459830533249
15.807903951975987,-0.11607000469408495
15.832916458229114,-0.15953195084334815
15.857928964482241,-0.2248356288924218
15.882941470735368,-0.2627950904963587
15.907953976988495,-0.37880282976385204
15.932966483241621,-0.35769610822845854
15.957978989494748,-0.42950940505308693
15.982991495747873,-0.49768512902886963
16.008004002001,-0.5298247460063429
16.03301650825413,-0.5611823195989278
16.058029014507255,-0.6162263431729661
16.08304152076038,-0.6430380870839161
16.108054027013505,-0.7150107235090136
16.133066533266632,-0.775499819107557
16.15807903951976,-0.7817746625164814
16.183091545772886,-0.8478200165073777
16.208104052026012,-0.863827699529695
16.23311655827914,-0.9042636419480747
16.258129064532266,-0.9684812508108545
16.283141570785393,-0.9889700409141127
16.30815407703852,-1.1084627985519275
16.333166583291646,-1.1386954841153034
16.358179089544773,-1.157649434824128
16.3831915957979,-1.220188533031168
16.408204102051027,-1.285348597906805
16.433216608304154,-1.2846096319994664
16.45822911455728,-1.2741926889405786
16.483241620810404,-1.3996862451110157
16.50825412706353,-1.4166684634021192
16.533266633316657,-1.4261784445916352
16.558279139569784,-1.4924401293195828
16.58329164582291,-1.451419055870688
16.608304152076037,-1.5639070043732166
16.633316658329164,-1.576652854758288
16.65832916458229,-1.568316712457814
16.683341670835418,-1.6365595178535342
16.708354177088545,-1.6553885681684997
16.73336668334167,-1.6956008804698606
16.758379189594798,-1.7062619914108077
16.783391695847925,-1.6813359153002876
16.808404202101052,-1.7146569334758515
16.83341670835418,-1.7395746534481038
16.858429214607305,-1.73412263519044
16.88344172086043,-1.7917788395582341
16.908454227113555,-1.8342074252418108
16.933466733366682,-1.8429323257584165
16.95847923961981,-1.8746135398475543
16.983491745872936,-1.8285770920741755
17.008504252126063,-1.8579476030420856
17.03351675837919,-1.8770435416649347
17.058529264632316,-1.9226846267356912
17.083541770885443,-1.9304436543381456
17.10855427713857,-1.892903853744409
17.133566783391696,-1.953065329533545
17.158579289644823,-1.9831764003825416
17.18359179589795,-1.9034455142436844
17.208604302151077,-1.9277696326079787
17.233616808404204,-1.9238397414985202
17.25862931465733,-1.948226670410007
17.283641820910454,-1.9899394295522905
17.30865432716358,-1.9233323130514524
17.333666833416707,-1.911941290531246
17.358679339669834,-1.9195734563796176
17.38369184592296,-1.9035480858427078
17.408704352176088,-1.9159807457603952
17.433716858429214,-1.906165191560997
17.45872936468234,-1.9001053265160972
17.483741870935468,-1.9172434244827994
17.508754377188595,-1.9363975729097793
17.53376688344172,-1.8650088467662307
17.55877938969485,-1.87872614573777
17.583791895947975,-1.8967403593622942
17.608804402201102,-1.8604682483383954
17.63381690845423,-1.7888791104160344
17.658829414707352,-1.813448493763969
17.68384192096048,-1.7979851738968675
17.708854427213605,-1.786230645560553
17.733866933466732,-1.7673674885555462
17.75887943971986,-1.676685019459126
17.783891945972986,-1.7327127387673367
17.808904452226113,-1.6977635256615538
17.83391695847924,-1.6973453302270063
17.858929464732366,-1.6603565870896848
17.883941970985493,-1.6219714828343128
17.90895447723862,-1.5293595488648797
17.933966983491747,-1.5109737231430063
17.958979489744873,-1.4649218131584756
17.983991995998,-1.519160281295748
18.009004502251127,-1.3918923812610493
18.034017008504254,-1.3661755794114725
18.059029514757377,-1.3391130546180796
18.084042021010504,-1.2953703180831087
18.10905452726363,-1.3332837125136858
18.134067033516757,-1.2593626956011097
18.159079539769884,-1.2219436144917646
18.18409204602301,-1.1774312318545777
18.209104552276138,-1.1183533060485562
18.234117058529264,-1.1136853223766152
18.25912956478239,-1.0325557651125958
18.284142071035518,-1.0282631752824332
18.309154577288645,-0.9888765364518
18.33416708354177,-0.8969719644775551
18.3591795897949,-0.9058564260681637
18.384192096048025,-0.8087026175497763
18.409204602301152,-0.7892530291139725
18.43421710855428,-0.7750580926711667
18.459229614807402,-0.6829546834653839
18.48424212106053,-0.6469324902491669
18.509254627313656,-0.6209127777454898
18.534267133566782,-0.6038957834403329
18.55927963981991,-0.49266976533384116
18.584292146073036,-0.5028500314874615
18.609304652326163,-0.4664918311222254
18.63431715857929,-0.3594419059060429
18.659329664832416,-0.36841186723468633
18.684342171085543,-0.3259330589198796
18.70935467733867,-0.2599137378847165
18.734367183591797,-0.16443193928608546
18.759379689844923,-0.15343605733792873
18.78439219609805,-0.08420896508302458
18.809404702351177,0.017080744941132667
18.834417208604304,-0.02058297741256101
18.859429714857427,0.10749600680294846
18.884442221110554,0.12639188017257497
18.90945472736368,0.2142499639310843
18.934467233616807,0.18637298688299295
18.959479739869934,0.31200455077407724
18.98449224612306,0.3206126877138229
19.009504752376188,0.3368215236452035
19.034517258629315,0.38376222304120017
19.05952976488244,0.4617355831983651
19.084542271135568,0.5511177791667745
19.109554777388695,0.5245128505791273
19.13456728364182,0.5762255051131893
19.15957978989495,0.7017860052906012
19.184592296148075,0.7545390772972965
19.209604802401202,0.720135274284702
19.23461730865433,0.814964079287092
19.259629814907452,0.8881301269946785
19.28464232116058,0.9093679721039147
19.309654827413706,0.929008411022983
19.334667333666832,0.971546702615201
19.35967983991996,1.0762355601031734
19.384692346173086,1.0406623785457076
19.409704852426213,1.1368776554758369
19.43471735867934,1.1080768759204256
19.459729864932466,1.2166175197488411
19.484742371185593,1.2243537311496318
19.50975487743872,1.2820941354932878
19.534767383691847,1.3479359738078025
19.559779889944974,1.399088810606127
19.5847923961981,1.4093081778898888
19.609804902451227,1.435824730825489
19.634817408704354,1.5046776924216503
19.659829914957477,1.4725083448226095
19.684842421210604,1.531781493912884
19.70985492746373,1.587457266289748
19.734867433716857,1.5589593330800142
19.759879939969984,1.6204176374049557
19.78489244622311,1.640201364164573
19.809904952476238,1.6987676435130674
19.834917458729365,1.6888374417163232
19.85992996498249,1.6955028002674426
19.884942471235618,1.816144310607765
19.909954977488745,1.7548117958591738
19.93496748374187,1.81957486645311
19.959979989995,1.8523508325108915
19.984992496248125,1.8849035110876164
20.010005002501252,1.9199497789637476
20.03501750875438,1.9210527420441723
20.060030015007502,1.8932805718960892
20.08504252126063,1.908125779681198
20.110055027513756,1.9438874187894042
20.135067533766883,1.958693120565211
20.16008004002001,1.9771928934930652
20.185092546273136,2.0300077269890457
20.210105052526263,2.0139792908128267
20.23511755877939,2.0456558374895035
20.260130065032516,2.0528531321778893
20.285142571285643,2.0211093062901355
20.31015507753877,1.9888858846373245
20.335167583791897,2.0569057686683623
20.360180090045024,2.09010921316657
20.38519259629815,2.0400857385999998
20.410205102551277,2.0326100589648317
20.435217608804404,2.096828187486532
20.460230115057527,2.0606438014957074
20.485242621310654,2.0693926268693175
20.51025512756378,2.0890228933007298
20.535267633816908,1.9929659314283235
20.560280140070034,2.0334205019020253
20.58529264632316,2.0164729506723176
20.610305152576288,2.0135171204253015
20.635317658829415,2.0210486013240647
20.66033016508254,1.9860275581611708
20.68534267133567,1.9455604534393804
20.710355177588795,1.9240345815363644
20.735367683841922,1.993283793631598
20.76038019009505,1.8975462136674777
20.785392696348175,1.9488911641389493
20.810405202601302,1.8789133260799313
20.835417708854425,1.8744106587329166
20.860430215107552,1.8461448406859042
20.88544272136068,1.8134294962281705
20.910455227613806,1.824153231936408
20.935467733866933,1.7610173515296783
20.96048024012006,1.7354720329602578
20.985492746373186,1.7190855734534267
21.010505252626313,1.746000963200027
21.03551775887944,1.6606925955413878
21.060530265132567,1.6908195124333836
21.085542771385693,1.5852945430487084
21.11055527763882,1.6372304096563723
21.135567783891947,1.5399713831861361
21.160580290145074,1.521035459290389
21.1855927963982,1.4886656965861675
21.210605302651327,1.4880502833191196
21.23561780890445,1.3761736525318764
21.260630315157577,1.3438432113282057
21.285642821410704,1.306841865388521
21.31065532766383,1.3375482497632394
21.335667833916958,1.2718260017845513
21.360680340170084,1.2602816741407572
21.38569284642321,1.2142949075477882
21.410705352676338,1.1594721700378687
21.435717858929465,1.1434027819432293
21.46073036518259,1.0832062992110854
21.48574287143572,1.0471111993331583
21.510755377688845,0.9587092600082961
21.535767883941972,0.9721911314437808
21.5607803901951,0.8445867771327885
21.585792896448226,0.7914987498129321
21.610805402701352,0.7428943153777935
21.635817908954476,0.7150499863831239
21.660830415207602,0.6699839280496509
21.68584292146073,0.6491320142275998
21.710855427713856,0.631138048629238
21.735867933966983,0.5161723804106039
21.76088044022011,0.49451593949032463
21.785892946473236,0.42213975215507765
21.810905452726363,0.37648704102781766
21.83591795897949,0.3191656512634255
21.860930465232617,0.29077249326197313
21.885942971485743,0.22659807686514927
21.91095547773887,0.16275495074062515
21.935967983991997,0.1517841926971345
21.960980490245124,0.0691453123329701
21.98599299649825,0.09923074913569456
22.011005502751377,0.021880377314971992
22.0360180090045,0.0012946415543794582
22.061030515257627,-0.07420531156290243
22.086043021510754,-0.11250756146964896
22.11105552776388,-0.14861968420489868
22.136068034017008,-0.2229829731709081
22.161080540270135,-0.2774503340481843
22.18609304652326,-0.28833739822251897
22.211105552776388,-0.41424057490499233
22.236118059029515,-0.4534130982384418
22.26113056528264,-0.5107499872203021
22.28614307153577,-0.5272853118214731
22.311155577788895,-0.5617923810954774
22.336168084042022,-0.5832489286337694
22.36118059029515,-0.6441030619819937
22.386193096548276,-0.7048111257602366
22.411205602801402,-0.7882190298426601
22.436218109054526,-0.7658576995645678
22.461230615307652,-0.8773137749311314
22.48624312156078,-0.9302595237804339
22.511255627813906,-0.932275903541512
22.536268134067033,-1.019569621682841
22.56128064032016,-1.075460288770633
22.586293146573286,-1.0921302138969815
22.611305652826413,-1.1593181148669645
22.63631815907954,-1.1616746812122525
22.661330665332667,-1.2034046491807435
22.686343171585793,-1.2800942604543575
22.71135567783892,-1.2272350158325016
22.736368184092047,-1.3257036213697495
22.761380690345174,-1.3549641348855817
22.7863931965983,-1.3607074073739285
22.811405702851427,-1.4102980775278282
22.83641820910455,-1.452998484904886
22.861430715357677,-1.4334204967861126
22.886443221610804,-1.5461228496985
22.91145572786393,-1.5563079809367397
22.936468234117058,-1.5229944083560853
22.961480740370185,-1.6234515924175408
22.98649324662331,-1.6487943572611083
23.011505752876438,-1.635124378561869
23.036518259129565,-1.6689916967741958
23.06153076538269,-1.7095367935480632
23.08654327163582,-1.7186313971079314
23.111555777888945,-1.784897386737642
23.136568284142072,-1.7903331189911116
23.1615807903952,-1.7462349566687805
23.186593296648326,-1.8240229273880046
23.211605802901452,-1.833007110885411
23.236618309154576,-1.8731289653319207
23.261630815407702,-1.8286589333061591
23.28664332166083,-1.8840057474277605
23.311655827913956,-1.9225534416906178
23.336668334167083,-1.9036091629941876
23.36168084042021,-1.8843197291214497
23.386693346673336,-1.944933325002673
23.411705852926463,-1.9576837854116482
23.43671835917959,-1.9707637796436857
23.461730865432717,-1.9349180856079402
23.486743371685844,-1.940957266561775
23.51175587793897,-1.9869236501747733
23.536768384192097,-1.9798564282647695
23.561780890445224,-1.9106937154665131
23.58679339669835,-1.946647666711917
23.611805902951474,-1.9625690978088746
23.6368184092046,-1.9458348392032383
23.661830915457728,-1.972076467252883
23.686843421710854,-1.947798919825509
23.71185592796398,-1.9154200673668953
23.736868434217108,-1.8940753299672597
23.761880940470235,-1.8631440922191844
23.78689344672336,-1.9010480436611086
23.81190595297649,-1.8754369142837057
23.836918459229615,-1.8481981229885112
23.861930965482742,-1.878366327145401
23.88694347173587,-1.7977629755412587
23.911955977988995,-1.7855852747454894
23.936968484242122,-1.8176415821177847
23.96198099049525,-1.764029925910771
23.986993496748376,-1.752649653448035
24.0120060030015,-1.743041443128055
24.037018509254626,-1.6954653299815174
24.062031015507753,-1.671670827794061
24.08704352176088,-1.6527043625249387
24.112056028014006,-1.6114552192212892
24.137068534267133,-1.6118334432976205
24.16208104052026,-1.6411218811973611
24.187093546773387,-1.5834382096341109
24.212106053026513,-1.547990228776297
24.23711855927964,-1.4917747321642332
24.262131065532767,-1.4665093810853387
24.287143571785894,-1.4525502437061073
24.31215607803902,-1.4527596345747125
24.337168584292147,-1.386351605578764
24.362181090545274,-1.3428443797019443
24.3871935967984,-1.2578155936148074
24.412206103051524,-1.294598740954056
24.43721860930465,-1.213746044397937
24.462231115557778,-1.170851380398809
24.487243621810904,-1.190381655825659
24.51225612806403,-1.1175176468950812
24.537268634317158,-1.0884086959076062
24.562281140570285,-0.9926933609091994
24.58729364682341,-0.9885246059259412
24.61230615307654,-0.9341177254298041
24.637318659329665,-0.869299624185705
24.662331165582792,-0.8215816628173886
24.68734367183592,-0.7784310853723483
24.712356178089045,-0.775415545089139
24.737368684342172,-0.7616174264788967
24.7623811905953,-0.6992015391468727
24.787393696848426,-0.6485484432981732
24.81240620310155,-0.580750752027535
24.837418709354676,-0.5506143383219589
24.862431215607803,-0.4983990407768689
24.88744372186093,-0.4191467262023215
24.912456228114056,-0.34195717478230303
24.937468734367183,-0.3870954375651869
24.96248124062031,-0.27338574673423216
24.987493746873437,-0.24969168928107763
25.012506253126563,-0.1535698422605961
25.03751875937969,-0.17060060337351748
25.062531265632817,-0.08649033299915375
25.087543771885944,-0.0742307989521105
25.11255627813907,0.05375035232483605
25.137568784392197,0.0495355529262976
25.162581290645324,0.10335454950544215
25.18759379689845,0.153239281051688
25.212606303151574,0.22332232826062004
25.2376188094047,0.21695585498756773
25.262631315657828,0.3151552307046528
25.287643821910955,0.3355210016389483
25.31265632816408,0.4472765736989264
25.337668834417208,0.46933040756564615
25.362681340670335,0.5170552240446068
25.38769384692346,0.532657870613382
25.41270635317659,0.5611648966955156
25.437718859429715,0.6888841617570283
25.462731365682842,0.696775750660995
25.48774387193597,0.7829486543966163
25.512756378189096,0.7487763666557885
25.537768884442222,0.8780563433301909
25.56278139069535,0.8783755927645838
25.587793896948476,0.9364611493606741
25.6128064032016,1.003728030666924
25.637818909454726,1.0451719351806876
25.662831415707853,1.0392257939164709
25.68784392196098,1.0730112131896603
25.712856428214106,1.1166546536683963
25.737868934467233,1.2289415533899515
25.76288144072036,1.1962243774541848
25.787893946973487,1.286019823609602
25.812906453226613,1.3534063755777832
25.83791895947974,1.3269993254379047
25.862931465732867,1.4266044258885546
25.887943971985994,1.4618636045256728
25.91295647823912,1.4933173683788543
25.937968984492247,1.479881987563224
25.962981490745374,1.5639920272956438
25.9879939969985,1.593633407702437
26.013006503251624,1.6363899930810328
26.03801900950475,1.613323675143403
26.063031515757878,1.670722210714354
26.088044022011005,1.687594370233699
26.11305652826413,1.6624123911764972
26.138069034517258,1.7770209123191738
26.163081540770385,1.7337907697712072
26.18809404702351,1.8210122811679894
26.21310655327664,1.8349120018796277
26.238119059529765,1.8473611672697154
26.263131565782892,1.8885276471481685
26.28814407203602,1.8992639300831435
26.313156578289146,1.8978867394318286
26.338169084542272,1.9264375687582451
26.3631815907954,1.936880976413975
26.388194097048526,1.9144154483084095
26.41320660330165,1.9649816048314903
26.438219109554776,1.957708389013737
26.463231615807903,2.022075316105592
26.48824412206103,2.012408534352656
26.513256628314156,1.9753981026427216
26.538269134567283,2.0359811606791314
26.56328164082041,2.004498696238258
26.588294147073537,2.0784088101493916
26.613306653326664,2.0431114712944822
26.63831915957979,2.0675090631683926
26.663331665832917,2.060370996026263
26.688344172086044,2.026051749353666
26.71335667833917,2.042911580165751
26.738369184592298,2.082141812070944
26.763381690845424,2.085043609840188
26.788394197098548,2.0439274410205415
26.813406703351674,2.0559907597245486
26.8384192096048,1.9996166925745913
26.863431715857928,2.0037570287550497
26.888444222111055,1.9695425566939082
26.91345672836418,2.0103211424716285
26.93846923461731,2.0127032969113667
26.963481740870435,1.989512975858698
26.988494247123562,1.9445296660934037
27.01350675337669,1.9869753654722404
27.038519259629815,1.9699588242856108
27.063531765882942,1.953708253279086
27.08854427213607,1.8843567717691616
27.113556778389196,1.8783638083357257
27.138569284642323,1.9083200247659555
27.16358179089545,1.891689966245803
27.188594297148573,1.8254137079912247
27.2136068034017,1.779809405312453
27.238619309654826,1.7718186360230683
27.263631815907953,1.6999547446282808
27.28864432216108,1.6765510963488575
27.313656828414207,1.6997439147513975
27.338669334667333,1.660458851251661
27.36368184092046,1.6681483424085815
27.388694347173587,1.5913436554723215
27.413706853426714,1.544342936191852
27.43871935967984,1.5707092774685096
27.463731865932967,1.4773700803850158
27.488744372186094,1.459587344969947
27.51375687843922,1.4773047827361179
27.538769384692348,1.3943026708172102
27.563781890945474,1.3896420943463457
27.588794397198598,1.2770049584568108
27.613806903451724,1.286417509606502
27.63881940970485,1.273200615722723
27.663831915957978,1.2100673557654527
27.688844422211105,1.1699529203019012
27.71385692846423,1.1057852943399946
27.73886943471736,1.0620797317510104
27.763881940970485,1.0744372846233523
27.788894447223612,1.0100471205798502
27.81390695347674,0.9204158756339558
27.838919459729865,0.9005401564669453
27.863931965982992,0.8248247916643727
27.88894447223612,0.8078133075716918
27.913956978489246,0.7361791356236042
27.938969484742373,0.6869187235409836
27.9639819909955,0.6435303723602481
27.988994497248623,0.5937081198060695
28.01400700350175,0.5410616017130834
28.039019509754876,0.5401751569747547
28.064032016008003,0.5129142423696013
28.08904452226113,0.4468610695158732
28.114057028514257,0.38033638831799993
28.139069534767383,0.353720732320947
28.16408204102051,0.26837344547922815
28.189094547273637,0.23725433582202127
28.214107053526764,0.12442511434304758
28.23911955977989,0.12154124934886917
28.264132066033017,0.11480966827827246
28.289144572286144,0.008545356211923334
28.31415707853927,0.014621391925054864
28.339169584792398,-0.1217858340690387
28.364182091045524,-0.14121979887791514
28.389194597298648,-0.17161963682871356
28.414207103551774,-0.18759690624860142
28.4392196098049,-0.257367080845959
28.464232116058028,-0.3294728071803209
28.489244622311155,-0.34131737823617625
28.51425712856428,-0.41478523411836954
28.53926963481741,-0.45159856094638484
28.564282141070535,-0.5195031670288355
28.589294647323662,-0.59955280622538
28.61430715357679,-0.5996043053770365
28.639319659829916,-0.6595655016340144
28.664332166083042,-0.6963164685674739
28.68934467233617,-0.7786325533797162
28.714357178589296,-0.7985701814137081
28.739369684842423,-0.8040429151241109
28.76438219109555,-0.9158489652932079
28.789394697348673,-0.9490806277439087
28.8144072036018,-0.9864285752659344
28.839419709854926,-0.9722379520291988
28.864432216108053,-1.0236301786586446
28.88944472236118,-1.1214237153001616
28.914457228614307,-1.1289892555177659
28.939469734867433,-1.1751005442167592
28.96448224112056,-1.2431910095554313
28.989494747373687,-1.2118359734496162
29.014507253626814,-1.3251223457589927
29.03951975987994,-1.3644178193835725
29.064532266133067,-1.3868504653880516
29.089544772386194,-1.447604498458828
29.11455727863932,-1.4689066838892064
29.139569784892448,-1.4670092822840044
29.164582291145575,-1.5164016120730486
29.189594797398698,-1.5417720784899713
29.214607303651825,-1.5261781669435281
29.23961980990495,-1.547394179528303
29.264632316158078,-1.5885194323925749
29.289644822411205,-1.6481208996207999
29.31465732866433,-1.7048785524398462
29.33966983491746,-1.7450171529135075
29.364682341170585,-1.7015394300781779
29.389694847423712,-1.770443373419479
29.41470735367684,-1.7644707783631361
29.439719859929966,-1.7417101258001986
29.464732366183092,-1.810897813855994
29.48974487243622,-1.7960169999474684
29.514757378689346,-1.8276764244251147
29.539769884942473,-1.8193954458498955
29.564782391195596,-1.9075586346580775
29.589794897448723,-1.8949434955564872
29.61480740370185,-1.9010874871469496
29.639819909954976,-1.9384171352019421
29.664832416208103,-1.9551753559147529
29.68984492246123,-1.9310307756593803
29.714857428714357,-1.9414939030766813
29.739869934967484,-1.9502159938331118
29.76488244122061,-1.9116285115722755
29.789894947473737,-1.9953892702103606
29.814907453726864,-1.9981601474178046
29.83991995997999,-1.9359452979095202
29.864932466233117,-1.9622421423718945
29.889944972486244,-1.9451876781334017
29.91495747873937,-1.9602023685169596
29.939969984992498,-1.9402636789140768
29.96498249124562,-1.9463733768332687
29.989994997498748,-1.8852442056913272
30.015007503751875,-1.9250169751082924
30.040020010005,-1.869945054951517
30.06503251625813,-1.9128022660771207
30.090045022511255,-1.899008349190099
30.115057528764382,-1.9018485542987957
30.14007003501751,-1.8479491770689316
30.165082541270635,-1.8840807664177273
30.190095047523762,-1.8467949888304158
30.21510755377689,-1.8519728415802437
30.240120060030016,-1.7887345014652305
30.265132566283143,-1.7760050544594985
30.29014507253627,-1.7055697452881022
30.315157578789396,-1.778693448179154
30.340170085042523,-1.7443391769139145
30.365182591295646,-1.660130171936296
30.390195097548773,-1.6958069161974614
30.4152076038019,-1.6108895718702758
30.440220110055026,-1.5699872592683095
30.465232616308153,-1.5616585401386156
30.49024512256128,-1.5737473855601154
30.515257628814407,-1.4750334031508672
30.540270135067534,-1.5030378173487975
30.56528264132066,-1.4664606709117383
30.590295147573787,-1.4070232753136527
30.615307653826914,-1.4224405272115537
30.64032016008004,-1.3396935443522509
30.665332666333168,-1.3451840582182268
30.690345172586294,-1.3148002496476419
30.71535767883942,-1.214748472109652
30.740370185092548,-1.187700541958887
30.76538269134567,-1.18295441486557
30.790395197598798,-1.0723616206151039
30.815407703851925,-1.061741145361461
30.84042021010505,-1.0296206939862693
30.86543271635818,-0.9792077348073011
30.890445222611305,-1.0020322772522523
30.915457728864432,-0.9548583769886442
30.94047023511756,-0.8498280577187701
30.965482741370685,-0.8109370469121358
30.990495247623812,-0.812514073998305
31.01550775387694,-0.77790503636418
31.040520260130066,-0.7303788605987814
31.065532766383193,-0.6469665698702065
31.09054527263632,-0.5864306185276866
31.115557778889446,-0.5006884462577779
31.140570285142573,-0.4795951438137616
31.165582791395696,-0.48351880439904626
31.190595297648823,-0.3511577099500586
31.21560780390195,-0.30716192597381153
31.240620310155077,-0.2765884800458911
31.265632816408203,-0.2128236411858754
31.29064532266133,-0.19639817164580278
31.315657828914457,-0.12366582283159552
31.340670335167584,-0.13057938988247111
31.36568284142071,-0.04924312011501108
31.390695347673837,-0.018047754518541285
31.415707853926964,0.014238442394396438
31.44072036018009,0.08880462625699864
31.465732866433218,0.1853470879929452
31.490745372686344,0.1708474515231324
31.51575787893947,0.2370997253256113
31.540770385192598,0.2861617232110137
31.56578289144572,0.30309950060638075
31.590795397698848,0.3519137604399067
31.615807903951975,0.39924331003360375
31.6408204102051,0.454128092859504
31.66583291645823,0.5358977343885509
31.690845422711355,0.6029279472991539
31.715857928964482,0.6666350322573218
31.74087043521761,0.724868021621238
31.765882941470736,0.7239153953961266
31.790895447723862,0.7856643603377323
31.81590795397699,0.818017754094951
31.840920460230116,0.8283968165558372
31.865932966483243,0.8886434942836434
31.89094547273637,0.957694266604951
31.915957978989496,0.9727029959673265
31.940970485242623,1.0455161607734962
31.965982991495746,1.1137310445098358
31.990995497748873,1.185294311263822
32.016008004002,1.1436001122832933
32.04102051025513,1.2139128698490678
32.06603301650826,1.280424817743561
32.091045522761384,1.2614316830345818
32.11605802901451,1.3806262930457183
32.14107053526764,1.3744331702523553
32.16608304152076,1.4245732354972171
32.191095547773884,1.4920227629649392
32.21610805402701,1.4814296493119148
32.24112056028014,1.5487235959943821
32.266133066533264,1.5475378646274767
32.29114557278639,1.5813605169997682
32.31615807903952,1.6650412003906097
32.341170585292645,1.6030659086341625
32.36618309154577,1.6671834714045393
32.3911955977989,1.659031177331115
32.416208104052025,1.7779167934962838
32.44122061030515,1.7843346049054751
32.46623311655828,1.7821323943585177
32.491245622811405,1.7934302090837593
32.51625812906453,1.8744225310404574
32.54127063531766,1.8210091378345923
32.566283141570786,1.8503770265900432
32.59129564782391,1.8724597266382688
32.61630815407704,1.9328245644022495
32.641320660330166,1.9658614050464964
32.66633316658329,1.9916415634886824
32.69134567283642,1.9738765023814033
32.716358179089546,1.9983290750801592
32.74137068534267,2.034934570209532
32.7663831915958,1.9737450617297552
32.79139569784893,2.011740670330025
32.81640820410205,2.005546314231045
32.84142071035518,2.0612833100964836
32.86643321660831,2.0366285731553786
32.891445722861434,2.02676958487292
32.91645822911456,2.0862068835640755
32.94147073536768,2.035391116454042
32.96648324162081,2.0197304840746813
32.991495747873934,2.051710652579932
33.01650825412706,2.0199061446824027
33.04152076038019,2.096285427470106
33.066533266633314,2.0368011542454965
33.09154577288644,2.0031494872417612
33.11655827913957,2.030064891974286
33.141570785392695,2.015411267141698
33.16658329164582,2.0515626750226668
33.19159579789895,2.033478028422411
33.216608304152075,2.0313806370275707
33.2416208104052,1.9368095291156049
33.26663331665833,2.004362877068603
33.291645822911455,2.0008546125190403
33.31665832916458,1.9830949699378941
33.34167083541771,1.8855253594116612
33.366683341670836,1.8921136316757998
33.39169584792396,1.9283095046877874
33.41670835417709,1.8726670474200457
33.441720860430216,1.8370667261736455
33.46673336668334,1.8621451166654666
33.49174587293647,1.7617585207213982
33.516758379189596,1.7415103146291737
33.54177088544272,1.7696467141758105
33.56678339169585,1.728336978746583
33.59179589794898,1.667339962577294
33.616808404202104,1.7059785572276018
33.64182091045523,1.6674731811621284
33.66683341670836,1.5756435237541269
33.691845922961484,1.5395272959101212
33.71685842921461,1.5249613525862948
33.74187093546773,1.4697776383641585
33.76688344172086,1.4526722831781758
33.791895947973984,1.4806456242060646
33.81690845422711,1.432133346515574
33.84192096048024,1.4082057863308388
33.866933466733364,1.311718136145947
33.89194597298649,1.307376076645601
33.91695847923962,1.283230699305747
33.941970985492745,1.2099845130172313
33.96698349174587,1.1740291130059874
33.991995997999,1.0830197694231136
34.017008504252125,1.0837648583885082
34.04202101050525,1.0072837017169278
34.06703351675838,0.9640998620271688
34.092046023011505,0.972771045024178
34.11705852926463,0.9227112823892082
34.14207103551776,0.8538554332673048
34.167083541770886,0.7792566020966838
34.19209604802401,0.7252888662163188
34.21710855427714,0.6862385011130397
34.242121060530266,0.6660122080122465
34.26713356678339,0.6433413404767527
34.29214607303652,0.6151223042449399
34.31715857928965,0.5710830429156054
34.34217108554277,0.45191100417039315
34.3671835917959,0.3790948913617774
34.39219609804903,0.4254638716792749
34.417208604302154,0.3751740566830316
34.44222111055528,0.28700588568463203
34.46723361680841,0.2492370564392391
34.492246123061534,0.18973536237258437
34.51725862931466,0.09162957285790757
34.54227113556778,0.06053916486841164
34.56728364182091,0.060811444477336746
34.592296148074034,-0.04972048380686345
34.61730865432716,-0.0882462477754474
34.64232116058029,-0.1392295105009373
34.667333666833414,-0.20795253610933875
34.69234617308654,-0.17878078134928382
34.71735867933967,-0.25783198098377036
34.742371185592795,-0.3236940714284575
34.76738369184592,-0.3635559103082856
34.79239619809905,-0.40923358138575955
34.817408704352175,-0.42599092249925463
34.8424212106053,-0.4889817346718204
34.86743371685843,-0.5573398804761877
34.892446223111556,-0.5960194592568999
34.91745872936468,-0.6772721375513897
34.94247123561781,-0.7373469114831099
34.967483741870936,-0.7227064740236655
34.99249624812406,-0.7949772799316677
35.01750875437719,-0.8856698287779274
35.042521260630316,-0.839630813844781
35.06753376688344,-0.9166760282022546
35.09254627313657,-0.9645382851709984
35.1175587793897,-0.9680979909165639
35.14257128564282,-1.081876028280115
35.16758379189595,-1.114898539136808
35.19259629814908,-1.1261662016005103
35.217608804402204,-1.2074742947990604
35.24262131065533,-1.2444738623425264
35.26763381690846,-1.2226895270332832
35.292646323161584,-1.3055940471847503
35.317658829414704,-1.3620398426354037
35.34267133566783,-1.3337173178939623
35.36768384192096,-1.3727912948440508
35.392696348174084,-1.4664473285352584
35.41770885442721,-1.4365098656229232
35.44272136068034,-1.484421549112767
35.467733866933465,-1.5209393097663382
35.49274637318659,-1.588487241782024
35.51775887943972,-1.6180309826307158
35.542771385692845,-1.6537681490051297
35.56778389194597,-1.609228838894891
35.5927963981991,-1.680295803661358
35.617808904452225,-1.6477965076886067
35.64282141070535,-1.7461455362269205
35.66783391695848,-1.7672034495767261
35.692846423211606,-1.7234938534936717
35.71785892946473,-1.7963944948091548
35.74287143571786,-1.8370520256861547
35.767883941970986,-1.7962311473144568
35.79289644822411,-1.8234205369827994
35.81790895447724,-1.8642664259906547
35.842921460730366,-1.8323963502966687
35.86793396698349,-1.9189074899854848
35.89294647323662,-1.871169092203789
35.91795897948975,-1.9132088630634625
35.94297148574287,-1.9513427205360028
35.967983991996,-1.9497191896349826
35.99299649824913,-1.8965998882532669
36.018009004502254,-1.8922285653705453
36.04302151075538,-1.895807887104585
36.06803401700851,-1.9190215265351052
36.093046523261634,-1.9938540736072223
36.118059029514754,-1.9795664569477232
36.14307153576788,-1.9522820576265802
36.16808404202101,-1.9017905303943954
36.193096548274134,-1.9816671246927076
36.21810905452726,-1.9597759795618723
36.24312156078039,-1.9595759255876941
36.268134067033515,-1.9318453599763565
36.29314657328664,-1.8775877320797365
36.31815907953977,-1.8932058719911502
36.343171585792895,-1.910838015241858
36.36818409204602,-1.9204994899104013
36.39319659829915,-1.8630637491600819
36.418209104552275,-1.8494590377160154
36.4432216108054,-1.8562578471027067
36.46823411705853,-1.7958628779154564
36.493246623311656,-1.7767732904586206
36.51825912956478,-1.7785933864186223
36.54327163581791,-1.748480278181718
36.568284142071036,-1.7620338750976212
36.59329664832416,-1.718217059538129
36.61830915457729,-1.694382393817593
36.643321660830416,-1.7350567779480475
36.66833416708354,-1.6869998581016155
36.69334667333667,-1.592316471894955
36.7183591795898,-1.6481801255465496
36.743371685842924,-1.6180541274669409
36.76838419209605,-1.5765677065133017
36.79339669834918,-1.4881924060682177
36.818409204602304,-1.498792083087869
36.84342171085543,-1.414286424249456
36.86843421710856,-1.4324900096198714
36.893446723361684,-1.3475649915005412
36.918459229614804,-1.3686761053068373
36.94347173586793,-1.371092759976205
36.96848424212106,-1.2598385515561934
36.993496748374184,-1.2405069536804123
37.01850925462731,-1.1964286298336646
37.04352176088044,-1.19780395800024
37.068534267133565,-1.0817730704315534
37.09354677338669,-1.0704283859797064
37.11855927963982,-1.0807409371503638
37.143571785892945,-0.9559921109713954
37.16858429214607,-0.9614484951693225
37.1935967983992,-0.9063314594765896
37.218609304652325,-0.9007520947533127
37.24362181090545,-0.7867526297064387
37.26863431715858,-0.7387379083573001
37.293646823411706,-0.7013910363822642
37.31865932966483,-0.678155545730301
37.34367183591796,-0.6117374261503062
37.368684342171086,-0.5495556243785087
37.39369684842421,-0.5299376477960165
37.41870935467734,-0.5510022400242319
37.44372186093047,-0.4170630394969737
37.46873436718359,-0.36826668079814007
37.49374687343672,-0.32666528105402454
37.51875937968985,-0.278887533510185
37.543771885942974,-0.2729827460289405
37.5687843921961,-0.19034354053388863
37.59379689844923,-0.1103617925543752
37.618809404702354,-0.13754538709759917
37.64382191095548,-0.04722434802968144
37.66883441720861,0.029435506566522898
37.693846923461734,0.05687976234936777
37.718859429714854,0.05420077664070817
37.74387193596798,0.10664958394555138
37.76888444222111,0.18357807587926658
37.793896948474234,0.2877826730861932
37.81890945472736,0.2908954763041144
37.84392196098049,0.3395762098332463
37.868934467233615,0.3950587246777167
37.89394697348674,0.39504113888734965
37.91895947973987,0.45990509239129224
37.943971985992995,0.4918720205967223
37.96898449224612,0.5939851678148855
37.99399699849925,0.6790472515326251
38.019009504752376,0.6328639898345899
38.0440220110055,0.7133736087112013
38.06903451725863,0.7765827156993905
38.094047023511756,0.8307527135808367
38.11905952976488,0.9073345596845567
38.14407203601801,0.9168896237253015
38.169084542271136,0.9440215461834505
38.19409704852426,1.033397564729027
38.21910955477739,1.0458593043669167
38.24412206103052,1.0676073091806617
38.26913456728364,1.1096726300270854
38.29414707353677,1.1917168936000582
38.3191595797899,1.2052261038951524
38.344172086043024,1.206550098233147
38.36918459229615,1.3420078521427938
38.39419709854928,1.3045025116499656
38.419209604802404,1.3902317621243214
38.44422211105553,1.4010649677117277
38.46923461730866,1.436894386077119
38.49424712356178,1.516236685222918
38.519259629814904,1.4681456631295429
38.54427213606803,1.5332006915466696
38.56928464232116,1.598304372547944
38.594297148574285,1.6567887270361277
38.61930965482741,1.6594958010193002
38.64432216108054,1.64544909408599
38.669334667333665,1.6999699942239854
38.69434717358679,1.7185038451174566
38.71935967983992,1.7360607907428667
38.744372186093045,1.7983174103444515
38.76938469234617,1.8392082846787399
38.7943971985993,1.8254156754630482
38.819409704852426,1.8164819234719316
38.84442221110555,1.8327600498297145
38.86943471735868,1.9064774289784512
38.894447223611806,1.9468362884310444
38.91945972986493,1.9348209864225296
38.94447223611806,1.9204217057616075
38.969484742371186,1.9350378199588933
38.99449724862431,1.9385394613528313
39.01950975487744,1.940537293265522
39.04452226113057,1.9825806896879619
39.06953476738369,2.0499080992852923
39.09454727363682,1.9697252001938808
39.11955977988995,2.0026318113304624
39.144572286143074,2.0292463238404457
39.1695847923962,2.0787229343365867
39.19459729864933,2.0168622440291695
39.219609804902454,2.030656706141473
39.24462231115558,2.0610853386535863
39.26963481740871,2.0345115821678155
39.29464732366183,2.0812007459666138
39.319659829914954,2.003733438563701
39.34467233616808,2.066079046546059
39.36968484242121,2.0460564640926737
39.394697348674335,2.066017025110076
39.41970985492746,1.9893690500762138
39.44472236118059,2.0586871733926437
39.469734867433715,2.036973434857142
39.49474737368684,2.039751757042852
39.51975987993997,2.0156248596066004
39.544772386193095,1.9677312171646466
39.56978489244622,1.9938077238884233
39.59479739869935,1.9726422513643782
39.619809904952476,1.8888469353600574
39.6448224112056,1.940216705844562
39.66983491745873,1.9071674033998172
39.694847423711856,1.8438596487732557
39.71985992996498,1.8814624120900973
39.74487243621811,1.8381748765850456
39.769884942471236,1.7793695987436122
39.79489744872436,1.8236710570523504
39.81990995497749,1.7699025952494358
39.84492246123062,1.7248570654328355
39.86993496748374,1.6991673494470272
39.89494747373687,1.6428284687647772
39.91995997999,1.6366826943299466
39.944972486243124,1.6491112536384587
39.96998499249625,1.5363814909719278
39.99499749874938,1.5337114903611129
40.020010005002504,1.5569365495726926
40.04502251125563,1.4402722678202622
40.07003501750876,1.4894195744748715
40.09504752376188,1.4061480375236624
40.120060030015004,1.3340496845909642
40.14507253626813,1.31342507916617
40.17008504252126,1.3265385367388847
40.195097548774385,1.2562672559188939
40.22011005502751,1.2583008637749635
40.24512256128064,1.1795562875531862
40.270135067533765,1.1270889678164908
40.29514757378689,1.0704462487419764
40.32016008004002,1.0214442910843904
40.345172586293145,0.9801631231857779
40.37018509254627,0.9115859476395597
40.3951975987994,0.9545197524106255
40.420210105052526,0.8608183634623727
40.44522261130565,0.7727246688348377
40.47023511755878,0.7762883601494366
40.495247623811906,0.6877353944299195
40.52026013006503,0.712447386029736
40.54527263631816,0.6716720317387992
40.57028514257129,0.6104323295931855
40.59529764882441,0.5671115712421666
40.62031015507754,0.4982232718502267
40.64532266133067,0.4337364836044613
40.670335167583794,0.40066059476384375
40.69534767383692,0.31019969724839713
40.72036018009005,0.2636394189143267
40.745372686343174,0.24184265186162912
40.7703851925963,0.20084546786379384
40.79539769884943,0.16035646815574803
40.820410205102554,0.06999198306278624
40.84542271135568,0.05055680846476326
40.87043521760881,-0.010183820427437491
40.89544772386193,-0.03418098093875718
40.920460230115054,-0.06823734912783844
40.94547273636818,-0.15223754300975664
40.97048524262131,-0.18453926575989293
40.995497748874435,-0.2348191610431265
41.02051025512756,-0.2593588574815451
41.04552276138069,-0.3085862102452748
41.070535267633815,-0.44303528134373543
41.09554777388694,-0.4115479440518052
41.12056028014007,-0.5308374647394638
41.145572786393195,-0.5389968485242059
41.17058529264632,-0.6388647224610405
41.19559779889945,-0.6862466671569045
41.220610305152576,-0.7103767317747632
41.2456228114057,-0.7157487047288345
41.27063531765883,-0.8133131778071383
41.295647823911956,-0.833016534578521
41.32066033016508,-0.9001427638927335
41.34567283641821,-0.9038611083714961
41.37068534267134,-0.9317743400067612
41.39569784892446,-0.9574666296980756
41.42071035517759,-1.044120687546241
41.44572286143072,-1.1132635399009239
41.470735367683844,-1.1758721283287492
41.49574787393697,-1.1223698513926295
41.5207603801901,-1.2085968299276715
41.545772886443224,-1.199445272723635
41.57078539269635,-1.3188236196303318
41.59579789894948,-1.3621232599044792
41.620810405202604,-1.35305873206624
41.64582291145573,-1.4164190560846426
41.67083541770885,-1.3874330265978618
41.69584792396198,-1.4131960402485948
41.720860430215104,-1.4799212099805497
41.74587293646823,-1.5684457345045633
41.77088544272136,-1.5478689271959114
41.795897948974485,-1.5639987956239105
41.82091045522761,-1.5959846276306104
41.84592296148074,-1.598776703056345
41.870935467733865,-1.622500388372184
41.89594797398699,-1.6660916589855035
41.92096048024012,-1.6711444263882003
41.945972986493246,-1.760118478616524
41.97098549274637,-1.7278398875606342
41.9959979989995,-1.7313556764642426
42.021010505252626,-1.8066720471332165
42.04602301150575,-1.8134717966444422
42.07103551775888,-1.835868828119532
42.096048024012006,-1.9005139646601428
42.12106053026513,-1.8487056030925202
42.14607303651826,-1.8986408284400909
42.17108554277139,-1.9252632265250629
42.19609804902451,-1.891303257295968
42.22111055527764,-1.9329107265773589
42.24612306153077,-1.9703143267463477
42.271135567783894,-1.9482142948980343
42.29614807403702,-1.9197317952226851
42.32116058029015,-1.9113892491926827
42.346173086543274,-1.9091611445125674
42.3711855927964,-1.9755791378553489
42.39619809904953,-1.9029804775466357
42.421210605302655,-1.9858670828370075
42.44622311155578,-1.9616803606233602
42.4712356178089,-1.9931265902703508
42.49624812406203,-1.9713849889356658
42.521260630315155,-1.9821621758865493
42.54627313656828,-1.8954619711524343
42.57128564282141,-1.8780426186722923
42.596298149074535,-1.942271485796466
42.62131065532766,-1.9444197058760684
42.64632316158079,-1.8968229303799014
42.671335667833915,-1.917907544194299
42.69634817408704,-1.8449350238331492
42.72136068034017,-1.828691636923481
42.746373186593296,-1.8462179019398617
42.77138569284642,-1.7853704979823273
42.79639819909955,-1.7650160602509288
42.821410705352676,-1.8296486646924202
42.8464232116058,-1.7753056459435859
42.87143571785893,-1.7077541870492676
42.896448224112056,-1.7131339605743867
42.92146073036518,-1.6922392624170652
42.94647323661831,-1.6251301112068581
42.97148574287144,-1.6546451587003725
42.99649824912456,-1.6476096382792818
43.02151075537769,-1.5522332181591962
43.04652326163082,-1.5704963749344343
43.071535767883944,-1.5082132647835587
43.09654827413707,-1.4566915467190829
43.1215607803902,-1.488471204162073
43.146573286643324,-1.4400347189503946
43.17158579289645,-1.4025803526968572
43.19659829914958,-1.3458255153981766
43.221610805402705,-1.3545661269677667
43.24662331165583,-1.3051097773004248
43.27163581790895,-1.2223662576724543
43.29664832416208,-1.1858355549339235
43.321660830415205,-1.2007160710217608
43.34667333666833,-1.1731939447202997
43.37168584292146,-1.0914930733087727
43.396698349174585,-1.0104269529842667
43.42171085542771,-1.047169290089608
43.44672336168084,-0.9565677282082872
43.471735867933965,-0.9591187752988346
43.49674837418709,-0.8829945722259616
43.52176088044022,-0.8462654912558056
43.546773386693346,-0.8156821984491766
43.57178589294647,-0.6997965767834923
43.5967983991996,-0.7454058819434163
43.621810905452726,-0.6583599041578032
43.64682341170585,-0.6219300148308771
43.67183591795898,-0.591453998887064
43.69684842421211,-0.5476947909824472
43.72186093046523,-0.4622641609091836
43.74687343671836,-0.42059929526784723
43.77188594297149,-0.4089072554025928
43.796898449224614,-0.2931436946006042
43.82191095547774,-0.278324709730505
43.84692346173087,-0.17694758291621582
43.871935967983994,-0.2025677520428047
43.89694847423712,-0.10401949113284116
43.92196098049025,-0.04521091447192675
43.946973486743374,-0.03571893761987584
43.9719859929965,0.068510908270348
43.99699849924963,0.08198073747111127
44.022011005502755,0.1512522035424148
44.04702351175588,0.17417079456998175
44.072036018009,0.25549535831015013
44.09704852426213,0.2482462094953825
44.122061030515255,0.332510746224079
44.14707353676838,0.36505001172903045
44.17208604302151,0.41425545081403886
44.197098549274635,0.5124623126696368
44.22211105552776,0.4928193979354385
44.24712356178089,0.5751438932831046
44.272136068034015,0.661251217677818
44.29714857428714,0.6939003592747778
44.32216108054027,0.7111878467152847
44.347173586793396,0.7525767644312428
44.37218609304652,0.8570238332314809
44.39719859929965,0.8942302973534169
44.422211105552776,0.8834775376789545
44.4472236118059,0.902699869789579
44.47223611805903,1.0104505983868204
44.49724862431216,0.9865189801377634
44.52226113056528,1.1203304655768223
44.54727363681841,1.0807860601798838
44.57228614307154,1.1712369017952116
44.597298649324664,1.2333255246602324
44.62231115557779,1.243731684234214
44.64732366183092,1.3331275202148123
44.672336168084044,1.301148591880366
44.69734867433717,1.4048580755483184
44.7223611805903,1.3648618832494186
44.747373686843424,1.4341212457721817
44.77238619309655,1.4961176793181277
44.79739869934968,1.488245967190121
44.822411205602805,1.50140316705356
44.847423711855924,1.5572213079336577
44.87243621810905,1.6138420780909564
44.89744872436218,1.586640918995592
44.922461230615305,1.628956745319604
44.94747373686843,1.668480163896081
44.97248624312156,1.675130272010348
44.997498749374685,1.789684636412242
45.02251125562781,1.775459077417321
45.04752376188094,1.81563012748595
45.072536268134066,1.867830591396952
45.09754877438719,1.8574100355481216
45.12256128064032,1.9157524970336015
45.147573786893446,1.9176135627510402
45.17258629314657,1.9274413482630917
45.1975987993997,1.9225761074772914
45.222611305652826,1.9185785698058049
45.24762381190595,1.9415063158209191
45.27263631815908,1.981259585227336
45.29764882441221,1.9526882132647538
45.32266133066533,1.9933678927133616
45.34767383691846,2.017932182056275
45.37268634317159,2.0344789277815223
45.397698849424714,2.056547100170859
45.42271135567784,2.0465484230176276
45.44772386193097,1.9967745569866593
45.472736368184094,2.090819789031579
45.49774887443722,2.017068427732055
45.52276138069035,2.0242466774755274
45.547773886943475,2.0350569551597655
45.5727863931966,2.073075564958628
45.59779889944973,2.028042116344907
45.622811405702855,2.0791517314097994
45.647823911955975,2.0856680839384985
45.6728364182091,2.0684027267111476
45.69784892446223,1.996852429239642
45.722861430715355,2.0373500770395516
45.74787393696848,2.0148130664397144
45.77288644322161,2.0050481993779146
45.797898949474735,1.9716233648731836
45.82291145572786,1.9590791257661464
45.84792396198099,2.0017003384803553
45.872936468234116,1.9540981803000872
45.89794897448724,1.956545924910828
45.92296148074037,1.9182818758934335
45.947973986993496,1.8749634863957116
45.97298649324662,1.8486030631249315
45.99799899949975,1.8634793618156338
46.023011505752876,1.8590537327026517
46.048024012006,1.8382503015712572
46.07303651825913,1.8340081891015783
46.09804902451226,1.7942656165904527
46.12306153076538,1.6910281618472254
46.14807403701851,1.7040813198771492
46.17308654327164,1.7109481809057365
46.198099049524764,1.651071653837551
46.22311155577789,1.638477709367827
46.24812406203102,1.5788182448872496
46.273136568284144,1.564610886563698
46.29814907453727,1.5032731312564789
46.3231615807904,1.471866208164433
46.348174087043525,1.4822899138220618
46.37318659329665,1.4251698003990558
46.39819909954978,1.4211308485949439
46.423211605802905,1.3534465029334262
46.448224112056025,1.3481326467362298
46.47323661830915,1.301254384312805
46.49824912456228,1.2654784801241556
46.523261630815405,1.1326074463071047
46.54827413706853,1.1873489833578472
46.57328664332166,1.0981695517551706
46.598299149574785,1.0938397948784206
46.62331165582791,1.0494748242178538
46.64832416208104,1.007946701167437
46.673336668334166,0.9025790505687598
46.69834917458729,0.8631366612865351
46.72336168084042,0.8666407392722686
46.748374187093546,0.7772631596488989
46.77338669334667,0.6886982881881182
46.7983991995998,0.7028748677897275
46.823411705852926,0.6800025828117648
46.84842421210605,0.6048298475767085
46.87343671835918,0.5741227513473498
46.89844922461231,0.5223290195850627
46.923461730865434,0.48753535401495673
46.94847423711856,0.42543336333851933
46.97348674337169,0.3808964058816744
46.998499249624814,0.31793696031882207
47.02351175587794,0.25737789722661414
47.04852426213107,0.23175729561280617
47.073536768384194,0.17640033472524913
47.09854927463732,0.13094634521943732
47.12356178089045,0.09984792096950779
47.148574287143575,0.022703303046854056
47.1735867933967,-0.03093129146031119
47.19859929964983,-0.06708752053800424
47.22361180590295,-0.17341774223180428
47.248624312156075,-0.1581055435041714
47.2736368184092,-0.20619739370456294
47.29864932466233,-0.25739759771508824
47.323661830915455,-0.3367395101526722
47.34867433716858,-0.3492999749520225
47.37368684342171,-0.40978363394383754
47.398699349674835,-0.4793033421709166
47.42371185592796,-0.523943226922618
47.44872436218109,-0.5927093294182108
47.473736868434216,-0.5979762358428744
47.49874937468734,-0.6905909842012615
47.52376188094047,-0.7450505303727363
47.548774387193596,-0.7262573056609418
47.57378689344672,-0.8624758488557873
47.59879939969985,-0.8742631245707031
47.62381190595298,-0.9106301917245743
47.6488244122061,-0.905539568594693
47.67383691845923,-1.0148833220915643
47.69884942471236,-1.0089148855571535
47.723861930965484,-1.0427734250604652
47.74887443721861,-1.0852381306823204
47.77388694347174,-1.1298783427935604
47.798899449724864,-1.2305599694269382
47.82391195597799,-1.1923486146148814
47.84892446223112,-1.2931990323666749
47.873936968484244,-1.268988936078891
47.89894947473737,-1.3303921128520977
47.9239619809905,-1.3823900683966939
47.948974487243625,-1.377817158448526
47.97398699349675,-1.4039630585340135
47.99899949974988,-1.4906618129601723
48.024012006003,-1.5571500937851634
48.049024512256125,-1.5091373207907226
48.07403701850925,-1.5932357157998969
48.09904952476238,-1.5863300152668696
48.124062031015505,-1.6476132743016172
48.14907453726863,-1.6109712739949273
48.17408704352176,-1.7043479256947887
48.199099549774886,-1.6908739399890835
48.22411205602801,-1.760953489920219
48.24912456228114,-1.7106606968553306
48.274137068534266,-1.7291723533850851
48.29914957478739,-1.7908471234921586
48.32416208104052,-1.79192941454348
48.349174587293646,-1.7890519848087827
48.37418709354677,-1.8416291065994754
48.3991995997999,-1.8986979026710051
48.42421210605303,-1.9024872693894903
48.44922461230615,-1.9372429281798433
48.47423711855928,-1.926626966508642
48.49924962481241,-1.871806703211888
48.524262131065534,-1.9693732075829427
48.54927463731866,-1.961708181952064
48.57428714357179,-1.913218659021384
48.599299649824914,-1.9471695885212095
48.62431215607804,-1.9826732441142831
48.64932466233117,-1.962092422653955
48.674337168584294,-1.9390139084512295
48.69934967483742,-1.9809305831886639
48.72436218109055,-1.9955810073442177
48.749374687343675,-1.9935784070044338
48.7743871935968,-1.9834674250147135
48.79939969984993,-1.9378977288384394
48.82441220610305,-1.9377095158284159
48.849424712356175,-1.924576210224142
48.8744372186093,-1.9522853561375313
48.89944972486243,-1.94075251908627
48.924462231115555,-1.8722360722494493
48.94947473736868,-1.8622222087282212
48.97448724362181,-1.8293952130160243
48.999499749874936,-1.8597063774149691
49.02451225612806,-1.8025043486125507
49.04952476238119,-1.7843472038050474
49.074537268634316,-1.822953953251785
49.09954977488744,-1.7970281171473796
49.12456228114057,-1.7948451357221074
49.149574787393696,-1.7839213493149857
49.17458729364682,-1.7709508032775858
49.19959979989995,-1.6895077148465067
49.22461230615308,-1.6533066953471196
49.2496248124062,-1.655973945740661
49.27463731865933,-1.608201016425497
49.29964982491246,-1.6283092656663563
49.324662331165584,-1.5752085973955827
49.34967483741871,-1.5025550311912852
49.37468734367184,-1.5120950542247327
49.399699849924964,-1.4608473609688666
49.42471235617809,-1.427656139720666
49.44972486243122,-1.3831896358854314
49.474737368684345,-1.3994816497743099
49.49974987493747,-1.3274039406938616
49.5247623811906,-1.3169559206787746
49.549774887443725,-1.2796458037286493
49.57478739369685,-1.1922346207113974
49.59979989994998,-1.224996001187233
49.6248124062031,-1.108540753262314
49.649824912456225,-1.0568264269274856
49.67483741870935,-1.1056568609790947
49.69984992496248,-1.0537199319188268
49.724862431215605,-0.9521582334768899
49.74987493746873,-0.9562755084479623
49.77488744372186,-0.9011779710821125
49.799899949974986,-0.8418994967652056
49.82491245622811,-0.8405407001822658
49.84992496248124,-0.7430030446229009
49.874937468734366,-0.6751267684250355
49.89994997498749,-0.6567543299247641
49.92496248124062,-0.608529532302219
49.949974987493746,-0.5712699327346004
49.97498749374687,-0.5457645755307091
50.0,-0.522897217533249
