x,y
0.0,0.09154427261194822
0.02501250625312656,0.06453050098612294
0.05002501250625312,0.142132943329544
0.0750375187593797,0.18972893374368677
0.10005002501250625,0.29506115405697897
0.12506253126563283,0.29842507716581296
0.1500750375187594,0.31690859062093263
0.17508754377188596,0.38622096993692845
0.2001000500250125,0.41442194525386483
0.22511255627813906,0.4695620655273454
0.25012506253126565,0.5323533198598608
0.2751375687843922,0.6203392762197246
0.3001500750375188,0.6488412829911707
0.32516258129064535,0.6850487711307663
0.3501750875437719,0.7224274050685796
0.3751875937968984,0.7698967565636076
0.400200100050025,0.8589645788292798
0.42521260630315155,0.9110358394618
0.4502251125562781,0.9137491727153848
0.4752376188094047,1.0084779562167263
0.5002501250625313,0.9602523981835118
0.5252626313156579,1.0975305475228914
0.5502751375687844,1.0845987971702273
0.575287643821911,1.1087759861519941
0.6003001500750376,1.1573290303969732
0.6253126563281641,1.251400285730696
0.6503251625812907,1.2411096831609478
0.6753376688344173,1.3117467800643483
0.7003501750875438,1.3539117546668389
0.7253626813406704,1.4051504114228122
0.7503751875937968,1.425049447603511
0.7753876938469234,1.4133904286359378
0.80040020010005,1.4402628064945389
0.8254127063531765,1.5482278850677933
0.8504252126063031,1.5644225885729526
0.8754377188594297,1.5794331699124828
0.9004502251125562,1.6359634830224612
0.9254627313656828,1.5998132057496686
0.9504752376188094,1.6362549521582432
0.9754877438719359,1.7038229500601174
1.0005002501250626,1.7706464502838937
1.0255127563781892,1.787086288415271
1.0505252626313157,1.7853350793978346
1.0755377688844423,1.7637499342227319
1.1005502751375689,1.7992260051906257
1.1255627813906954,1.9043245072483608
1.150575287643822,1.8546964395539265
1.1755877938969486,1.907997715661245
1.2006003001500751,1.911473957582822
1.2256128064032017,1.9608310727081473
1.2506253126563283,1.9755548903546174
1.2756378189094548,1.9888852173398754
1.3006503251625814,1.9835601450488745
1.325662831415708,2.0183701507423337
1.3506753376688345,2.0065248307000956
1.375687843921961,1.9933170348057938
1.4007003501750876,2.041320225953789
1.4257128564282142,1.979262855822745
1.4507253626813408,2.0301989024261893
1.4757378689344671,2.0010248707995224
1.5007503751875937,2.017065913636445
1.5257628814407203,2.0867184396951255
1.5507753876938468,2.029564001722786
1.5757878939469734,2.014450732102067
1.6008004002001,2.054125072785861
1.6258129064532265,2.037138806279066
1.650825412706353,2.065879663624436
1.6758379189594796,2.0825591324137993
1.7008504252126062,2.043089228186431
1.7258629314657328,2.0146938253611477
1.7508754377188593,2.046355329899662
1.775887943971986,2.0105461710812405
1.8009004502251125,2.02299907786021
1.825912956478239,1.998648398303146
1.8509254627313656,1.975588252050822
1.8759379689844922,1.9644799844353602
1.9009504752376187,1.976112496558462
1.9259629814907453,1.949706887096517
1.9509754877438719,1.865940730409311
1.9759879939969984,1.8742556897012999
2.001000500250125,1.86609649039737
2.0260130065032516,1.8030292050279724
2.0510255127563783,1.7968340915428866
2.0760380190095047,1.8089535879186078
2.1010505252626315,1.733388582020602
2.126063031515758,1.7791498891158959
2.1510755377688846,1.6799610985388422
2.176088044022011,1.7046924414818008
2.2011005502751377,1.7024783699634676
2.226113056528264,1.6696040857898653
2.251125562781391,1.6269874894601357
2.276138069034517,1.5379081650076847
2.301150575287644,1.5729095128274124
2.3261630815407703,1.5193517824185672
2.351175587793897,1.4488408396663608
2.3761880940470235,1.4183149220558233
2.4012006003001503,1.376414558146514
2.4262131065532766,1.332034924078781
2.4512256128064034,1.3383616321683758
2.4762381190595297,1.2444984385112348
2.5012506253126565,1.2611392178170402
2.526263131565783,1.1798094271383084
2.5512756378189096,1.2056464959129223
2.576288144072036,1.0842207875184031
2.6013006503251628,1.0889548182159927
2.626313156578289,0.9965088201404849
2.651325662831416,0.9548428975122998
2.6763381690845423,0.982364622654575
2.701350675337669,0.8609617055129846
2.7263631815907954,0.9022865006624272
2.751375687843922,0.7976658119125727
2.7763881940970485,0.7658772759574265
2.8014007003501753,0.6853538922746004
2.8264132066033016,0.7191101870403922
2.8514257128564284,0.6583990851386163
2.8764382191095548,0.5315508895056864
2.9014507253626816,0.5002303437788919
2.926463231615808,0.4501967698095349
2.9514757378689342,0.42080108284230855
2.976488244122061,0.34311879897021186
3.0015007503751874,0.2957844683842972
3.026513256628314,0.26488546996143586
3.0515257628814405,0.26187036973874445
3.0765382691345673,0.139918301027885
3.1015507753876936,0.15875697392482369
3.1265632816408204,0.08383213451515567
3.1515757878939468,0.035623188345778364
3.1765882941470736,0.027838060394727124
3.2016008004002,-0.06325757958668148
3.2266133066533267,-0.1577550009003629
3.251625812906453,-0.1920354655714352
3.27663831915958,-0.18119777487988178
3.301650825412706,-0.2920068649013033
3.326663331665833,-0.31376391256295166
3.3516758379189593,-0.40437595569299706
3.376688344172086,-0.41745687167063245
3.4017008504252124,-0.434424303830898
3.426713356678339,-0.5216057743345587
3.4517258629314655,-0.5353759569358378
3.4767383691845923,-0.5646818578646513
3.5017508754377187,-0.6976092346557666
3.5267633816908455,-0.7128981524738722
3.551775887943972,-0.718585142877532
3.5767883941970986,-0.8313728146175123
3.601800900450225,-0.8846547410485369
3.6268134067033517,-0.87132216200072
3.651825912956478,-0.8938743970665256
3.676838419209605,-0.9269342634656945
3.701850925462731,-1.0585651315146696
3.726863431715858,-1.0421457568919912
3.7518759379689843,-1.072539345159066
3.776888444222111,-1.128393001994943
3.8019009504752375,-1.2005555314497418
3.8269134567283642,-1.2189050272960555
3.8519259629814906,-1.2762708037793387
3.8769384692346174,-1.2454192299922584
3.9019509754877437,-1.2951229880389323
3.9269634817408705,-1.3540024010917628
3.951975987993997,-1.4307085509176625
3.9769884942471236,-1.4073074833829675
4.00200100050025,-1.4720447456551322
4.027013506753376,-1.476753776013505
4.052026013006503,-1.512893188038408
4.07703851925963,-1.527353783445574
4.102051025512757,-1.601138626253056
4.127063531765883,-1.5984996947351775
4.152076038019009,-1.658557168693055
4.177088544272136,-1.6258927797161948
4.202101050525263,-1.6578501260683174
4.227113556778389,-1.7668801384368273
4.252126063031516,-1.6974789993280124
4.277138569284642,-1.7808780462906977
4.302151075537769,-1.7981078919490237
4.327163581790895,-1.8419133088453474
4.352176088044022,-1.859987305575453
4.377188594297149,-1.7903608982672181
4.4022011005502755,-1.8524348013096903
4.427213606803401,-1.8714474187545331
4.452226113056528,-1.9145087739370013
4.477238619309655,-1.9115782039984888
4.502251125562782,-1.9044121342031102
4.527263631815908,-1.8905451833675029
4.552276138069034,-1.923258045565104
4.577288644322161,-1.941345809984834
4.602301150575288,-1.9108772512447414
4.627313656828414,-1.9900863054200393
4.652326163081541,-1.9793679721424144
4.6773386693346675,-1.911892502822033
4.702351175587794,-1.9203205892599677
4.72736368184092,-1.9347370187732587
4.752376188094047,-1.9626158847447985
4.777388694347174,-1.9584617201831396
4.8024012006003005,-1.9213060299297373
4.827413706853426,-1.9703963031901455
4.852426213106553,-1.9769509743480445
4.87743871935968,-1.89391461611237
4.902451225612807,-1.8911462990608172
4.927463731865933,-1.934661939887972
4.9524762381190595,-1.9357795328925678
4.977488744372186,-1.8447381282179354
5.002501250625313,-1.8524247829641787
5.027513756878439,-1.8588280374167865
5.052526263131566,-1.8561353330672843
5.0775387693846925,-1.8614861070034492
5.102551275637819,-1.7507853288127249
5.127563781890945,-1.747061419945174
5.152576288144072,-1.7615491729006703
5.177588794397199,-1.689532484230111
5.2026013006503256,-1.7132479904997018
5.2276138069034515,-1.6826490130152687
5.252626313156578,-1.680391312158767
5.277638819409705,-1.6010707051614164
5.302651325662832,-1.5842119801984744
5.327663831915958,-1.5591418649311386
5.3526763381690845,-1.5905347376339813
5.377688844422211,-1.512260033621513
5.402701350675338,-1.4819011830556394
5.427713856928464,-1.463993902057567
5.452726363181591,-1.390351341229262
5.4777388694347176,-1.3715059561356884
5.502751375687844,-1.3304513069202266
5.52776388194097,-1.3084168159896612
5.552776388194097,-1.2927781039145692
5.577788894447224,-1.2804853495626767
5.602801400700351,-1.2540399879543693
5.6278139069534765,-1.1895503097927347
5.652826413206603,-1.1057476125387904
5.67783891945973,-1.1200669891017807
5.702851425712857,-1.0861780764915463
5.727863931965983,-1.030344281662071
5.7528764382191095,-0.946021107429384
5.777888944472236,-0.8928623012274548
5.802901450725363,-0.9001573775534246
5.827913956978489,-0.8287656891746236
5.852926463231616,-0.7955832748639742
5.877938969484743,-0.7381322453066006
5.9029514757378685,-0.7102246062734783
5.927963981990995,-0.6704175602246725
5.952976488244122,-0.5492949333666737
5.977988994497249,-0.5219855224995311
6.003001500750375,-0.534630847633289
6.0280140070035015,-0.49847255537248947
6.053026513256628,-0.4418101765548845
6.078039019509755,-0.34415349503770043
6.103051525762881,-0.33517414324493283
6.128064032016008,-0.26098996768527444
6.153076538269135,-0.22525849542819343
6.178089044522261,-0.17413357416971706
6.203101550775387,-0.06448975287675557
6.228114057028514,-0.029782034159975046
6.253126563281641,-0.03608550989073814
6.278139069534768,0.0684059196793301
6.3031515757878935,0.048335902041917914
6.32816408204102,0.1273143696503275
6.353176588294147,0.2369117564077337
6.378189094547274,0.22000773111498373
6.4032016008004,0.3190324173691217
6.428214107053527,0.3757181364467387
6.453226613306653,0.40582855633706744
6.47823911955978,0.4504542368771126
6.503251625812906,0.5038219995701061
6.528264132066033,0.49728914228981513
6.55327663831916,0.6313791696238471
6.578289144572286,0.5817465178311461
6.603301650825412,0.7239117444799158
6.628314157078539,0.7027643848767561
6.653326663331666,0.7397821989461517
6.678339169584793,0.8382309665297548
6.703351675837919,0.8778316391231549
6.728364182091045,0.9079228874355062
6.753376688344172,0.9753838810988166
6.778389194597299,0.9938132255574349
6.803401700850425,1.0615570124028473
6.828414207103552,1.0851330849011218
6.853426713356678,1.0839037251044856
6.878439219609805,1.1827262106364185
6.903451725862931,1.1891953312214136
6.928464232116058,1.2254587630336151
6.953476738369185,1.3121980472917845
6.9784892446223115,1.3122305191950783
7.003501750875437,1.396354187894166
7.028514257128564,1.3643949416991625
7.053526763381691,1.4156324174706394
7.078539269634818,1.4819903571482087
7.103551775887944,1.5552813383963984
7.12856428214107,1.5792057716767258
7.153576788394197,1.558689762587709
7.178589294647324,1.6557141644399112
7.20360180090045,1.6040041572723995
7.228614307153577,1.7179650607112957
7.2536268134067035,1.7106215399702247
7.27863931965983,1.7346090513246188
7.303651825912956,1.7663273423635042
7.328664332166083,1.780050135973383
7.35367683841921,1.825332060146626
7.3786893446723365,1.7922790234477368
7.403701850925462,1.8033235830862961
7.428714357178589,1.8339614117320047
7.453726863431716,1.8926954559692142
7.478739369684843,1.925496785555039
7.503751875937969,1.9218743953017654
7.5287643821910955,1.9670535474010622
7.553776888444222,1.9612702689407975
7.578789394697349,1.9886938823827083
7.603801900950475,1.9719338092471428
7.628814407203602,1.9820062897653137
7.6538269134567285,2.0452783653230804
7.678839419709855,2.040534693582211
7.703851925962981,2.0369579036646495
7.728864432216108,2.0386240244331444
7.753876938469235,2.0581550054750237
7.7788894447223615,2.0489856002071782
7.8039019509754874,2.025013037867691
7.828914457228614,2.0936760927099676
7.853926963481741,2.04504641268876
7.878939469734868,2.082476094491644
7.903951975987994,2.0920526304101292
7.9289644822411205,2.036903930067354
7.953976988494247,2.036110485561439
7.978989494747374,1.997286214965664
8.0040020010005,2.0056944232034635
8.029014507253628,2.048926384526058
8.054027013506753,2.0227029573187774
8.07903951975988,1.9771016214625823
8.104052026013006,2.0120939755486296
8.129064532266133,1.9297446088503167
8.15407703851926,1.9471028905004435
8.179089544772387,1.9062028766047363
8.204102051025513,1.8786663115206528
8.22911455727864,1.884206310827582
8.254127063531765,1.8466573062267202
8.279139569784892,1.875422029258663
8.304152076038019,1.845606861575691
8.329164582291146,1.8101463912123892
8.354177088544272,1.8456310187593872
8.379189594797399,1.7665784014933545
8.404202101050526,1.7229649612424696
8.429214607303653,1.6965393017612167
8.454227113556778,1.6751155293111084
8.479239619809904,1.6417383164471568
8.504252126063031,1.685080402125321
8.529264632316158,1.5718929921312221
8.554277138569285,1.5869550075740142
8.579289644822412,1.5349406549853528
8.604302151075538,1.5252587508166657
8.629314657328665,1.4436473637288512
8.65432716358179,1.4177872519653598
8.679339669834917,1.4407811421038665
8.704352176088044,1.3799267243657123
8.72936468234117,1.3644964850070118
8.754377188594297,1.2648672616119734
8.779389694847424,1.2456430150378863
8.804402201100551,1.2218606099831386
8.829414707353676,1.143716569533346
8.854427213606803,1.1589747031569269
8.87943971985993,1.1141666047614316
8.904452226113056,1.00769837154662
8.929464732366183,1.0105165566324277
8.95447723861931,0.9555396687163963
8.979489744872437,0.9380978013640769
9.004502251125563,0.9097079253488868
9.029514757378688,0.7805270443357571
9.054527263631815,0.7850984079804817
9.079539769884942,0.7167250323486168
9.104552276138069,0.6316555496534882
9.129564782391196,0.6632438997877639
9.154577288644322,0.5653138219270644
9.17958979489745,0.5441758553921846
9.204602301150576,0.4379007232904812
9.229614807403701,0.4872958681835665
9.254627313656828,0.34100554987151843
9.279639819909955,0.30965505378591524
9.304652326163081,0.2967679445341691
9.329664832416208,0.27073832305891543
9.354677338669335,0.14450124677876394
9.379689844922462,0.17492055927961217
9.404702351175589,0.06099754101677827
9.429714857428714,0.07538049710089643
9.45472736368184,-0.022585743826236418
9.479739869934967,-0.022349604171906193
9.504752376188094,-0.09862187960586563
9.52976488244122,-0.15203159757984813
9.554777388694347,-0.2544982185603535
9.579789894947474,-0.26727157201649604
9.604802401200601,-0.3103897826409466
9.629814907453726,-0.351299281247127
9.654827413706853,-0.45562859694108615
9.67983991995998,-0.47343920708802895
9.704852426213106,-0.485362138568678
9.729864932466233,-0.5792529693648544
9.75487743871936,-0.5604081838690125
9.779889944972487,-0.6000729329424175
9.804902451225614,-0.6602948206261455
9.829914957478739,-0.7270628323064258
9.854927463731865,-0.7865957173771924
9.879939969984992,-0.8405842236309858
9.904952476238119,-0.8569273663184995
9.929964982491246,-0.9292652212631278
9.954977488744372,-1.0033174860703356
9.9799899949975,-1.0509143314847162
10.005002501250626,-1.0342291132000052
10.030015007503751,-1.10301184723469
10.055027513756878,-1.129374996958205
10.080040020010005,-1.2033596371582855
10.105052526263131,-1.1817782855036645
10.130065032516258,-1.2815507335509748
10.155077538769385,-1.3013126961558286
10.180090045022512,-1.3686560118843973
10.205102551275639,-1.3306091850212258
10.230115057528764,-1.4066314158499207
10.25512756378189,-1.393973269972959
10.280140070035017,-1.4429632753738642
10.305152576288144,-1.4556541940320522
10.33016508254127,-1.5726969182934225
10.355177588794398,-1.5885700730179715
10.380190095047524,-1.5742508975503557
10.405202601300651,-1.6252553735689335
10.430215107553776,-1.6094239493379054
10.455227613806903,-1.7125169138679166
10.48024012006003,-1.6552798407247855
10.505252626313156,-1.7591096366978318
10.530265132566283,-1.7335647382665742
10.55527763881941,-1.7246771172884405
10.580290145072537,-1.8112372022177032
10.605302651325664,-1.7753391490127677
10.630315157578789,-1.8669722307822683
10.655327663831915,-1.8130902283613195
10.680340170085042,-1.887475918628172
10.705352676338169,-1.8870545074860272
10.730365182591296,-1.8774019666258135
10.755377688844423,-1.9196153125443112
10.78039019509755,-1.9270968847996628
10.805402701350676,-1.8883899790873113
10.830415207603801,-1.9439153238655758
10.855427713856928,-1.9404524927309608
10.880440220110055,-1.9098064442708738
10.905452726363182,-1.9182731590456323
10.930465232616308,-1.9190639050724974
10.955477738869435,-1.96479053501686
10.980490245122562,-1.966932672392653
11.005502751375689,-1.9928773922744385
11.030515257628814,-1.9763594740997028
11.05552776388194,-1.9586924458707584
11.080540270135067,-1.9800340306974524
11.105552776388194,-1.9495269279886556
11.13056528264132,-1.9784257037796111
11.155577788894448,-1.8882963544342044
11.180590295147574,-1.876311271824558
11.205602801400701,-1.880018597438121
11.230615307653826,-1.8814190964510782
11.255627813906953,-1.8629330500919554
11.28064032016008,-1.9113343154427809
11.305652826413207,-1.8208326458511588
11.330665332666333,-1.8044137955228856
11.35567783891946,-1.8675685004170097
11.380690345172587,-1.8419550008699974
11.405702851425714,-1.8266289231991664
11.430715357678839,-1.731445035488563
11.455727863931966,-1.70535831989503
11.480740370185092,-1.7104109398074585
11.505752876438219,-1.6568010809982043
11.530765382691346,-1.6428068189139335
11.555777888944473,-1.6661730099404333
11.5807903951976,-1.5934670513734326
11.605802901450726,-1.5959615683051382
11.630815407703851,-1.5978524550366038
11.655827913956978,-1.4949251328769058
11.680840420210105,-1.4587146729494525
11.705852926463232,-1.4265531749179934
11.730865432716358,-1.473000717791774
11.755877938969485,-1.4016211339225866
11.780890445222612,-1.3843508318897693
11.805902951475737,-1.3208951319455564
11.830915457728864,-1.2487907135361855
11.85592796398199,-1.2530082287282998
11.880940470235117,-1.210792868047198
11.905952976488244,-1.2181187993654445
11.930965482741371,-1.1447779413204409
11.955977988994498,-1.1296204832184407
11.980990495247624,-1.0916648673029317
12.00600300150075,-0.9686237711585824
12.031015507753876,-0.9450079013223835
12.056028014007003,-0.9490678030951851
12.08104052026013,-0.8559497416762083
12.106053026513257,-0.8217290840486002
12.131065532766383,-0.7487344956629834
12.15607803901951,-0.7562906096015224
12.181090545272637,-0.6736997491524048
12.206103051525762,-0.6300167251747102
12.231115557778889,-0.6237172708836105
12.256128064032016,-0.5883114667591905
12.281140570285142,-0.5363757736533747
12.30615307653827,-0.4928511722836823
12.331165582791396,-0.3836859096552939
12.356178089044523,-0.3968547643160463
12.38119059529765,-0.30072057946551134
12.406203101550775,-0.2453866571147155
12.431215607803901,-0.25505626666652165
12.456228114057028,-0.18488065540304066
12.481240620310155,-0.157306514907112
12.506253126563282,-0.058048801846624414
12.531265632816408,0.002932225212407366
12.556278139069535,-0.004754435004718222
12.581290645322662,0.10836048409519886
12.606303151575787,0.08140536381134197
12.631315657828914,0.19073632507300306
12.65632816408204,0.2510630389019006
12.681340670335167,0.26702049410800904
12.706353176588294,0.31265512930063766
12.731365682841421,0.406168070388392
12.756378189094548,0.38709971404477805
12.781390695347675,0.4815543930710724
12.8064032016008,0.4765846008331731
12.831415707853926,0.6182593388888475
12.856428214107053,0.5746546152999846
12.88144072036018,0.7095978632170075
12.906453226613307,0.6976434107727261
12.931465732866434,0.7199148246146724
12.95647823911956,0.8242132571388978
12.981490745372687,0.8500068415681643
13.006503251625812,0.9116264857582731
13.031515757878939,0.9112889999586056
13.056528264132066,1.0078195917311996
13.081540770385192,1.014179564229057
13.10655327663832,1.0308798231227758
13.131565782891446,1.0858907407866123
13.156578289144573,1.1196484277354533
13.1815907953977,1.1842061669183412
13.206603301650825,1.2024162237925562
13.231615807903951,1.2944997682127946
13.256628314157078,1.282377902569871
13.281640820410205,1.3514358565404512
13.306653326663332,1.4200226040692399
13.331665832916459,1.4243698289398439
13.356678339169585,1.5017256251493292
13.381690845422712,1.4872532916591643
13.406703351675837,1.5308078233222495
13.431715857928964,1.5236637200578647
13.45672836418209,1.5634276918128245
13.481740870435218,1.6388886516196528
13.506753376688344,1.6500280573382904
13.531765882941471,1.689594197900601
13.556778389194598,1.7442252864009347
13.581790895447725,1.7497604527880712
13.60680340170085,1.7501083723338773
13.631815907953976,1.8276048944024053
13.656828414207103,1.873016340161993
13.68184092046023,1.8939738352286775
13.706853426713357,1.829507001797663
13.731865932966484,1.8492178538566864
13.75687843921961,1.8671709221250785
13.781890945472737,1.9108318113276506
13.806903451725862,1.9469377462305677
13.831915957978989,1.9289575523317295
13.856928464232116,1.9719317037249111
13.881940970485243,1.9651833872177447
13.90695347673837,1.9813553873434968
13.931965982991496,1.9832630910854103
13.956978489244623,2.0493496837959286
13.98199099549775,2.000405497826305
14.007003501750875,2.0238866293858915
14.032016008004002,2.0429730606250343
14.057028514257128,1.9992491396972307
14.082041020510255,2.03107996603066
14.107053526763382,2.074289499347263
14.132066033016509,2.086914962683118
14.157078539269635,2.053657156377947
14.182091045522762,2.0593563723646424
14.207103551775887,1.9960730968555278
14.232116058029014,2.072933596113143
14.25712856428214,2.0053147523026946
14.282141070535268,2.0072012788958564
14.307153576788394,1.9824665500403333
14.332166083041521,1.9695464177149686
14.357178589294648,2.0453514594480207
14.382191095547775,1.9660282430938403
14.4072036018009,1.9791479672947214
14.432216108054027,1.9692112019806247
14.457228614307153,1.9906554298359065
14.48224112056028,1.9181422256150973
14.507253626813407,1.9038569903242473
14.532266133066534,1.9270544807005041
14.55727863931966,1.8918890017751784
14.582291145572787,1.833575887523307
14.607303651825912,1.7939592172604137
14.632316158079039,1.8050954440857174
14.657328664332166,1.8289539577386504
14.682341170585293,1.7337877834267272
14.70735367683842,1.7641366758894403
14.732366183091546,1.6642180384710266
14.757378689344673,1.6603311563109966
14.782391195597798,1.6478867057123288
14.807403701850925,1.6388877186258817
14.832416208104052,1.5387582030144848
14.857428714357178,1.5402186215929203
14.882441220610305,1.555193434877742
14.907453726863432,1.4556184796070517
14.932466233116559,1.4826351188181945
14.957478739369686,1.439674518390631
14.98249124562281,1.4156953359818172
15.007503751875937,1.3141338481908207
15.032516258129064,1.3023422008140524
15.057528764382191,1.2993768122239147
15.082541270635318,1.2424370919458507
15.107553776888444,1.152983259351288
15.132566283141571,1.1090228154233834
15.157578789394698,1.1149497702123052
15.182591295647823,1.0975559636831091
15.20760380190095,0.9857528052141128
15.232616308154077,0.9250661177840139
15.257628814407203,0.8818178954227192
15.28264132066033,0.8792734986224124
15.307653826913457,0.8682838564215719
15.332666333166584,0.7729551655087096
15.35767883941971,0.7413888827228203
15.382691345672836,0.7000630135847876
15.407703851925962,0.6350018976184195
15.43271635817909,0.6422952558999176
15.457728864432216,0.5479360893773765
15.482741370685343,0.48755881941368384
15.50775387693847,0.4687491322248521
15.532766383191596,0.36834111439503453
15.557778889444723,0.3365373861532451
15.582791395697848,0.3352209694818882
15.607803901950975,0.24157781888844293
15.632816408204102,0.18309304770689674
15.657828914457228,0.1903940749880721
15.682841420710355,0.05287431150564502
15.707853926963482,0.0478822786590109
15.732866433216609,-0.031942933025622754
15.757878939469736,-0.027704904661508017
15.78289144572286,-0.12741037866376628
15.807903951975987,-0.18798429708806902
15.832916458229114,-0.24532550191506006
15.857928964482241,-0.25456212704153025
15.882941470735368,-0.3044217674617492
15.907953976988495,-0.36308461419422366
15.932966483241621,-0.44423520484742696
15.957978989494748,-0.4747877809449522
15.982991495747873,-0.48051078653940316
16.008004002001,-0.535644180482765
16.03301650825413,-0.5680357086459327
16.058029014507255,-0.5924578127993729
16.08304152076038,-0.7036029779082031
16.108054027013505,-0.7064994747610499
16.133066533266632,-0.8187197852719876
16.15807903951976,-0.7801818063238054
16.183091545772886,-0.9011118122207221
16.208104052026012,-0.9273289984401413
16.23311655827914,-0.9713332988254828
16.258129064532266,-1.0285561616270336
16.283141570785393,-1.0589545793809474
16.30815407703852,-1.042922015191814
16.333166583291646,-1.1256239098198233
16.358179089544773,-1.1915642150348484
16.3831915957979,-1.1881892708380166
16.408204102051027,-1.2501948679499633
16.433216608304154,-1.3262945808461417
16.45822911455728,-1.2972738508445254
16.483241620810404,-1.3675912787455002
16.50825412706353,-1.340267896618945
16.533266633316657,-1.4398117603657876
16.558279139569784,-1.4545557841620496
16.58329164582291,-1.4809352333599684
16.608304152076037,-1.4765550958716398
16.633316658329164,-1.5787513166045015
16.65832916458229,-1.5355198113398796
16.683341670835418,-1.5957994202186443
16.708354177088545,-1.616951133303393
16.73336668334167,-1.6577295473517555
16.758379189594798,-1.7334712085608412
16.783391695847925,-1.7329603586880091
16.808404202101052,-1.7284026895986424
16.83341670835418,-1.765527498872024
16.858429214607305,-1.777589173162443
16.88344172086043,-1.8211434928915489
16.908454227113555,-1.8424208387168919
16.933466733366682,-1.860754968884895
16.95847923961981,-1.8143730636988038
16.983491745872936,-1.8641770625485334
17.008504252126063,-1.9246527496440229
17.03351675837919,-1.8865148091473691
17.058529264632316,-1.928985808581527
17.083541770885443,-1.9117581081251842
17.10855427713857,-1.8890999901459713
17.133566783391696,-1.9224694741598107
17.158579289644823,-1.919279008167546
17.18359179589795,-1.9501068878045564
17.208604302151077,-1.9002720851418127
17.233616808404204,-1.9736310320236454
17.25862931465733,-1.9929029971140937
17.283641820910454,-1.9077110337678995
17.30865432716358,-1.9842823305955817
17.333666833416707,-1.90243405148194
17.358679339669834,-1.896211798399096
17.38369184592296,-1.9548249464828893
17.408704352176088,-1.925928756219836
17.433716858429214,-1.9146186685934092
17.45872936468234,-1.8869763191232902
17.483741870935468,-1.9535216687916614
17.508754377188595,-1.9209590579569684
17.53376688344172,-1.9283038968734372
17.55877938969485,-1.8342508602123944
17.583791895947975,-1.8905458507148798
17.608804402201102,-1.890559365144695
17.63381690845423,-1.859901351803135
17.658829414707352,-1.8548210781447918
17.68384192096048,-1.7429786094957076
17.708854427213605,-1.7403605475911739
17.733866933466732,-1.6970002432476214
17.75887943971986,-1.6966922990258058
17.783891945972986,-1.7106942325918406
17.808904452226113,-1.6916494208058694
17.83391695847924,-1.6773171639716031
17.858929464732366,-1.6372313629147084
17.883941970985493,-1.5603950239636177
17.90895447723862,-1.5361169344739194
17.933966983491747,-1.5238611281704735
17.958979489744873,-1.5109934927572435
17.983991995998,-1.5085590886335787
18.009004502251127,-1.43911159784436
18.034017008504254,-1.4462218608147568
18.059029514757377,-1.3914596626081885
18.084042021010504,-1.3773976896664208
18.10905452726363,-1.299892739975673
18.134067033516757,-1.236479147327021
18.159079539769884,-1.2011706221970964
18.18409204602301,-1.1786373249116262
18.209104552276138,-1.1200925154190378
18.234117058529264,-1.0642490674072456
18.25912956478239,-1.0580464716004372
18.284142071035518,-1.0053572101378285
18.309154577288645,-0.9981118851970908
18.33416708354177,-0.9477280548793053
18.3591795897949,-0.8860890965831975
18.384192096048025,-0.8354030890136062
18.409204602301152,-0.8112671267554996
18.43421710855428,-0.756801023405017
18.459229614807402,-0.7059896701572868
18.48424212106053,-0.650768096834836
18.509254627313656,-0.6572011534586067
18.534267133566782,-0.5778829273350995
18.55927963981991,-0.5566958063744718
18.584292146073036,-0.4739909268199243
18.609304652326163,-0.42376017427307444
18.63431715857929,-0.3946134801086014
18.659329664832416,-0.35145814420230204
18.684342171085543,-0.32844666574615006
18.70935467733867,-0.2167868914717186
18.734367183591797,-0.16021279701506624
18.759379689844923,-0.12306163521317436
18.78439219609805,-0.11401505363753262
18.809404702351177,0.004046018027671086
18.834417208604304,-0.007594397100847149
18.859429714857427,0.11427158257582269
18.884442221110554,0.14196745664983632
18.90945472736368,0.19953748408060798
18.934467233616807,0.22057261770964884
18.959479739869934,0.3046571963075293
18.98449224612306,0.3680840719597797
19.009504752376188,0.3969422407057328
19.034517258629315,0.41806315273525513
19.05952976488244,0.456807901923911
19.084542271135568,0.4657018656632791
19.109554777388695,0.5487626062639008
19.13456728364182,0.6581961860400685
19.15957978989495,0.6801185135716671
19.184592296148075,0.7339812118905539
19.209604802401202,0.7620023436921302
19.23461730865433,0.85113306541144
19.259629814907452,0.8724349359608825
19.28464232116058,0.8939190471880487
19.309654827413706,0.956740302570933
19.334667333666832,0.9962091792643452
19.35967983991996,1.0558169913690572
19.384692346173086,1.097073976850687
19.409704852426213,1.1532044756138538
19.43471735867934,1.1381593186566938
19.459729864932466,1.2119397036078257
19.484742371185593,1.2295784649844748
19.50975487743872,1.304509707164911
19.534767383691847,1.3322406229449548
19.559779889944974,1.3341358027830281
19.5847923961981,1.3828781521401337
19.609804902451227,1.383658369663904
19.634817408704354,1.4638685848598425
19.659829914957477,1.4838239390882992
19.684842421210604,1.546775906579107
19.70985492746373,1.571199074638429
19.734867433716857,1.6454791218285998
19.759879939969984,1.648180273752142
19.78489244622311,1.6997447949712046
19.809904952476238,1.644267041489348
19.834917458729365,1.7447618565177379
19.85992996498249,1.706385070184614
19.884942471235618,1.7915382196925551
19.909954977488745,1.7831064101814103
19.93496748374187,1.8319950378079461
19.959979989995,1.8651578985109962
19.984992496248125,1.8211174671909494
20.010005002501252,1.8695256482128475
20.03501750875438,1.9498683351888015
20.060030015007502,1.9307276583441297
20.08504252126063,1.938588204581598
20.110055027513756,1.9157611230926954
20.135067533766883,1.9394989415328294
20.16008004002001,1.941450614185879
20.185092546273136,2.0210627423016696
20.210105052526263,1.9781779759101936
20.23511755877939,2.0594329894015853
20.260130065032516,2.049476199339867
20.285142571285643,2.0432295597531005
20.31015507753877,2.0508657251401
20.335167583791897,2.081593042663045
20.360180090045024,2.054849509825401
20.38519259629815,2.0113712402695456
20.410205102551277,2.0828577162302166
20.435217608804404,2.0268696116452545
20.460230115057527,2.087894389526908
20.485242621310654,2.026146332716144
20.51025512756378,2.037747156487471
20.535267633816908,2.055277206725594
20.560280140070034,2.009295349477155
20.58529264632316,2.0280265764491987
20.610305152576288,2.0561289763318085
20.635317658829415,2.0188565073834965
20.66033016508254,2.007259026832888
20.68534267133567,1.9317474808729
20.710355177588795,1.9814024425778367
20.735367683841922,1.9225095485991384
20.76038019009505,1.9064752200897455
20.785392696348175,1.9306852326778485
20.810405202601302,1.9066229801236352
20.835417708854425,1.8625238884361872
20.860430215107552,1.8655451598989345
20.88544272136068,1.838655228494899
20.910455227613806,1.776035812552442
20.935467733866933,1.8150004583681691
20.96048024012006,1.785593912502476
20.985492746373186,1.7330172235930177
21.010505252626313,1.6836429854977706
21.03551775887944,1.7042327247708797
21.060530265132567,1.6373382789419562
21.085542771385693,1.622054823616251
21.11055527763882,1.5939553816182976
21.135567783891947,1.549273387876571
21.160580290145074,1.5567341318820287
21.1855927963982,1.524478049493517
21.210605302651327,1.4180258291999592
21.23561780890445,1.466572085122414
21.260630315157577,1.3523304849220015
21.285642821410704,1.3152299046185936
21.31065532766383,1.276412412690854
21.335667833916958,1.2323413837878008
21.360680340170084,1.2448003802170367
21.38569284642321,1.1474429901310652
21.410705352676338,1.1781260851160946
21.435717858929465,1.107167194761142
21.46073036518259,1.0849363086927086
21.48574287143572,1.0564023242631495
21.510755377688845,0.9461487631200952
21.535767883941972,0.9398521059950797
21.5607803901951,0.8614248190375087
21.585792896448226,0.8756815990691846
21.610805402701352,0.7630909227079962
21.635817908954476,0.7075095769958565
21.660830415207602,0.7121900564878259
21.68584292146073,0.6658463722908551
21.710855427713856,0.596003484247789
21.735867933966983,0.5475394972873201
21.76088044022011,0.49047334046459734
21.785892946473236,0.41624834045302644
21.810905452726363,0.4299333958235415
21.83591795897949,0.40911215872282125
21.860930465232617,0.3183537374666853
21.885942971485743,0.26082803876383553
21.91095547773887,0.22679607335908136
21.935967983991997,0.19160945458670903
21.960980490245124,0.14930310199676097
21.98599299649825,0.05011055831766657
22.011005502751377,0.05752073525911306
22.0360180090045,-0.07936881097002844
22.061030515257627,-0.04494125595877635
22.086043021510754,-0.18459429788051154
22.11105552776388,-0.14668953360933096
22.136068034017008,-0.27007391663330726
22.161080540270135,-0.33648091062193275
22.18609304652326,-0.32452259437361675
22.211105552776388,-0.3956746071477697
22.236118059029515,-0.4036428743925679
22.26113056528264,-0.5120254291312707
22.28614307153577,-0.5646316879393153
22.311155577788895,-0.6155702622580972
22.336168084042022,-0.6286933409469472
22.36118059029515,-0.6531687538430764
22.386193096548276,-0.715088887787726
22.411205602801402,-0.782630785336161
22.436218109054526,-0.7780013548849759
22.461230615307652,-0.8197281501443306
22.48624312156078,-0.8846682275914398
22.511255627813906,-0.9699826680540381
22.536268134067033,-1.0366268743567415
22.56128064032016,-1.0537827251893281
22.586293146573286,-1.0760422900105397
22.611305652826413,-1.1057530526316885
22.63631815907954,-1.10507179789835
22.661330665332667,-1.174085693065547
22.686343171585793,-1.2071395217865573
22.71135567783892,-1.2559515858356778
22.736368184092047,-1.2958285567708314
22.761380690345174,-1.387580737732934
22.7863931965983,-1.3837229134704623
22.811405702851427,-1.44419647560106
22.83641820910455,-1.410934886829552
22.861430715357677,-1.523057240931028
22.886443221610804,-1.4609164708921831
22.91145572786393,-1.5215642458244432
22.936468234117058,-1.534225999567856
22.961480740370185,-1.558771166201253
22.98649324662331,-1.6030060038061087
23.011505752876438,-1.6580281032134017
23.036518259129565,-1.7136053949476577
23.06153076538269,-1.7459250558622152
23.08654327163582,-1.7248604404192058
23.111555777888945,-1.764773189970897
23.136568284142072,-1.8131130611053379
23.1615807903952,-1.7995054977603009
23.186593296648326,-1.7934341920354202
23.211605802901452,-1.8531692127832042
23.236618309154576,-1.8662952419885341
23.261630815407702,-1.8290530003130105
23.28664332166083,-1.8340799162420376
23.311655827913956,-1.8391842589439027
23.336668334167083,-1.9488843538672567
23.36168084042021,-1.8873574770045045
23.386693346673336,-1.9576609019515696
23.411705852926463,-1.9041150756337313
23.43671835917959,-1.9288528017828317
23.461730865432717,-1.9774784371944147
23.486743371685844,-1.9080377446938381
23.51175587793897,-1.9474814176017274
23.536768384192097,-1.9728396220676272
23.561780890445224,-1.9842532855805988
23.58679339669835,-1.9975388506192406
23.611805902951474,-1.9270163986714803
23.6368184092046,-1.946759228867282
23.661830915457728,-1.9665343866293625
23.686843421710854,-1.9367097991683335
23.71185592796398,-1.9165925507858341
23.736868434217108,-1.9680582656629537
23.761880940470235,-1.9485754840598686
23.78689344672336,-1.8569237181310638
23.81190595297649,-1.890097285937399
23.836918459229615,-1.8709663213111924
23.861930965482742,-1.8655552819679402
23.88694347173587,-1.8194905612315195
23.911955977988995,-1.8569555679826109
23.936968484242122,-1.840549695769551
23.96198099049525,-1.7968945967428436
23.986993496748376,-1.7877761099816152
24.0120060030015,-1.7221044836657282
24.037018509254626,-1.6960688028924027
24.062031015507753,-1.7399346943686935
24.08704352176088,-1.6922212607036866
24.112056028014006,-1.652467193302181
24.137068534267133,-1.5997034607719243
24.16208104052026,-1.5531946927577407
24.187093546773387,-1.5809121199124758
24.212106053026513,-1.550325567911184
24.23711855927964,-1.524550796439239
24.262131065532767,-1.461387008934738
24.287143571785894,-1.4588563536654566
24.31215607803902,-1.3898872238913142
24.337168584292147,-1.4091599328004238
24.362181090545274,-1.3899185165728685
24.3871935967984,-1.2651615668283829
24.412206103051524,-1.239875750511969
24.43721860930465,-1.276872069568371
24.462231115557778,-1.1734570649801648
24.487243621810904,-1.189667375356179
24.51225612806403,-1.1101976451253346
24.537268634317158,-1.1121284138387506
24.562281140570285,-0.9921058245990326
24.58729364682341,-0.9726117443403605
24.61230615307654,-0.9215847905023362
24.637318659329665,-0.916383074642698
24.662331165582792,-0.8295782187793193
24.68734367183592,-0.832448606398809
24.712356178089045,-0.7745171061425586
24.737368684342172,-0.7350610050618434
24.7623811905953,-0.6693899664372901
24.787393696848426,-0.5825778460623806
24.81240620310155,-0.5329867631568709
24.837418709354676,-0.5399702796773502
24.862431215607803,-0.4835961724311641
24.88744372186093,-0.46235946886656626
24.912456228114056,-0.37228378147230234
24.937468734367183,-0.32592104403156824
24.96248124062031,-0.2834212470625603
24.987493746873437,-0.2657002447211557
25.012506253126563,-0.1420478029545107
25.03751875937969,-0.09406176959402099
25.062531265632817,-0.12531019675165755
25.087543771885944,-0.012985280616214387
25.11255627813907,-0.025120176223448386
25.137568784392197,0.0636593724801441
25.162581290645324,0.11649882446506352
25.18759379689845,0.19042723366090436
25.212606303151574,0.16435282082176367
25.2376188094047,0.21211014826931754
25.262631315657828,0.3177878375341435
25.287643821910955,0.3593432152247355
25.31265632816408,0.44726595789265905
25.337668834417208,0.45704827072239357
25.362681340670335,0.5025787324790788
25.38769384692346,0.5257459875584393
25.41270635317659,0.6383493752325595
25.437718859429715,0.6144078442398987
25.462731365682842,0.6867844987775864
25.48774387193597,0.7275652213767889
25.512756378189096,0.8413463886003593
25.537768884442222,0.7905292793843575
25.56278139069535,0.9171130671656427
25.587793896948476,0.8880759254511762
25.6128064032016,0.9395023689250132
25.637818909454726,1.0359346256195097
25.662831415707853,1.0561251948178572
25.68784392196098,1.1147509162681566
25.712856428214106,1.1954770349775021
25.737868934467233,1.2140836563444402
25.76288144072036,1.196884228596047
25.787893946973487,1.3048420969031453
25.812906453226613,1.290538083531579
25.83791895947974,1.3321815949040636
25.862931465732867,1.3477856272170907
25.887943971985994,1.4239669334465177
25.91295647823912,1.490513740780445
25.937968984492247,1.5318702622896272
25.962981490745374,1.5002516071327023
25.9879939969985,1.543681286980284
26.013006503251624,1.6350439604115736
26.03801900950475,1.5997260974920318
26.063031515757878,1.6177075539486034
26.088044022011005,1.6961930919257893
26.11305652826413,1.7481502449447075
26.138069034517258,1.7533487896423319
26.163081540770385,1.7875020644408441
26.18809404702351,1.8096321424209312
26.21310655327664,1.846203581131666
26.238119059529765,1.8586945720889636
26.263131565782892,1.8207470563180046
26.28814407203602,1.904412247275996
26.313156578289146,1.8942952980418422
26.338169084542272,1.967942014903107
26.3631815907954,1.9031381757305939
26.388194097048526,1.9567022637239422
26.41320660330165,1.9726433860083126
26.438219109554776,1.9950292487183605
26.463231615807903,1.9526830789434488
26.48824412206103,2.0464711256645844
26.513256628314156,2.0098861861149238
26.538269134567283,2.043830404232743
26.56328164082041,2.0137244894126263
26.588294147073537,2.0059051900253353
26.613306653326664,2.036285867875948
26.63831915957979,2.0065516756435815
26.663331665832917,2.0954493745204306
26.688344172086044,2.0539355533842687
26.71335667833917,2.066848745294486
26.738369184592298,2.0948555923369687
26.763381690845424,2.0716854442698
26.788394197098548,1.996174905585851
26.813406703351674,2.020260491898007
26.8384192096048,2.075323443081901
26.863431715857928,2.048083974901475
26.888444222111055,1.9989916825486644
26.91345672836418,2.0291996879827345
26.93846923461731,2.0346207597066797
26.963481740870435,2.0284396798269686
26.988494247123562,1.933030360785302
27.01350675337669,1.9483280920289714
27.038519259629815,1.9476818436577266
27.063531765882942,1.9458670017422948
27.08854427213607,1.9496142631416369
27.113556778389196,1.8585826082394856
27.138569284642323,1.8959550909608667
27.16358179089545,1.8871572625441597
27.188594297148573,1.774034563266695
27.2136068034017,1.8183335129830975
27.238619309654826,1.7407578418223584
27.263631815907953,1.735349244150689
27.28864432216108,1.7247715455473778
27.313656828414207,1.6614557512605022
27.338669334667333,1.6654476878739084
27.36368184092046,1.584643432285534
27.388694347173587,1.6144799075415972
27.413706853426714,1.5219368847164356
27.43871935967984,1.542675080857268
27.463731865932967,1.513034006902029
27.488744372186094,1.4998682572557374
27.51375687843922,1.4604917319693655
27.538769384692348,1.3426542425233687
27.563781890945474,1.3486485540972786
27.588794397198598,1.3299881326638168
27.613806903451724,1.2812349996410888
27.63881940970485,1.221523748801055
27.663831915957978,1.1717773340011497
27.688844422211105,1.1264987051332616
27.71385692846423,1.0948926920929973
27.73886943471736,1.0342731737490374
27.763881940970485,1.0509761890757923
27.788894447223612,1.0283347066991482
27.81390695347674,0.9211787837058265
27.838919459729865,0.871772171551419
27.863931965982992,0.8130808136350425
27.88894447223612,0.7941896388387341
27.913956978489246,0.7111173229477505
27.938969484742373,0.7001120170426087
27.9639819909955,0.7084354350768356
27.988994497248623,0.6376815551580208
28.01400700350175,0.5384548193635104
28.039019509754876,0.47318490156775916
28.064032016008003,0.49761102792570605
28.08904452226113,0.3974063928431017
28.114057028514257,0.3502827008171528
28.139069534767383,0.2974606107557158
28.16408204102051,0.2793286338862351
28.189094547273637,0.23692885756141227
28.214107053526764,0.21557492913229975
28.23911955977989,0.16873974799364244
28.264132066033017,0.11676232682755446
28.289144572286144,-0.005317122145291404
28.31415707853927,-0.039433424850631754
28.339169584792398,-0.08166361837634944
28.364182091045524,-0.1710087991458635
28.389194597298648,-0.14883769239139144
28.414207103551774,-0.20701348526843158
28.4392196098049,-0.3229803784051454
28.464232116058028,-0.3374374890842352
28.489244622311155,-0.42347327428190634
28.51425712856428,-0.4748756785213831
28.53926963481741,-0.5074826053258016
28.564282141070535,-0.5030114638124035
28.589294647323662,-0.5576901487757621
28.61430715357679,-0.6192355429285407
28.639319659829916,-0.6637266316622945
28.664332166083042,-0.7345855354276594
28.68934467233617,-0.7851794295008566
28.714357178589296,-0.8491129969581066
28.739369684842423,-0.7985979023785528
28.76438219109555,-0.8662361812160793
28.789394697348673,-0.8978083366740633
28.8144072036018,-0.9912189719288458
28.839419709854926,-1.0026758771931277
28.864432216108053,-1.0603478793007115
28.88944472236118,-1.1402094622230954
28.914457228614307,-1.1328140761089696
28.939469734867433,-1.2250712573929567
28.96448224112056,-1.2347535767111977
28.989494747373687,-1.2471956066557393
29.014507253626814,-1.298918942094437
29.03951975987994,-1.2993487916490167
29.064532266133067,-1.3785851890625482
29.089544772386194,-1.4428347128037877
29.11455727863932,-1.4301684515331026
29.139569784892448,-1.5221263614374414
29.164582291145575,-1.4637431429783818
29.189594797398698,-1.5744590089058323
29.214607303651825,-1.5645009087374193
29.23961980990495,-1.6021248153665262
29.264632316158078,-1.6288691610481558
29.289644822411205,-1.6835588279403433
29.31465732866433,-1.66212014347718
29.33966983491746,-1.6572033632356222
29.364682341170585,-1.7452436114343475
29.389694847423712,-1.697816588196828
29.41470735367684,-1.718703287339398
29.439719859929966,-1.7401995624666493
29.464732366183092,-1.8551132558506174
29.48974487243622,-1.8278851945281054
29.514757378689346,-1.8494428566632486
29.539769884942473,-1.8967290748782102
29.564782391195596,-1.8579706676618466
29.589794897448723,-1.8474371603974673
29.61480740370185,-1.8523735982545846
29.639819909954976,-1.8641164338974348
29.664832416208103,-1.9048366844025408
29.68984492246123,-1.903361123512716
29.714857428714357,-1.9467971572829896
29.739869934967484,-1.9388824524838724
29.76488244122061,-1.9853654120024127
29.789894947473737,-1.9395242176498304
29.814907453726864,-1.9356261685801646
29.83991995997999,-1.982257415491682
29.864932466233117,-1.961637579315483
29.889944972486244,-1.9579507633906652
29.91495747873937,-1.9723998566731655
29.939969984992498,-1.947329847446635
29.96498249124562,-1.9560866998732573
29.989994997498748,-1.9573038943467247
30.015007503751875,-1.9485121778624537
30.040020010005,-1.9038098796255827
30.06503251625813,-1.9293339548920894
30.090045022511255,-1.9026827953507923
30.115057528764382,-1.8865247640611493
30.14007003501751,-1.8974340332777637
30.165082541270635,-1.8909209885298222
30.190095047523762,-1.8161137139216394
30.21510755377689,-1.8565626712318524
30.240120060030016,-1.7556661189989233
30.265132566283143,-1.7608405406824765
30.29014507253627,-1.7508378991076394
30.315157578789396,-1.7509480322434499
30.340170085042523,-1.7569350086864313
30.365182591295646,-1.699957945630764
30.390195097548773,-1.6341415213088755
30.4152076038019,-1.6033903026933756
30.440220110055026,-1.5595509029045291
30.465232616308153,-1.575005404833619
30.49024512256128,-1.582639866716393
30.515257628814407,-1.4968717953930812
30.540270135067534,-1.528810825355466
30.56528264132066,-1.4789167215136358
30.590295147573787,-1.4359811224679775
30.615307653826914,-1.3604831670779607
30.64032016008004,-1.3309672090656368
30.665332666333168,-1.322727820818507
30.690345172586294,-1.2995720679604852
30.71535767883942,-1.2277803344872478
30.740370185092548,-1.2393388253133595
30.76538269134567,-1.1404726044594198
30.790395197598798,-1.0960024026341335
30.815407703851925,-1.1278444092613924
30.84042021010505,-1.0011134895509382
30.86543271635818,-0.9724123022064037
30.890445222611305,-0.9347297219937142
30.915457728864432,-0.9301281707686149
30.94047023511756,-0.8618239453903609
30.965482741370685,-0.8562375722985456
30.990495247623812,-0.7298180583256428
31.01550775387694,-0.7278160466579485
31.040520260130066,-0.7251158129203051
31.065532766383193,-0.6650461325338378
31.09054527263632,-0.5877038730869207
31.115557778889446,-0.5080065235025967
31.140570285142573,-0.5064809375203503
31.165582791395696,-0.43178973726403447
31.190595297648823,-0.3547705134530661
31.21560780390195,-0.32545541108555376
31.240620310155077,-0.3131364409299689
31.265632816408203,-0.2646885723994205
31.29064532266133,-0.15966110031376562
31.315657828914457,-0.16558109866277487
31.340670335167584,-0.13143606035063407
31.36568284142071,-0.029898282510719326
31.390695347673837,0.01774099547832736
31.415707853926964,0.043823689122961876
31.44072036018009,0.10215373929382887
31.465732866433218,0.1780016837330221
31.490745372686344,0.2042668486003667
31.51575787893947,0.2723240565758608
31.540770385192598,0.31730940305515976
31.56578289144572,0.3855091420550385
31.590795397698848,0.34798860206958865
31.615807903951975,0.4823200528558499
31.6408204102051,0.49813869155868595
31.66583291645823,0.5364270683569925
31.690845422711355,0.5992429735821171
31.715857928964482,0.6148946194104529
31.74087043521761,0.6618224457249656
31.765882941470736,0.6984614744905001
31.790895447723862,0.7820110573581083
31.81590795397699,0.8353649637227438
31.840920460230116,0.9222071614479114
31.865932966483243,0.9418390298456556
31.89094547273637,1.0051200834357947
31.915957978989496,1.0448856160014954
31.940970485242623,1.0458876579766987
31.965982991495746,1.0966848474195563
31.990995497748873,1.1044014329646776
32.016008004002,1.2240714382517661
32.04102051025513,1.269714089682442
32.06603301650826,1.2742352020726697
32.091045522761384,1.278635211019597
32.11605802901451,1.3116333098063881
32.14107053526764,1.4106783898538895
32.16608304152076,1.3843491824464509
32.191095547773884,1.4172327381385512
32.21610805402701,1.4901249514805859
32.24112056028014,1.5589725486385417
32.266133066533264,1.5689881819635547
32.29114557278639,1.5803131451815349
32.31615807903952,1.5933966497072183
32.341170585292645,1.6285529314110687
32.36618309154577,1.6739467627758533
32.3911955977989,1.6651900499604564
32.416208104052025,1.7014312193439354
32.44122061030515,1.712203405682762
32.46623311655828,1.8008166694092842
32.491245622811405,1.8410152285248307
32.51625812906453,1.78328809177012
32.54127063531766,1.8052106716804404
32.566283141570786,1.868939864659995
32.59129564782391,1.9166891643999067
32.61630815407704,1.87241187565452
32.641320660330166,1.9259055579844435
32.66633316658329,1.9799688693253445
32.69134567283642,1.9905860116891727
32.716358179089546,1.9792238777310263
32.74137068534267,2.0184359110355907
32.7663831915958,2.036598832493551
32.79139569784893,1.9764745422682204
32.81640820410205,2.0186711720833563
32.84142071035518,2.0231716706894076
32.86643321660831,2.0021716361221804
32.891445722861434,1.9952065181281944
32.91645822911456,2.004980791011718
32.94147073536768,2.0208968709655877
32.96648324162081,2.0574395644871335
32.991495747873934,2.090833462693112
33.01650825412706,2.032390899709281
33.04152076038019,2.0546193398870303
33.066533266633314,2.079958582594149
33.09154577288644,2.0797714642589167
33.11655827913957,2.075509045631544
33.141570785392695,2.0619319279726764
33.16658329164582,2.0494104085430274
33.19159579789895,2.040216246384411
33.216608304152075,1.951803911404294
33.2416208104052,2.006168438957602
33.26663331665833,2.007787711444493
33.291645822911455,1.926986855900655
33.31665832916458,1.9868550907468823
33.34167083541771,1.940713978698194
33.366683341670836,1.8759615587568255
33.39169584792396,1.8918707337872842
33.41670835417709,1.9118392515289688
33.441720860430216,1.8767441351130023
33.46673336668334,1.8507513737106476
33.49174587293647,1.816479397387706
33.516758379189596,1.8170937916268493
33.54177088544272,1.706950706042937
33.56678339169585,1.6770477941267974
33.59179589794898,1.6734947413764993
33.616808404202104,1.625614846158555
33.64182091045523,1.6792665289213158
33.66683341670836,1.6170684293946893
33.691845922961484,1.6193355893841492
33.71685842921461,1.5039042657666906
33.74187093546773,1.4591962174835955
33.76688344172086,1.513936616626485
33.791895947973984,1.460523144378241
33.81690845422711,1.4351809280347654
33.84192096048024,1.3252320898574717
33.866933466733364,1.3266794523735204
33.89194597298649,1.2901856868855888
33.91695847923962,1.2650103126321013
33.941970985492745,1.2328080746349848
33.96698349174587,1.134174964049668
33.991995997999,1.1655215022189744
34.017008504252125,1.0403839558839927
34.04202101050525,1.0383065577973971
34.06703351675838,0.9911357898203964
34.092046023011505,0.9866564130913145
34.11705852926463,0.940184209294938
34.14207103551776,0.8294058302499787
34.167083541770886,0.8070735325151909
34.19209604802401,0.7854169749109299
34.21710855427714,0.6731664567325304
34.242121060530266,0.6495385982560055
34.26713356678339,0.58997026950605
34.29214607303652,0.5782075105845562
34.31715857928965,0.47904981500829125
34.34217108554277,0.4347799036475094
34.3671835917959,0.41739508412279724
34.39219609804903,0.3479620277834029
34.417208604302154,0.35436983632270186
34.44222111055528,0.296107215176725
34.46723361680841,0.2603092099868969
34.492246123061534,0.19947327651437463
34.51725862931466,0.1642135356817755
34.54227113556778,0.09075477611406207
34.56728364182091,0.03545620668031153
34.592296148074034,0.0176179720969461
34.61730865432716,-0.08714766984169732
34.64232116058029,-0.09148589489840826
34.667333666833414,-0.1877734398186814
34.69234617308654,-0.23379373581588825
34.71735867933967,-0.30374587304880907
34.742371185592795,-0.3437561797888085
34.76738369184592,-0.41592468742873107
34.79239619809905,-0.4261819582377401
34.817408704352175,-0.474872897231763
34.8424212106053,-0.5213371670037793
34.86743371685843,-0.5645808194747665
34.892446223111556,-0.5607764404617083
34.91745872936468,-0.6448850154981446
34.94247123561781,-0.686473576419244
34.967483741870936,-0.7049318638863488
34.99249624812406,-0.8415341057270522
35.01750875437719,-0.8554346099291465
35.042521260630316,-0.8360725644844569
35.06753376688344,-0.891102263147251
35.09254627313657,-0.9671414241826177
35.1175587793897,-1.0004835939148444
35.14257128564282,-1.0995991750502196
35.16758379189595,-1.0650483278433627
35.19259629814908,-1.1314654177340615
35.217608804402204,-1.132096996469104
35.24262131065533,-1.168953266412804
35.26763381690846,-1.2370426783772615
35.292646323161584,-1.2451703393856093
35.317658829414704,-1.3211020525555237
35.34267133566783,-1.3936373782428713
35.36768384192096,-1.376589535334555
35.392696348174084,-1.4024750683682077
35.41770885442721,-1.4373157375445866
35.44272136068034,-1.496927745884245
35.467733866933465,-1.5393592552329347
35.49274637318659,-1.5319900051949473
35.51775887943972,-1.5815721868209482
35.542771385692845,-1.57790904892238
35.56778389194597,-1.657566501051566
35.5927963981991,-1.6939773832560112
35.617808904452225,-1.7160979742954685
35.64282141070535,-1.7007497893858876
35.66783391695848,-1.767297641201571
35.692846423211606,-1.7640521978841095
35.71785892946473,-1.827840168636866
35.74287143571786,-1.7635743114545295
35.767883941970986,-1.8140636442862006
35.79289644822411,-1.8519489883584004
35.81790895447724,-1.8674097268986884
35.842921460730366,-1.8292163551147371
35.86793396698349,-1.8473579193313407
35.89294647323662,-1.912273398752237
35.91795897948975,-1.90945426566605
35.94297148574287,-1.9192168741562075
35.967983991996,-1.8788478090167968
35.99299649824913,-1.9385786440251314
36.018009004502254,-1.9312465467693793
36.04302151075538,-1.9164426983388563
36.06803401700851,-1.9090272059964821
36.093046523261634,-1.994998858763407
36.118059029514754,-1.9336192660277294
36.14307153576788,-1.982267983051712
36.16808404202101,-1.9782448838770164
36.193096548274134,-1.9798117189985058
36.21810905452726,-1.9449111267627968
36.24312156078039,-1.921418624535672
36.268134067033515,-1.9174624444361381
36.29314657328664,-1.8859519473629964
36.31815907953977,-1.8991184732323607
36.343171585792895,-1.9245660058584853
36.36818409204602,-1.928071167477764
36.39319659829915,-1.889128727651198
36.418209104552275,-1.9131995066874463
36.4432216108054,-1.8800351857434576
36.46823411705853,-1.8184883280039563
36.493246623311656,-1.8358281256145494
36.51825912956478,-1.7869020430599765
36.54327163581791,-1.7610055733460963
36.568284142071036,-1.7995984220516348
36.59329664832416,-1.744232289403602
36.61830915457729,-1.7365460258557475
36.643321660830416,-1.6874390807277924
36.66833416708354,-1.6881929699072067
36.69334667333667,-1.620226396442426
36.7183591795898,-1.6509482862122442
36.743371685842924,-1.543373492710368
36.76838419209605,-1.6034172446368118
36.79339669834918,-1.4754808366138188
36.818409204602304,-1.4930643581262393
36.84342171085543,-1.4926411965989308
36.86843421710856,-1.3991124620166193
36.893446723361684,-1.3998273974579343
36.918459229614804,-1.3917883018436608
36.94347173586793,-1.3442137919716994
36.96848424212106,-1.3126918588433332
36.993496748374184,-1.2298784530528253
37.01850925462731,-1.1968814785575481
37.04352176088044,-1.1341245219703895
37.068534267133565,-1.1291016829582725
37.09354677338669,-1.0532051603083383
37.11855927963982,-1.0853055536924017
37.143571785892945,-1.0115837128952099
37.16858429214607,-0.9795453738421944
37.1935967983992,-0.917678422144074
37.218609304652325,-0.8428990182320621
37.24362181090545,-0.8373083659636242
37.26863431715858,-0.7595505250171262
37.293646823411706,-0.7465861245379786
37.31865932966483,-0.6691322992654257
37.34367183591796,-0.673538112303663
37.368684342171086,-0.5798517150029969
37.39369684842421,-0.5212184309155623
37.41870935467734,-0.45824489870232704
37.44372186093047,-0.4597775509113917
37.46873436718359,-0.4364168444822837
37.49374687343672,-0.3354199855237361
37.51875937968985,-0.34468172181467294
37.543771885942974,-0.21485662067832267
37.5687843921961,-0.16627126591172608
37.59379689844923,-0.14520531290140798
37.618809404702354,-0.0922291703852422
37.64382191095548,-0.10124637133534105
37.66883441720861,0.01508533551688547
37.693846923461734,0.01339498930585192
37.718859429714854,0.03962122742281187
37.74387193596798,0.16881475811885627
37.76888444222111,0.15481664936828948
37.793896948474234,0.2791567422977239
37.81890945472736,0.29487573157232083
37.84392196098049,0.35759554069994537
37.868934467233615,0.3992731586286307
37.89394697348674,0.42555969880725997
37.91895947973987,0.5155381751083118
37.943971985992995,0.5048733335389642
37.96898449224612,0.5954788466174011
37.99399699849925,0.6460287144602577
38.019009504752376,0.6932326935473316
38.0440220110055,0.6857371791325886
38.06903451725863,0.8051737061267188
38.094047023511756,0.8245133721197987
38.11905952976488,0.9120300035523993
38.14407203601801,0.8658942748131617
38.169084542271136,1.0047620280056706
38.19409704852426,0.9734566646127314
38.21910955477739,1.08047376889263
38.24412206103052,1.1282593225665059
38.26913456728364,1.1050620383494512
38.29414707353677,1.1254361706558884
38.3191595797899,1.1856153842151578
38.344172086043024,1.2479500862456467
38.36918459229615,1.313198246939491
38.39419709854928,1.3445574917199057
38.419209604802404,1.3490853439670174
38.44422211105553,1.3760650420721776
38.46923461730866,1.4923477019299285
38.49424712356178,1.4356732655986164
38.519259629814904,1.5290262104204129
38.54427213606803,1.5900294798899823
38.56928464232116,1.5990393779766898
38.594297148574285,1.5885745328517387
38.61930965482741,1.635345000115111
38.64432216108054,1.6408712217719053
38.669334667333665,1.6762039439834486
38.69434717358679,1.7073620476583087
38.71935967983992,1.7586213633030063
38.744372186093045,1.7606869979928734
38.76938469234617,1.823623333761336
38.7943971985993,1.8465175984165934
38.819409704852426,1.8215639992438635
38.84442221110555,1.8376273994465513
38.86943471735868,1.911573766078643
38.894447223611806,1.9349604388164838
38.91945972986493,1.8987775451070354
38.94447223611806,1.944343939193773
38.969484742371186,1.9419284012031575
38.99449724862431,1.997753415967861
39.01950975487744,2.022656595461203
39.04452226113057,2.048667672318283
39.06953476738369,1.995913657791602
39.09454727363682,2.0285662350635767
39.11955977988995,2.069126630360905
39.144572286143074,1.9886471782384552
39.1695847923962,2.0793166924173527
39.19459729864933,2.044605087761397
39.219609804902454,2.00297591924191
39.24462231115558,2.0638334683038977
39.26963481740871,2.078618556526322
39.29464732366183,2.0742424327610447
39.319659829914954,2.037771838040275
39.34467233616808,2.0467575998922323
39.36968484242121,2.0268370692318785
39.394697348674335,1.9942374447993891
39.41970985492746,2.0109179030815674
39.44472236118059,1.9884356396102232
39.469734867433715,1.981585663762473
39.49474737368684,1.9650552131393364
39.51975987993997,1.9867406319537577
39.544772386193095,1.968535866202847
39.56978489244622,1.965326599081161
39.59479739869935,1.9382821552464091
39.619809904952476,1.9597253764032883
39.6448224112056,1.9543064604060019
39.66983491745873,1.913655648347432
39.694847423711856,1.8843747247810603
39.71985992996498,1.8787670125787828
39.74487243621811,1.8135843330196444
39.769884942471236,1.7683415078586688
39.79489744872436,1.8012891924030388
39.81990995497749,1.7346266622448614
39.84492246123062,1.6851038599037835
39.86993496748374,1.7250136315703315
39.89494747373687,1.6853788106670953
39.91995997999,1.6287934330477247
39.944972486243124,1.5726982903311357
39.96998499249625,1.6232039972895467
39.99499749874938,1.577397789518268
40.020010005002504,1.5593908697574665
40.04502251125563,1.5085850915242318
40.07003501750876,1.4541621778388365
40.09504752376188,1.3791101700219854
40.120060030015004,1.3610645239969226
40.14507253626813,1.2874013938565698
40.17008504252126,1.3213463875486375
40.195097548774385,1.2726804039920867
40.22011005502751,1.187456265676056
40.24512256128064,1.1715030401626099
40.270135067533765,1.093169102083749
40.29514757378689,1.1027717798528354
40.32016008004002,1.0329070123549629
40.345172586293145,1.0047610853864097
40.37018509254627,1.0003779483424309
40.3951975987994,0.9575772469935687
40.420210105052526,0.9123809819650022
40.44522261130565,0.8598036731304964
40.47023511755878,0.7493082473526107
40.495247623811906,0.7167212492439349
40.52026013006503,0.6410323344620658
40.54527263631816,0.600460321766725
40.57028514257129,0.6098058832356311
40.59529764882441,0.5380673417111047
40.62031015507754,0.5279455189884741
40.64532266133067,0.42149032394904495
40.670335167583794,0.3868891812629077
40.69534767383692,0.31099650500887327
40.72036018009005,0.2799248391645317
40.745372686343174,0.2090110850511887
40.7703851925963,0.21284660871069025
40.79539769884943,0.11196914668237914
40.820410205102554,0.049148599091957484
40.84542271135568,0.013643075637083816
40.87043521760881,-0.005336860591969736
40.89544772386193,-0.05133144449100041
40.920460230115054,-0.1526963571539974
40.94547273636818,-0.15505617520372728
40.97048524262131,-0.2039335570689044
40.995497748874435,-0.23679494203231027
41.02051025512756,-0.2784597501538506
41.04552276138069,-0.3580165856638887
41.070535267633815,-0.42772397822194774
41.09554777388694,-0.4675728431709339
41.12056028014007,-0.49813003856885646
41.145572786393195,-0.5023237642156453
41.17058529264632,-0.5937268751446992
41.19559779889945,-0.6300292300531112
41.220610305152576,-0.7310266382386172
41.2456228114057,-0.7215192492100305
41.27063531765883,-0.7853520371840671
41.295647823911956,-0.8167015570280656
41.32066033016508,-0.9036729606547846
41.34567283641821,-0.9632484212146801
41.37068534267134,-0.991970734743839
41.39569784892446,-1.0495542734747332
41.42071035517759,-1.0224567102086082
41.44572286143072,-1.0951954370797885
41.470735367683844,-1.1184559025893228
41.49574787393697,-1.1626432406310796
41.5207603801901,-1.229505808028432
41.545772886443224,-1.217407029532884
41.57078539269635,-1.236700070405669
41.59579789894948,-1.3305143176689986
41.620810405202604,-1.358774489490551
41.64582291145573,-1.4055614818246311
41.67083541770885,-1.4676635081031202
41.69584792396198,-1.5058268158741717
41.720860430215104,-1.5191869186767588
41.74587293646823,-1.5690297351185105
41.77088544272136,-1.5628085990450504
41.795897948974485,-1.5982337463630956
41.82091045522761,-1.601499401938624
41.84592296148074,-1.6727511322207664
41.870935467733865,-1.6474553830058256
41.89594797398699,-1.7205781501207507
41.92096048024012,-1.7363860020092527
41.945972986493246,-1.71582013871304
41.97098549274637,-1.7103502367004875
41.9959979989995,-1.7948523615639016
42.021010505252626,-1.8086126539624954
42.04602301150575,-1.8542790627182097
42.07103551775888,-1.814027114783763
42.096048024012006,-1.8891577457911592
42.12106053026513,-1.8353586082963278
42.14607303651826,-1.877194734937173
42.17108554277139,-1.9222933299050557
42.19609804902451,-1.8836955799334043
42.22111055527764,-1.9202359270485574
42.24612306153077,-1.9209940233981673
42.271135567783894,-1.9784605845941432
42.29614807403702,-1.9778751997666926
42.32116058029015,-1.976358266869231
42.346173086543274,-1.9464644212520426
42.3711855927964,-1.9407024514506916
42.39619809904953,-1.9807493363618314
42.421210605302655,-1.9011012066967172
42.44622311155578,-1.9633053350464746
42.4712356178089,-1.9147700933899077
42.49624812406203,-1.9462818054150715
42.521260630315155,-1.912581181141697
42.54627313656828,-1.9707280911946432
42.57128564282141,-1.936383505631031
42.596298149074535,-1.950751706704083
42.62131065532766,-1.8772871459295357
42.64632316158079,-1.845916642537533
42.671335667833915,-1.9189290327128103
42.69634817408704,-1.8477236050718049
42.72136068034017,-1.8316756255367397
42.746373186593296,-1.8618170503318612
42.77138569284642,-1.8279747357210632
42.79639819909955,-1.82155137808034
42.821410705352676,-1.7554289489379693
42.8464232116058,-1.8078054618396298
42.87143571785893,-1.709282766823408
42.896448224112056,-1.7406227601181554
42.92146073036518,-1.6532319410203928
42.94647323661831,-1.7140801676831978
42.97148574287144,-1.629803197996426
42.99649824912456,-1.6547463582774178
43.02151075537769,-1.5876984140305737
43.04652326163082,-1.52828633063357
43.071535767883944,-1.5053551812622006
43.09654827413707,-1.4920979013048683
43.1215607803902,-1.4261498241577442
43.146573286643324,-1.4452280018315053
43.17158579289645,-1.3745267114591166
43.19659829914958,-1.4139078575886173
43.221610805402705,-1.2855228742097846
43.24662331165583,-1.2650292957419322
43.27163581790895,-1.2243035941280644
43.29664832416208,-1.226841441987823
43.321660830415205,-1.2025119559434156
43.34667333666833,-1.1052127298335583
43.37168584292146,-1.0886114008790622
43.396698349174585,-1.0910651413738377
43.42171085542771,-1.0608349728046467
43.44672336168084,-0.9488104490581686
43.471735867933965,-0.9510360706615376
43.49674837418709,-0.9163543743449726
43.52176088044022,-0.8338023561977095
43.546773386693346,-0.8394873464890917
43.57178589294647,-0.7182098170864419
43.5967983991996,-0.7334731072247221
43.621810905452726,-0.6480054677697804
43.64682341170585,-0.6508608542114781
43.67183591795898,-0.5695724453244815
43.69684842421211,-0.5273542848636951
43.72186093046523,-0.49519400721005247
43.74687343671836,-0.45461956628056865
43.77188594297149,-0.33934223785107726
43.796898449224614,-0.30337340308758876
43.82191095547774,-0.2570963487801995
43.84692346173087,-0.24433916804151296
43.871935967983994,-0.2075077034943598
43.89694847423712,-0.14472491556881023
43.92196098049025,-0.05445636025691741
43.946973486743374,-0.055643173133092055
43.9719859929965,0.010645064338546763
43.99699849924963,0.10323541096405753
44.022011005502755,0.13760940440910902
44.04702351175588,0.19711974525015663
44.072036018009,0.24979485706059124
44.09704852426213,0.27684877504376665
44.122061030515255,0.30421936017127466
44.14707353676838,0.4258873408622212
44.17208604302151,0.40078717374606937
44.197098549274635,0.4934436603108531
44.22211105552776,0.5431013901717187
44.24712356178089,0.6141193919080927
44.272136068034015,0.6273432502593869
44.29714857428714,0.6638386274857004
44.32216108054027,0.7475521262939813
44.347173586793396,0.8004215899083541
44.37218609304652,0.8021953266185873
44.39719859929965,0.9043763673984948
44.422211105552776,0.9246134219044314
44.4472236118059,0.9178342992746601
44.47223611805903,0.9995043992356729
44.49724862431216,1.0293234438607675
44.52226113056528,1.1088094587348498
44.54727363681841,1.0852361918897222
44.57228614307154,1.1901401032169703
44.597298649324664,1.174692933113086
44.62231115557779,1.2925453642029003
44.64732366183092,1.2346599727205447
44.672336168084044,1.2889491012728103
44.69734867433717,1.365063580125197
44.7223611805903,1.3797881018886704
44.747373686843424,1.4701920157384871
44.77238619309655,1.461864298911514
44.79739869934968,1.4962732810968045
44.822411205602805,1.5821906403967236
44.847423711855924,1.6000572663611587
44.87243621810905,1.6088567325931367
44.89744872436218,1.6763393641440274
44.922461230615305,1.6485870791233594
44.94747373686843,1.7169047291798867
44.97248624312156,1.7438979662494405
44.997498749374685,1.6993346719877453
45.02251125562781,1.7680644225250846
45.04752376188094,1.835373947563765
45.072536268134066,1.8694014995658266
45.09754877438719,1.8668285544079022
45.12256128064032,1.8226435465517157
45.147573786893446,1.906686312559798
45.17258629314657,1.8985025656026342
45.1975987993997,1.884588024434798
45.222611305652826,1.9705433658464917
45.24762381190595,1.9945030881549934
45.27263631815908,1.9532760273468057
45.29764882441221,1.9830641850906607
45.32266133066533,1.9682648622309729
45.34767383691846,2.009542133740675
45.37268634317159,2.0410660530724893
45.397698849424714,2.0477958521649966
45.42271135567784,2.059423840317104
45.44772386193097,2.0764881309338383
45.472736368184094,2.0884233930484615
45.49774887443722,2.0944897841673353
45.52276138069035,2.084339509326875
45.547773886943475,2.0907510414519845
45.5727863931966,2.08633468201709
45.59779889944973,2.026375584464116
45.622811405702855,2.0385028038293638
45.647823911955975,1.995230883557041
45.6728364182091,2.054968495732399
45.69784892446223,2.0477001238993826
45.722861430715355,2.042545651963083
45.74787393696848,1.9704842215261409
45.77288644322161,2.045325534992135
45.797898949474735,1.9839183225312182
45.82291145572786,1.9663488273100276
45.84792396198099,1.921409653516013
45.872936468234116,1.9629499017698462
45.89794897448724,1.9753139509921067
45.92296148074037,1.9543181899662936
45.947973986993496,1.864418068142151
45.97298649324662,1.8526540007409442
45.99799899949975,1.8939080733693092
46.023011505752876,1.8494483435339295
46.048024012006,1.823185295656251
46.07303651825913,1.791601590744853
46.09804902451226,1.7188571107269672
46.12306153076538,1.7051009471007332
46.14807403701851,1.7299671128926184
46.17308654327164,1.7202433423295513
46.198099049524764,1.6710451669747421
46.22311155577789,1.666506855126457
46.24812406203102,1.6353869157376648
46.273136568284144,1.575071672172357
46.29814907453727,1.5158566502952229
46.3231615807904,1.4981121552251853
46.348174087043525,1.412585208879215
46.37318659329665,1.463217372368541
46.39819909954978,1.4197586257518506
46.423211605802905,1.3139644596777502
46.448224112056025,1.349076464909286
46.47323661830915,1.251642571709384
46.49824912456228,1.206548263163201
46.523261630815405,1.1400821555427245
46.54827413706853,1.0909425504435966
46.57328664332166,1.097953115619822
46.598299149574785,1.041693495374823
46.62331165582791,1.053666295377397
46.64832416208104,0.9169188399092285
46.673336668334166,0.9669565830623916
46.69834917458729,0.8363564866556307
46.72336168084042,0.8687157230523601
46.748374187093546,0.8095323056157825
46.77338669334667,0.7357768723605396
46.7983991995998,0.7368670943846899
46.823411705852926,0.6830877901073229
46.84842421210605,0.5624542346368221
46.87343671835918,0.5532875111386871
46.89844922461231,0.4789999261707575
46.923461730865434,0.42805548541203
46.94847423711856,0.3720880311880595
46.97348674337169,0.3801882968713472
46.998499249624814,0.2634992629879074
47.02351175587794,0.25943306579757697
47.04852426213107,0.21725246968971496
47.073536768384194,0.13096803302984106
47.09854927463732,0.09460938695280102
47.12356178089045,0.007326267108939256
47.148574287143575,-0.017572480579399335
47.1735867933967,-0.0230818960302272
47.19859929964983,-0.13557902802122318
47.22361180590295,-0.1457364252746986
47.248624312156075,-0.16642754243794003
47.2736368184092,-0.2820600180416871
47.29864932466233,-0.3161220388023574
47.323661830915455,-0.3594742645213067
47.34867433716858,-0.37431153017952795
47.37368684342171,-0.3983724279126666
47.398699349674835,-0.47919796594342406
47.42371185592796,-0.5032805109268434
47.44872436218109,-0.6202296137291168
47.473736868434216,-0.6680804590239168
47.49874937468734,-0.6870595716677189
47.52376188094047,-0.7585286993645557
47.548774387193596,-0.7367248533588291
47.57378689344672,-0.7867044943906332
47.59879939969985,-0.816257824015927
47.62381190595298,-0.9100795180491299
47.6488244122061,-0.9439590609748159
47.67383691845923,-0.9555207157420776
47.69884942471236,-1.0149721964285416
47.723861930965484,-1.0562989555891715
47.74887443721861,-1.1296609237039954
47.77388694347174,-1.1601540305477034
47.798899449724864,-1.2244980381549813
47.82391195597799,-1.2771476520690046
47.84892446223112,-1.3259084838689132
47.873936968484244,-1.285969570464521
47.89894947473737,-1.3620211820338137
47.9239619809905,-1.354988724463681
47.948974487243625,-1.4536698634100986
47.97398699349675,-1.4544706687914106
47.99899949974988,-1.452275062869876
48.024012006003,-1.560653015901398
48.049024512256125,-1.578782712841872
48.07403701850925,-1.6088452432441913
48.09904952476238,-1.6321691479357319
48.124062031015505,-1.6688406713763873
48.14907453726863,-1.6191366905322084
48.17408704352176,-1.6447279552552994
48.199099549774886,-1.673546542877078
48.22411205602801,-1.7004418107783223
48.24912456228114,-1.7163867824610408
48.274137068534266,-1.7874456731391497
48.29914957478739,-1.7640293872681867
48.32416208104052,-1.8572718422377423
48.349174587293646,-1.8225288412697864
48.37418709354677,-1.8056287269348779
48.3991995997999,-1.8927387755290443
48.42421210605303,-1.8467983823578629
48.44922461230615,-1.8553073219067733
48.47423711855928,-1.9430032155326868
48.49924962481241,-1.9454767102087405
48.524262131065534,-1.872751087124116
48.54927463731866,-1.9328090977835506
48.57428714357179,-1.9416349443470535
48.599299649824914,-1.9390416619169564
48.62431215607804,-1.9037816320658134
48.64932466233117,-1.9787175815132303
48.674337168584294,-1.9269314666630981
48.69934967483742,-1.904235524822529
48.72436218109055,-1.9907123618773168
48.749374687343675,-1.8987668613752982
48.7743871935968,-1.984580014021554
48.79939969984993,-1.9143025467243533
48.82441220610305,-1.964489478483345
48.849424712356175,-1.8975413931740113
48.8744372186093,-1.8879619350667811
48.89944972486243,-1.9262707224036257
48.924462231115555,-1.943975999991914
48.94947473736868,-1.8420367928635628
48.97448724362181,-1.8796977819801932
48.999499749874936,-1.8962263881636996
49.02451225612806,-1.8462835124335053
49.04952476238119,-1.835015132706184
49.074537268634316,-1.8422226385398093
49.09954977488744,-1.8125064777223807
49.12456228114057,-1.7745585284705205
49.149574787393696,-1.7544689681945416
49.17458729364682,-1.7225116342762763
49.19959979989995,-1.6818129893245846
49.22461230615308,-1.6613439254768183
49.2496248124062,-1.6041563452899832
49.27463731865933,-1.5932101211151621
49.29964982491246,-1.599455173807525
49.324662331165584,-1.565816778770461
49.34967483741871,-1.5759559443648612
49.37468734367184,-1.4968909838232098
49.399699849924964,-1.5037511477040926
49.42471235617809,-1.4644365157560189
49.44972486243122,-1.3793119237129594
49.474737368684345,-1.3706481692021075
49.49974987493747,-1.3261015027452747
49.5247623811906,-1.2578347709034983
49.549774887443725,-1.2198512003371396
49.57478739369685,-1.2501098199368366
49.59979989994998,-1.218999648067278
49.6248124062031,-1.1392074633649703
49.649824912456225,-1.0985356125375185
49.67483741870935,-1.065037931245069
49.69984992496248,-1.031164664102863
49.724862431215605,-0.9356598481853138
49.74987493746873,-0.9515199398932044
49.77488744372186,-0.8429172638020945
49.799899949974986,-0.8764620050353492
49.82491245622811,-0.8214164672015669
49.84992496248124,-0.8053688700113983
49.874937468734366,-0.6732320643096406
49.89994997498749,-0.6955451538145506
49.92496248124062,-0.6028600036197891
49.949974987493746,-0.5986474468298942
49.97498749374687,-0.565899446938616
50.0,-0.48557920137334953
