x,y
0.0,0.04197050576856968
0.02501250625312656,0.1351772444539125
0.05002501250625312,0.18511119443304286
0.0750375187593797,0.24652112081105587
0.10005002501250625,0.22815777701770104
0.12506253126563283,0.2573894850694422
0.1500750375187594,0.3868243776381639
0.17508754377188596,0.42901882018818716
0.2001000500250125,0.4654869309498464
0.22511255627813906,0.5463092757286095
0.25012506253126565,0.5924345050811685
0.2751375687843922,0.5491523743624604
0.3001500750375188,0.5940416948735326
0.32516258129064535,0.6773921124961916
0.3501750875437719,0.7627054531044448
0.3751875937968984,0.7875017749589902
0.400200100050025,0.8507536140452457
0.42521260630315155,0.9087741144219467
0.4502251125562781,0.9000293887017733
0.4752376188094047,0.9850178184898215
0.5002501250625313,1.0591330837839128
0.5252626313156579,1.069137394576124
0.5502751375687844,1.111291066767967
0.575287643821911,1.1132730456759912
0.6003001500750376,1.169579214789229
0.6253126563281641,1.222794433677718
0.6503251625812907,1.2914122086095472
0.6753376688344173,1.3239699053141418
0.7003501750875438,1.355822716535814
0.7253626813406704,1.4229588673218354
0.7503751875937968,1.3844039198334768
0.7753876938469234,1.407522221972905
0.80040020010005,1.4372069679939168
0.8254127063531765,1.5669473996106944
0.8504252126063031,1.53161304075537
0.8754377188594297,1.629771932894755
0.9004502251125562,1.5905898526964533
0.9254627313656828,1.6713943095927157
0.9504752376188094,1.6284089184349504
0.9754877438719359,1.6900247634759746
1.0005002501250626,1.7752664889376866
1.0255127563781892,1.7921110175416664
1.0505252626313157,1.7416417140414548
1.0755377688844423,1.8192827210555782
1.1005502751375689,1.8031413558506264
1.1255627813906954,1.847794399290587
1.150575287643822,1.8674100533266966
1.1755877938969486,1.8960891680804512
1.2006003001500751,1.9467509948182127
1.2256128064032017,1.9178543332023077
1.2506253126563283,1.9798823175137938
1.2756378189094548,1.961936203883894
1.3006503251625814,2.0185722168358096
1.325662831415708,1.9832500415823175
1.3506753376688345,1.9980905018456803
1.375687843921961,2.030248313635415
1.4007003501750876,2.0473666881635344
1.4257128564282142,2.073290977534874
1.4507253626813408,2.0385020685688735
1.4757378689344671,2.067252025334069
1.5007503751875937,2.080281660866655
1.5257628814407203,2.007830301332301
1.5507753876938468,2.090129624001033
1.5757878939469734,2.029528625871008
1.6008004002001,2.0498839958474737
1.6258129064532265,2.06409870019624
1.650825412706353,2.055650605724919
1.6758379189594796,2.0472608072978575
1.7008504252126062,2.0334507937087407
1.7258629314657328,2.049658706120559
1.7508754377188593,2.014921853990027
1.775887943971986,2.01280298701394
1.8009004502251125,1.9668746723353623
1.825912956478239,2.0323798555220653
1.8509254627313656,1.952934539336921
1.8759379689844922,1.9641479554712846
1.9009504752376187,1.905178182398949
1.9259629814907453,1.939833972332405
1.9509754877438719,1.9043435722255913
1.9759879939969984,1.891384435056597
2.001000500250125,1.8301784475984915
2.0260130065032516,1.863359102596002
2.0510255127563783,1.8482712771519008
2.0760380190095047,1.7933675792347565
2.1010505252626315,1.7556598110281805
2.126063031515758,1.7830669312545218
2.1510755377688846,1.6821036906682174
2.176088044022011,1.7273190785624737
2.2011005502751377,1.6319894459785347
2.226113056528264,1.632228360653237
2.251125562781391,1.6385000325843047
2.276138069034517,1.5856308396294596
2.301150575287644,1.5584481411910722
2.3261630815407703,1.487365389963211
2.351175587793897,1.5088894851633317
2.3761880940470235,1.3990865972777693
2.4012006003001503,1.430089573916255
2.4262131065532766,1.4070660225443619
2.4512256128064034,1.3150469244588672
2.4762381190595297,1.328068589917274
2.5012506253126565,1.1994429897145173
2.526263131565783,1.2069314280252523
2.5512756378189096,1.1516388028594464
2.576288144072036,1.116287809542744
2.6013006503251628,1.062254789493466
2.626313156578289,1.065620140051816
2.651325662831416,1.0271761027050765
2.6763381690845423,0.9143023359802818
2.701350675337669,0.9095694011981406
2.7263631815907954,0.8886019009562889
2.751375687843922,0.8258700230955486
2.7763881940970485,0.7169047099068371
2.8014007003501753,0.7212979398992317
2.8264132066033016,0.6800645455438791
2.8514257128564284,0.6286223347524412
2.8764382191095548,0.601888308291596
2.9014507253626816,0.5113414552956727
2.926463231615808,0.450975834514195
2.9514757378689342,0.42309932282964413
2.976488244122061,0.40893655700436515
3.0015007503751874,0.3166708872517378
3.026513256628314,0.23931937563398442
3.0515257628814405,0.23184150569317005
3.0765382691345673,0.1575492156362529
3.1015507753876936,0.10524770911211367
3.1265632816408204,0.043824609130668345
3.1515757878939468,0.037939107304164665
3.1765882941470736,0.024171669895706557
3.2016008004002,-0.09814880210077467
3.2266133066533267,-0.08356175138271264
3.251625812906453,-0.15855238005306507
3.27663831915958,-0.2574235468112588
3.301650825412706,-0.25790029375551965
3.326663331665833,-0.2872210650299989
3.3516758379189593,-0.38639747555140247
3.376688344172086,-0.4426761345150688
3.4017008504252124,-0.4644524304035516
3.426713356678339,-0.5090644338772036
3.4517258629314655,-0.581747201835804
3.4767383691845923,-0.6316129758991836
3.5017508754377187,-0.6869534181119793
3.5267633816908455,-0.6854768014356297
3.551775887943972,-0.7714132813782256
3.5767883941970986,-0.7975358884912201
3.601800900450225,-0.793971250844397
3.6268134067033517,-0.8735444749369777
3.651825912956478,-0.9716347652439813
3.676838419209605,-0.9278799414516455
3.701850925462731,-1.0538072574460868
3.726863431715858,-1.015910507626715
3.7518759379689843,-1.100612982665591
3.776888444222111,-1.1472550764372247
3.8019009504752375,-1.1389260083607708
3.8269134567283642,-1.2145029569233365
3.8519259629814906,-1.2955347277956593
3.8769384692346174,-1.2460087629819867
3.9019509754877437,-1.2902330329043756
3.9269634817408705,-1.3325245806589727
3.951975987993997,-1.4025084297459143
3.9769884942471236,-1.4336722733838654
4.00200100050025,-1.4519767613166725
4.027013506753376,-1.532990095172655
4.052026013006503,-1.505964954365679
4.07703851925963,-1.5919713251900487
4.102051025512757,-1.5472538821451762
4.127063531765883,-1.620536606769186
4.152076038019009,-1.6607020059932835
4.177088544272136,-1.6690024426821788
4.202101050525263,-1.6966077441867902
4.227113556778389,-1.752036547305298
4.252126063031516,-1.7183548061036715
4.277138569284642,-1.737793933193055
4.302151075537769,-1.7506775648311215
4.327163581790895,-1.8086290621832648
4.352176088044022,-1.7771730758541096
4.377188594297149,-1.8531767801977024
4.4022011005502755,-1.9016925245483507
4.427213606803401,-1.8221392359764577
4.452226113056528,-1.8700187003759268
4.477238619309655,-1.8963385786864642
4.502251125562782,-1.943202667005427
4.527263631815908,-1.8915818487022789
4.552276138069034,-1.967733532564723
4.577288644322161,-1.9473020667046894
4.602301150575288,-1.9830999297253473
4.627313656828414,-1.9799068055460387
4.652326163081541,-1.9102214233018213
4.6773386693346675,-1.9468083052572278
4.702351175587794,-1.96346625196548
4.72736368184092,-1.9121717375430753
4.752376188094047,-1.9260548802348143
4.777388694347174,-1.9284878470148124
4.8024012006003005,-1.9900609050078
4.827413706853426,-1.9660529522824042
4.852426213106553,-1.9673436834775764
4.87743871935968,-1.9091731113503512
4.902451225612807,-1.9346452220862718
4.927463731865933,-1.85484382134146
4.9524762381190595,-1.9176861250168817
4.977488744372186,-1.9179271907444029
5.002501250625313,-1.909670597299448
5.027513756878439,-1.8357214867010694
5.052526263131566,-1.8122361091495998
5.0775387693846925,-1.799249418348446
5.102551275637819,-1.831919948048019
5.127563781890945,-1.776649031999194
5.152576288144072,-1.756570573909684
5.177588794397199,-1.705885372706136
5.2026013006503256,-1.6702355512892741
5.2276138069034515,-1.7122995488990467
5.252626313156578,-1.6546820924730548
5.277638819409705,-1.6492207711134805
5.302651325662832,-1.6361603091330739
5.327663831915958,-1.617881629874647
5.3526763381690845,-1.5145140771560046
5.377688844422211,-1.515389664562167
5.402701350675338,-1.5392375466320853
5.427713856928464,-1.507273964755889
5.452726363181591,-1.427644324543147
5.4777388694347176,-1.3892474600920168
5.502751375687844,-1.3281987531482804
5.52776388194097,-1.2819418228494825
5.552776388194097,-1.3046622570826927
5.577788894447224,-1.2053235237471418
5.602801400700351,-1.1878085112423096
5.6278139069534765,-1.186307338291262
5.652826413206603,-1.1549689407522508
5.67783891945973,-1.0979854938356892
5.702851425712857,-1.0220713296814383
5.727863931965983,-1.0441549043922507
5.7528764382191095,-0.9658511064376221
5.777888944472236,-0.942822923718569
5.802901450725363,-0.86635563721951
5.827913956978489,-0.8288774921232662
5.852926463231616,-0.7850109049580097
5.877938969484743,-0.7737738581438576
5.9029514757378685,-0.6431780931350498
5.927963981990995,-0.637244097781002
5.952976488244122,-0.610649017245099
5.977988994497249,-0.5712726826553253
6.003001500750375,-0.5522631907944803
6.0280140070035015,-0.4465039512208462
6.053026513256628,-0.36913783178384324
6.078039019509755,-0.31812663310691686
6.103051525762881,-0.28090659727224654
6.128064032016008,-0.28714751421282086
6.153076538269135,-0.1919226181046343
6.178089044522261,-0.1762019441181558
6.203101550775387,-0.13447069141051718
6.228114057028514,-0.01983308283281289
6.253126563281641,0.005054322191428637
6.278139069534768,0.02205248550311307
6.3031515757878935,0.13813791066190306
6.32816408204102,0.10609647224944836
6.353176588294147,0.21326985709345359
6.378189094547274,0.25702463074306153
6.4032016008004,0.2628584223815016
6.428214107053527,0.3316482976238736
6.453226613306653,0.40860550042470334
6.47823911955978,0.42162323618184705
6.503251625812906,0.4394104088193121
6.528264132066033,0.5683369831348055
6.55327663831916,0.6166783249973398
6.578289144572286,0.6747177600340294
6.603301650825412,0.7120216999796883
6.628314157078539,0.7001533415180224
6.653326663331666,0.7276496753675739
6.678339169584793,0.7914989676042998
6.703351675837919,0.8378679823420787
6.728364182091045,0.8915461297028425
6.753376688344172,0.9449050396616798
6.778389194597299,0.965077928992627
6.803401700850425,1.0799675942065625
6.828414207103552,1.0617597962149061
6.853426713356678,1.112498883605448
6.878439219609805,1.2047646157533707
6.903451725862931,1.2403996894877414
6.928464232116058,1.2487489161444316
6.953476738369185,1.3297294228908723
6.9784892446223115,1.337836812970434
7.003501750875437,1.3449137128589617
7.028514257128564,1.3607847787171201
7.053526763381691,1.4482260135249512
7.078539269634818,1.5010314074912603
7.103551775887944,1.545549115673179
7.12856428214107,1.5135382605268592
7.153576788394197,1.5463134976368025
7.178589294647324,1.6536260442644626
7.20360180090045,1.5944094996181954
7.228614307153577,1.6300630748934632
7.2536268134067035,1.7322638089271298
7.27863931965983,1.6875253750700139
7.303651825912956,1.7054472537298442
7.328664332166083,1.8204652626702893
7.35367683841921,1.795801948283358
7.3786893446723365,1.7883627431785356
7.403701850925462,1.8344790785948903
7.428714357178589,1.913124602449557
7.453726863431716,1.9328873133472035
7.478739369684843,1.932103877900874
7.503751875937969,1.914226316621751
7.5287643821910955,1.9938497425039026
7.553776888444222,1.9930114039544315
7.578789394697349,1.9253595370508156
7.603801900950475,2.0298383196608216
7.628814407203602,2.0218312336408015
7.6538269134567285,2.0576914348156574
7.678839419709855,1.997018315838337
7.703851925962981,2.0238478734781173
7.728864432216108,2.030192391262682
7.753876938469235,2.0894186567435598
7.7788894447223615,2.091425269570021
7.8039019509754874,2.0314871725146757
7.828914457228614,2.0891337249782325
7.853926963481741,2.0758893522254875
7.878939469734868,2.0197933664139436
7.903951975987994,2.02169280051016
7.9289644822411205,2.0129666536901496
7.953976988494247,2.034878954070429
7.978989494747374,2.0118228577905457
8.0040020010005,1.9869519028470874
8.029014507253628,2.0282388317917337
8.054027013506753,2.0299195847516374
8.07903951975988,2.011416666836843
8.104052026013006,2.0235758204129515
8.129064532266133,2.007604094003711
8.15407703851926,1.9335326191826396
8.179089544772387,1.9633231955055253
8.204102051025513,1.933101863188619
8.22911455727864,1.9349829375102552
8.254127063531765,1.8786628301308659
8.279139569784892,1.9171314620961089
8.304152076038019,1.8691722281680643
8.329164582291146,1.80449433376509
8.354177088544272,1.7937038061235855
8.379189594797399,1.739261356861334
8.404202101050526,1.7945160339165822
8.429214607303653,1.7376696794695639
8.454227113556778,1.6937214354917676
8.479239619809904,1.6744414114957962
8.504252126063031,1.6664421809939993
8.529264632316158,1.5751711666721184
8.554277138569285,1.6092060134480803
8.579289644822412,1.552901149896976
8.604302151075538,1.5550567658644572
8.629314657328665,1.5242527173654308
8.65432716358179,1.4909977749766603
8.679339669834917,1.445097760873847
8.704352176088044,1.392931975525663
8.72936468234117,1.3365606234342102
8.754377188594297,1.2703775875995227
8.779389694847424,1.2990820667345886
8.804402201100551,1.230819940977621
8.829414707353676,1.214569427972212
8.854427213606803,1.142444034121595
8.87943971985993,1.1247530355205877
8.904452226113056,1.0297373739186781
8.929464732366183,1.0099628959848066
8.95447723861931,0.9602481368651918
8.979489744872437,0.9402380730952311
9.004502251125563,0.8420208504967669
9.029514757378688,0.8202433010107416
9.054527263631815,0.7774957170898995
9.079539769884942,0.7640571087109876
9.104552276138069,0.6881230775133955
9.129564782391196,0.6699595758394303
9.154577288644322,0.6289072964527284
9.17958979489745,0.49082807769882403
9.204602301150576,0.43713591626695825
9.229614807403701,0.47386806314769336
9.254627313656828,0.39684003664034795
9.279639819909955,0.3619662631373155
9.304652326163081,0.27605466398162337
9.329664832416208,0.25516463426912817
9.354677338669335,0.2392783361705351
9.379689844922462,0.1521795748503919
9.404702351175589,0.062185347995596246
9.429714857428714,0.0651524942460574
9.45472736368184,0.010116995761012638
9.479739869934967,-0.043166743312960554
9.504752376188094,-0.13912658940075157
9.52976488244122,-0.16390449571718965
9.554777388694347,-0.20575257871452549
9.579789894947474,-0.22632106114131217
9.604802401200601,-0.33103219892072094
9.629814907453726,-0.40422956624765066
9.654827413706853,-0.40887763582125763
9.67983991995998,-0.4773264808830287
9.704852426213106,-0.49880224423042463
9.729864932466233,-0.5829910608183616
9.75487743871936,-0.6186849929354181
9.779889944972487,-0.6380192419766089
9.804902451225614,-0.7032369759875489
9.829914957478739,-0.68964329072747
9.854927463731865,-0.8283993693051925
9.879939969984992,-0.8265377856410958
9.904952476238119,-0.8798935461129441
9.929964982491246,-0.8883573651802159
9.954977488744372,-0.9207781278155439
9.9799899949975,-1.007054378379673
10.005002501250626,-1.0725080873192683
10.030015007503751,-1.1175047349669684
10.055027513756878,-1.0853883406875984
10.080040020010005,-1.1217643968363988
10.105052526263131,-1.2128725952154225
10.130065032516258,-1.2908930971179706
10.155077538769385,-1.2656326198961516
10.180090045022512,-1.3168100142367989
10.205102551275639,-1.3571528201740852
10.230115057528764,-1.3618766570277854
10.25512756378189,-1.4335758165531725
10.280140070035017,-1.4733432240301545
10.305152576288144,-1.476832688264431
10.33016508254127,-1.4766495681248841
10.355177588794398,-1.5813916788340885
10.380190095047524,-1.604024288787062
10.405202601300651,-1.6513080002196967
10.430215107553776,-1.613049409078013
10.455227613806903,-1.6985017703362517
10.48024012006003,-1.684711563088607
10.505252626313156,-1.746270211946034
10.530265132566283,-1.7748617886945266
10.55527763881941,-1.803572700794057
10.580290145072537,-1.8097974967490738
10.605302651325664,-1.7902114468846368
10.630315157578789,-1.7895497817003847
10.655327663831915,-1.8133149811270857
10.680340170085042,-1.82519010981685
10.705352676338169,-1.8422186110635097
10.730365182591296,-1.8877080347816966
10.755377688844423,-1.8478223364526898
10.78039019509755,-1.9191180738461058
10.805402701350676,-1.9399429013008422
10.830415207603801,-1.8818026795690532
10.855427713856928,-1.9771149113661268
10.880440220110055,-1.985566196615729
10.905452726363182,-1.9615771516861433
10.930465232616308,-1.9252372345460098
10.955477738869435,-1.9354199147075661
10.980490245122562,-1.9603122112491258
11.005502751375689,-1.979546558530141
11.030515257628814,-1.975154439764726
11.05552776388194,-1.9391110965936442
11.080540270135067,-1.921390346357713
11.105552776388194,-1.9505204813415045
11.13056528264132,-1.9313010997675075
11.155577788894448,-1.965817068109279
11.180590295147574,-1.90175515716718
11.205602801400701,-1.878703872694654
11.230615307653826,-1.8864292184495772
11.255627813906953,-1.9222109694232867
11.28064032016008,-1.8803706068754371
11.305652826413207,-1.87434707825954
11.330665332666333,-1.8221838850632246
11.35567783891946,-1.8215379163356056
11.380690345172587,-1.7620288339513386
11.405702851425714,-1.826550233762836
11.430715357678839,-1.7195600030774947
11.455727863931966,-1.7049131410871132
11.480740370185092,-1.707584204090038
11.505752876438219,-1.6923400945620333
11.530765382691346,-1.6341169910403623
11.555777888944473,-1.613742479042151
11.5807903951976,-1.571666250801467
11.605802901450726,-1.6311726491945282
11.630815407703851,-1.525249886077601
11.655827913956978,-1.5055444908740625
11.680840420210105,-1.4633984535186157
11.705852926463232,-1.4886652568359346
11.730865432716358,-1.4297034108371296
11.755877938969485,-1.4458801858339272
11.780890445222612,-1.3156831165004927
11.805902951475737,-1.365888436427636
11.830915457728864,-1.2659686811837136
11.85592796398199,-1.2930584655747281
11.880940470235117,-1.2485067038559519
11.905952976488244,-1.222769650424727
11.930965482741371,-1.1468452850693096
11.955977988994498,-1.0557100154860595
11.980990495247624,-1.0379884309090006
12.00600300150075,-1.0364861277054462
12.031015507753876,-0.9430126781468583
12.056028014007003,-0.9075484383616593
12.08104052026013,-0.9253989278705204
12.106053026513257,-0.8543153076321709
12.131065532766383,-0.8421120253166913
12.15607803901951,-0.7704022252280337
12.181090545272637,-0.7484099852139483
12.206103051525762,-0.6991061659460619
12.231115557778889,-0.5688779403317318
12.256128064032016,-0.5886517498108857
12.281140570285142,-0.5074318058365596
12.30615307653827,-0.5124541414942472
12.331165582791396,-0.4168323999393369
12.356178089044523,-0.378756367933886
12.38119059529765,-0.2919046731492415
12.406203101550775,-0.29098981057227485
12.431215607803901,-0.2534590400134498
12.456228114057028,-0.21786980730940464
12.481240620310155,-0.15505469487224016
12.506253126563282,-0.09943743818598974
12.531265632816408,-0.04352956358830611
12.556278139069535,-0.009853098030792712
12.581290645322662,0.09887055236271138
12.606303151575787,0.1378965435242725
12.631315657828914,0.15593373776178143
12.65632816408204,0.22265521359580454
12.681340670335167,0.25640296676778923
12.706353176588294,0.3110469410958723
12.731365682841421,0.40250415284558777
12.756378189094548,0.3780151242567299
12.781390695347675,0.44688016616357623
12.8064032016008,0.5611459943458568
12.831415707853926,0.5838112710499553
12.856428214107053,0.5726788417289022
12.88144072036018,0.6764395605858622
12.906453226613307,0.741906015726429
12.931465732866434,0.8095744671065135
12.95647823911956,0.7722288568427939
12.981490745372687,0.9036003054214468
13.006503251625812,0.9234102550603321
13.031515757878939,0.9359730539662369
13.056528264132066,1.0071560199171852
13.081540770385192,1.075591159427752
13.10655327663832,1.0439861087904507
13.131565782891446,1.1470610543747821
13.156578289144573,1.1157449961275234
13.1815907953977,1.2242831563899808
13.206603301650825,1.2260028113453498
13.231615807903951,1.3217160110274182
13.256628314157078,1.3025323270373592
13.281640820410205,1.3664263653627422
13.306653326663332,1.385929662367373
13.331665832916459,1.4576675193291888
13.356678339169585,1.4539943340008639
13.381690845422712,1.5142871583318276
13.406703351675837,1.583855321253143
13.431715857928964,1.5908686463361388
13.45672836418209,1.6093337432028079
13.481740870435218,1.6768216696741165
13.506753376688344,1.660465511967428
13.531765882941471,1.7022206744598292
13.556778389194598,1.7193902635153404
13.581790895447725,1.7790313600935652
13.60680340170085,1.73117108521094
13.631815907953976,1.7658389781568957
13.656828414207103,1.8392249000825147
13.68184092046023,1.8361818088809132
13.706853426713357,1.8282488547623654
13.731865932966484,1.9121192640987092
13.75687843921961,1.892865480226987
13.781890945472737,1.9149903598218503
13.806903451725862,1.9536569435176794
13.831915957978989,1.9431942513814013
13.856928464232116,1.9404616809693989
13.881940970485243,1.9958380907553936
13.90695347673837,2.009407885199941
13.931965982991496,2.050757476504405
13.956978489244623,2.051895068365181
13.98199099549775,1.9837539880621893
14.007003501750875,2.025524939033258
14.032016008004002,2.055420134774743
14.057028514257128,2.008430757963998
14.082041020510255,2.067790739137178
14.107053526763382,2.040817292958148
14.132066033016509,2.0502035770191536
14.157078539269635,2.0820864481804815
14.182091045522762,2.0330370710493457
14.207103551775887,2.0809891762141506
14.232116058029014,2.02917523642466
14.25712856428214,2.0101722769773973
14.282141070535268,2.060584324223726
14.307153576788394,2.059265439148204
14.332166083041521,1.9841095656379149
14.357178589294648,1.9652161816009281
14.382191095547775,2.0296281573547814
14.4072036018009,2.0191936475256025
14.432216108054027,1.9682060591058226
14.457228614307153,1.9521065557049835
14.48224112056028,1.9562802906465095
14.507253626813407,1.8854500333056703
14.532266133066534,1.896049825459248
14.55727863931966,1.9227146539592985
14.582291145572787,1.8325301724874898
14.607303651825912,1.8120102407715704
14.632316158079039,1.8172685929384167
14.657328664332166,1.7895873776186573
14.682341170585293,1.8072557613389029
14.70735367683842,1.7525271653595729
14.732366183091546,1.6583843631475808
14.757378689344673,1.6338637675086376
14.782391195597798,1.6616687524626637
14.807403701850925,1.6206237767159553
14.832416208104052,1.5747056013326222
14.857428714357178,1.601848494740384
14.882441220610305,1.5522862298482167
14.907453726863432,1.4822594432789402
14.932466233116559,1.4469959122398148
14.957478739369686,1.3940267856697812
14.98249124562281,1.3430787159545223
15.007503751875937,1.378609110851872
15.032516258129064,1.2680087851548831
15.057528764382191,1.2174167095922084
15.082541270635318,1.2550304326791994
15.107553776888444,1.1544062051977702
15.132566283141571,1.171708896783588
15.157578789394698,1.0874232900558645
15.182591295647823,1.044036121245553
15.20760380190095,1.0116730792872248
15.232616308154077,0.9272070267582182
15.257628814407203,0.8906426097260751
15.28264132066033,0.9220156567636362
15.307653826913457,0.8352044291637312
15.332666333166584,0.77582386539614
15.35767883941971,0.7120772986150299
15.382691345672836,0.642121908611142
15.407703851925962,0.6216542028668746
15.43271635817909,0.5733370595262793
15.457728864432216,0.5539948681348508
15.482741370685343,0.5114063381190838
15.50775387693847,0.4607903467031166
15.532766383191596,0.43634407401133984
15.557778889444723,0.3681155812193509
15.582791395697848,0.349079978087472
15.607803901950975,0.2527121038601531
15.632816408204102,0.22721143798181553
15.657828914457228,0.16351526485197074
15.682841420710355,0.07783402265792476
15.707853926963482,0.05845552589642475
15.732866433216609,-0.02376750678612932
15.757878939469736,-0.006928348468216133
15.78289144572286,-0.08939477927426664
15.807903951975987,-0.19055206375348488
15.832916458229114,-0.17847770097026855
15.857928964482241,-0.2544316802709406
15.882941470735368,-0.24882870502813909
15.907953976988495,-0.34502023826542283
15.932966483241621,-0.43665792062393577
15.957978989494748,-0.46635622640105845
15.982991495747873,-0.5041496442881495
16.008004002001,-0.571844087325797
16.03301650825413,-0.5818677437760379
16.058029014507255,-0.671168741809984
16.08304152076038,-0.6972085231259006
16.108054027013505,-0.7654124460396239
16.133066533266632,-0.8097461115716832
16.15807903951976,-0.8654352860586297
16.183091545772886,-0.8329650691516062
16.208104052026012,-0.8888198286319557
16.23311655827914,-0.9238627731658884
16.258129064532266,-0.9767483683587278
16.283141570785393,-1.0446613615464688
16.30815407703852,-1.099467294867771
16.333166583291646,-1.1674431827824674
16.358179089544773,-1.1779661105618962
16.3831915957979,-1.1552024647110553
16.408204102051027,-1.2240562421989345
16.433216608304154,-1.2826447063475575
16.45822911455728,-1.3325099083578935
16.483241620810404,-1.3164578226206547
16.50825412706353,-1.35813375865658
16.533266633316657,-1.3826025049842043
16.558279139569784,-1.4551211464123088
16.58329164582291,-1.4796321354789514
16.608304152076037,-1.525039236067841
16.633316658329164,-1.563656882181841
16.65832916458229,-1.569532200736632
16.683341670835418,-1.6395828337008578
16.708354177088545,-1.6111209420767816
16.73336668334167,-1.7005074526917385
16.758379189594798,-1.692717000138113
16.783391695847925,-1.7445302435971157
16.808404202101052,-1.7693891091294696
16.83341670835418,-1.7270139676393867
16.858429214607305,-1.7872880992721545
16.88344172086043,-1.7768827189063492
16.908454227113555,-1.801465664599694
16.933466733366682,-1.873660396109251
16.95847923961981,-1.8140749846396909
16.983491745872936,-1.888341753619075
17.008504252126063,-1.874795456094195
17.03351675837919,-1.8738335291629429
17.058529264632316,-1.8641099587675531
17.083541770885443,-1.9226355282977792
17.10855427713857,-1.9182003044194011
17.133566783391696,-1.9724739021147482
17.158579289644823,-1.9684357090055318
17.18359179589795,-1.8925766964336543
17.208604302151077,-1.963910826842379
17.233616808404204,-1.9234085192189694
17.25862931465733,-1.939621033774462
17.283641820910454,-1.9081475048584409
17.30865432716358,-1.9726610507398206
17.333666833416707,-1.9011746216648522
17.358679339669834,-1.9382818204587648
17.38369184592296,-1.9387068718283411
17.408704352176088,-1.9364463129641263
17.433716858429214,-1.941394485324646
17.45872936468234,-1.9291061839489603
17.483741870935468,-1.8815869189460874
17.508754377188595,-1.8752364199427995
17.53376688344172,-1.8974874421046004
17.55877938969485,-1.8495621643753068
17.583791895947975,-1.8501964733888252
17.608804402201102,-1.8659929507165283
17.63381690845423,-1.7902225531677936
17.658829414707352,-1.7997647055098465
17.68384192096048,-1.812566162644433
17.708854427213605,-1.7767898814818008
17.733866933466732,-1.7459622290575227
17.75887943971986,-1.7013086008787874
17.783891945972986,-1.7276965255343668
17.808904452226113,-1.6256471636925032
17.83391695847924,-1.6477568840264314
17.858929464732366,-1.573096789505907
17.883941970985493,-1.6080530717989285
17.90895447723862,-1.5394505568276962
17.933966983491747,-1.5487505991252704
17.958979489744873,-1.4708266160675332
17.983991995998,-1.47926074457559
18.009004502251127,-1.3983845316653674
18.034017008504254,-1.453691639085798
18.059029514757377,-1.3311069666557287
18.084042021010504,-1.3417438653477158
18.10905452726363,-1.3272868249675445
18.134067033516757,-1.2832626526493558
18.159079539769884,-1.2421894164188607
18.18409204602301,-1.1672526265311938
18.209104552276138,-1.1529989364426136
18.234117058529264,-1.0795104984577573
18.25912956478239,-1.0527576460838355
18.284142071035518,-1.0126492101453795
18.309154577288645,-0.9810853971375145
18.33416708354177,-0.8946334372573357
18.3591795897949,-0.8746851285113801
18.384192096048025,-0.8266786834988784
18.409204602301152,-0.824041789594047
18.43421710855428,-0.7451821416294545
18.459229614807402,-0.7040117275772906
18.48424212106053,-0.6765279880841044
18.509254627313656,-0.6090748207788457
18.534267133566782,-0.6174575099351575
18.55927963981991,-0.4897972191925233
18.584292146073036,-0.5130535631391859
18.609304652326163,-0.4581735614211294
18.63431715857929,-0.37232601457828884
18.659329664832416,-0.3328963575958258
18.684342171085543,-0.2767148350260825
18.70935467733867,-0.2440601035455502
18.734367183591797,-0.17005759585991928
18.759379689844923,-0.12668213456668537
18.78439219609805,-0.03489884528328188
18.809404702351177,-0.002158367741031564
18.834417208604304,0.042983494361736
18.859429714857427,0.07050269496943237
18.884442221110554,0.14862305956992147
18.90945472736368,0.14049018639077396
18.934467233616807,0.18328807679019876
18.959479739869934,0.2707947255124507
18.98449224612306,0.2696765254776549
19.009504752376188,0.41036115910495646
19.034517258629315,0.43502513059621495
19.05952976488244,0.47567347558300677
19.084542271135568,0.4667264243916231
19.109554777388695,0.53054308709226
19.13456728364182,0.6338719448955751
19.15957978989495,0.6793847926743873
19.184592296148075,0.7358980401932611
19.209604802401202,0.7610557238465137
19.23461730865433,0.7843895850187275
19.259629814907452,0.844910592369544
19.28464232116058,0.8524393691310078
19.309654827413706,0.9031542292792253
19.334667333666832,0.933415349221221
19.35967983991996,0.9786377659802354
19.384692346173086,1.0635871371067855
19.409704852426213,1.1211186952657406
19.43471735867934,1.2001151509211403
19.459729864932466,1.1994423674283217
19.484742371185593,1.2782002910037187
19.50975487743872,1.2963728566202228
19.534767383691847,1.3297796037653478
19.559779889944974,1.3966073462402515
19.5847923961981,1.373965776385905
19.609804902451227,1.4573965225655603
19.634817408704354,1.4501616028944664
19.659829914957477,1.5264976473417273
19.684842421210604,1.5528231332719735
19.70985492746373,1.5820767684680095
19.734867433716857,1.6271578517732126
19.759879939969984,1.6220991237744118
19.78489244622311,1.686171542193889
19.809904952476238,1.73227762855335
19.834917458729365,1.756941780807814
19.85992996498249,1.699242236383913
19.884942471235618,1.798428059392016
19.909954977488745,1.7518236172629869
19.93496748374187,1.8477081631819687
19.959979989995,1.827809044738209
19.984992496248125,1.8158679886676468
20.010005002501252,1.9156958741156154
20.03501750875438,1.9490749224600703
20.060030015007502,1.8936144087537576
20.08504252126063,1.9247139842500463
20.110055027513756,1.9160093643910205
20.135067533766883,1.9652509623939938
20.16008004002001,2.0322572075855825
20.185092546273136,2.0442698703619517
20.210105052526263,2.022461983483291
20.23511755877939,1.990641539349147
20.260130065032516,2.011529658024552
20.285142571285643,2.0232500349249163
20.31015507753877,2.0150626336943924
20.335167583791897,1.9936923879332198
20.360180090045024,2.022803723672111
20.38519259629815,2.0233479167813706
20.410205102551277,2.0960312146910494
20.435217608804404,2.000177672540691
20.460230115057527,2.000381751133472
20.485242621310654,2.0088129499833673
20.51025512756378,2.073930364272623
20.535267633816908,2.04425583915062
20.560280140070034,2.006882918781317
20.58529264632316,2.0728178887919286
20.610305152576288,1.9707895842622891
20.635317658829415,2.017018708636127
20.66033016508254,1.9844819144255716
20.68534267133567,2.0101421071529573
20.710355177588795,1.9623940237006212
20.735367683841922,1.9068791168389394
20.76038019009505,1.8968783494692314
20.785392696348175,1.8852077993421192
20.810405202601302,1.919973849345426
20.835417708854425,1.9028362159335148
20.860430215107552,1.8144317477639844
20.88544272136068,1.8691634693305161
20.910455227613806,1.8645276276727873
20.935467733866933,1.7580745649633338
20.96048024012006,1.756889629019074
20.985492746373186,1.7512916987158966
21.010505252626313,1.698911152527207
21.03551775887944,1.6729585016359971
21.060530265132567,1.6045830109567383
21.085542771385693,1.5960148506137612
21.11055527763882,1.5596065978465163
21.135567783891947,1.5160831550513467
21.160580290145074,1.4790221967308688
21.1855927963982,1.4727910005686495
21.210605302651327,1.4525750545718146
21.23561780890445,1.3934306693972074
21.260630315157577,1.4080651648840001
21.285642821410704,1.3114716994127287
21.31065532766383,1.2680247119786179
21.335667833916958,1.3015215152902946
21.360680340170084,1.1844821996062933
21.38569284642321,1.158039286700259
21.410705352676338,1.1440374600001593
21.435717858929465,1.1044074654152645
21.46073036518259,1.081057944256774
21.48574287143572,1.0611891413712158
21.510755377688845,0.9841354751919629
21.535767883941972,0.9584858261764413
21.5607803901951,0.858913702815345
21.585792896448226,0.8560265425437109
21.610805402701352,0.7596977014620423
21.635817908954476,0.7545223627292622
21.660830415207602,0.722513188071016
21.68584292146073,0.6168179080052866
21.710855427713856,0.610961390505639
21.735867933966983,0.5134043217708575
21.76088044022011,0.5196659715783868
21.785892946473236,0.4174475020564196
21.810905452726363,0.43524385926097287
21.83591795897949,0.30988830884376506
21.860930465232617,0.3524936845274503
21.885942971485743,0.2556008164215183
21.91095547773887,0.2234665546255425
21.935967983991997,0.1496543304546008
21.960980490245124,0.0657992963681036
21.98599299649825,0.0443623601883189
22.011005502751377,0.05633296064670173
22.0360180090045,-0.030152512837390226
22.061030515257627,-0.08281207964342892
22.086043021510754,-0.14460545278839657
22.11105552776388,-0.23043629134645904
22.136068034017008,-0.24504378500034968
22.161080540270135,-0.2619271953585007
22.18609304652326,-0.3254677781195083
22.211105552776388,-0.34977931843423976
22.236118059029515,-0.47307021405821953
22.26113056528264,-0.4763004477315833
22.28614307153577,-0.5010097805205741
22.311155577788895,-0.6165985529780967
22.336168084042022,-0.5777904239409616
22.36118059029515,-0.7166977026647204
22.386193096548276,-0.7401568245414664
22.411205602801402,-0.7425914953680453
22.436218109054526,-0.8193324804640858
22.461230615307652,-0.8085853705374223
22.48624312156078,-0.8814826148330724
22.511255627813906,-0.9352778270730664
22.536268134067033,-0.997158092081108
22.56128064032016,-1.0017356236540147
22.586293146573286,-1.0340770381675204
22.611305652826413,-1.1473185410722733
22.63631815907954,-1.1151004314587636
22.661330665332667,-1.1624431231721146
22.686343171585793,-1.2809678668390558
22.71135567783892,-1.286005270809216
22.736368184092047,-1.3134948365454258
22.761380690345174,-1.310609197742016
22.7863931965983,-1.4113767407590936
22.811405702851427,-1.3830114150783623
22.83641820910455,-1.4180129747880474
22.861430715357677,-1.4325515755361344
22.886443221610804,-1.478687262605946
22.91145572786393,-1.5297470357891962
22.936468234117058,-1.5445416606556204
22.961480740370185,-1.5809306429186858
22.98649324662331,-1.6747802944179384
23.011505752876438,-1.6247723570696455
23.036518259129565,-1.6948133843648623
23.06153076538269,-1.7522214937199647
23.08654327163582,-1.6992784637080616
23.111555777888945,-1.7207722490754795
23.136568284142072,-1.7900231895907057
23.1615807903952,-1.747345816134579
23.186593296648326,-1.8583767786316325
23.211605802901452,-1.7805947245423577
23.236618309154576,-1.7982913891749184
23.261630815407702,-1.8442199067765048
23.28664332166083,-1.8884806105825773
23.311655827913956,-1.8794824955474214
23.336668334167083,-1.8886917227329205
23.36168084042021,-1.8815253115324624
23.386693346673336,-1.924515522211622
23.411705852926463,-1.878278553699467
23.43671835917959,-1.9796970273460448
23.461730865432717,-1.9228955204586275
23.486743371685844,-1.9474495012340143
23.51175587793897,-1.9378336201728248
23.536768384192097,-1.934829167990658
23.561780890445224,-1.9189778907952562
23.58679339669835,-1.9668901728986605
23.611805902951474,-1.9788567953267913
23.6368184092046,-1.8950101899341094
23.661830915457728,-1.8934878107366118
23.686843421710854,-1.8980017113675465
23.71185592796398,-1.8832308149075876
23.736868434217108,-1.8943121809948413
23.761880940470235,-1.9009779218916818
23.78689344672336,-1.8631814570415914
23.81190595297649,-1.8833242747756358
23.836918459229615,-1.8311803833324838
23.861930965482742,-1.8511463853894412
23.88694347173587,-1.8247170933017498
23.911955977988995,-1.856354095635232
23.936968484242122,-1.7732793586403208
23.96198099049525,-1.795158427759635
23.986993496748376,-1.7365425756195172
24.0120060030015,-1.7958258308230544
24.037018509254626,-1.681222884050202
24.062031015507753,-1.75374326531083
24.08704352176088,-1.6727233394156313
24.112056028014006,-1.6733317611179301
24.137068534267133,-1.6544958769701543
24.16208104052026,-1.6123788240629953
24.187093546773387,-1.565415443542259
24.212106053026513,-1.5534777720172779
24.23711855927964,-1.4984400833403853
24.262131065532767,-1.5144745132545214
24.287143571785894,-1.4916367737901401
24.31215607803902,-1.3929698714620788
24.337168584292147,-1.398983978610628
24.362181090545274,-1.37253355396114
24.3871935967984,-1.269568032417411
24.412206103051524,-1.263035447479329
24.43721860930465,-1.2776705164323854
24.462231115557778,-1.2197736348102333
24.487243621810904,-1.1128438427874636
24.51225612806403,-1.1104816413181522
24.537268634317158,-1.1140489442016606
24.562281140570285,-1.0795845709345029
24.58729364682341,-1.0079458037945357
24.61230615307654,-0.9654711031764239
24.637318659329665,-0.8786922294435805
24.662331165582792,-0.8118374854008695
24.68734367183592,-0.8471533893745385
24.712356178089045,-0.7173585417425004
24.737368684342172,-0.7528537386971961
24.7623811905953,-0.7092609430007161
24.787393696848426,-0.6655136081452933
24.81240620310155,-0.6133113373593759
24.837418709354676,-0.5430735386640599
24.862431215607803,-0.4474155660755274
24.88744372186093,-0.46277101927199166
24.912456228114056,-0.37151751195160276
24.937468734367183,-0.37633658493784794
24.96248124062031,-0.2820961610105803
24.987493746873437,-0.24244971596268583
25.012506253126563,-0.1555947095797436
25.03751875937969,-0.15840620259212043
25.062531265632817,-0.09587587345576568
25.087543771885944,-0.07456852358316883
25.11255627813907,-0.006352611055341649
25.137568784392197,0.03742088137727952
25.162581290645324,0.11271058430327671
25.18759379689845,0.17848345694730183
25.212606303151574,0.24169075150115493
25.2376188094047,0.21210439580261597
25.262631315657828,0.2887477516521247
25.287643821910955,0.38434076976137677
25.31265632816408,0.44884384282383005
25.337668834417208,0.4182223185260953
25.362681340670335,0.4859959610760328
25.38769384692346,0.5262146000470806
25.41270635317659,0.5953129729518678
25.437718859429715,0.642298879270419
25.462731365682842,0.7471970005153007
25.48774387193597,0.708372796377049
25.512756378189096,0.7527150715215281
25.537768884442222,0.8315508368096867
25.56278139069535,0.8521555434660054
25.587793896948476,0.9583182103502133
25.6128064032016,1.006431016772005
25.637818909454726,1.0091105770194277
25.662831415707853,1.0399782414007896
25.68784392196098,1.1262455947540775
25.712856428214106,1.1147053905876945
25.737868934467233,1.173866103191522
25.76288144072036,1.1793171914973577
25.787893946973487,1.249101427617348
25.812906453226613,1.2917048968074445
25.83791895947974,1.331284929600401
25.862931465732867,1.339028822840477
25.887943971985994,1.385767911017246
25.91295647823912,1.4656917112609331
25.937968984492247,1.5228788666719235
25.962981490745374,1.4765070853384088
25.9879939969985,1.5100964302408928
26.013006503251624,1.6032620206759634
26.03801900950475,1.586858636399194
26.063031515757878,1.6858474151116387
26.088044022011005,1.667372932127668
26.11305652826413,1.6750572202998986
26.138069034517258,1.7481993777003548
26.163081540770385,1.7968004625245226
26.18809404702351,1.7761952616166519
26.21310655327664,1.8420450177814198
26.238119059529765,1.8250683251693196
26.263131565782892,1.8861352753317564
26.28814407203602,1.8333550127236464
26.313156578289146,1.921787146461915
26.338169084542272,1.8932945481868462
26.3631815907954,1.9416542861949417
26.388194097048526,1.9677509744566561
26.41320660330165,1.9566053090737798
26.438219109554776,1.9413941626454276
26.463231615807903,1.9635027865973615
26.48824412206103,1.9828960097599593
26.513256628314156,2.0184352480041023
26.538269134567283,2.025494121870461
26.56328164082041,2.0635071539151237
26.588294147073537,2.0209044511190615
26.613306653326664,2.0789396413934966
26.63831915957979,2.0428371289481047
26.663331665832917,2.050172113368519
26.688344172086044,2.0762719874784956
26.71335667833917,2.012338182894005
26.738369184592298,2.0014859039087463
26.763381690845424,1.9984524835439412
26.788394197098548,2.0014713680558907
26.813406703351674,2.024334363893339
26.8384192096048,2.044200997254416
26.863431715857928,2.0309850492261945
26.888444222111055,2.03270428221176
26.91345672836418,1.9590059241591746
26.93846923461731,2.01913334130689
26.963481740870435,1.9855650616343565
26.988494247123562,1.929915065022462
27.01350675337669,1.9224261367107784
27.038519259629815,1.939070318247131
27.063531765882942,1.922775961911739
27.08854427213607,1.8754651849261383
27.113556778389196,1.8462180254134979
27.138569284642323,1.8358017217788982
27.16358179089545,1.8414224864802808
27.188594297148573,1.852632239761797
27.2136068034017,1.8290926616895018
27.238619309654826,1.780803011431332
27.263631815907953,1.7072096986052974
27.28864432216108,1.7651943493241125
27.313656828414207,1.700358337838511
27.338669334667333,1.6565695765086812
27.36368184092046,1.61509761344235
27.388694347173587,1.5870005398844929
27.413706853426714,1.5345593170864313
27.43871935967984,1.4848186748896828
27.463731865932967,1.5458946003892766
27.488744372186094,1.442226711335191
27.51375687843922,1.4755861696870651
27.538769384692348,1.417627261367475
27.563781890945474,1.3528013625011845
27.588794397198598,1.3501587148466538
27.613806903451724,1.303395545383369
27.63881940970485,1.2052002825318324
27.663831915957978,1.1885591951903594
27.688844422211105,1.1332152157683615
27.71385692846423,1.1211060345994623
27.73886943471736,1.0693769223097345
27.763881940970485,1.0719191753548154
27.788894447223612,1.0256585300101575
27.81390695347674,0.9709855780182255
27.838919459729865,0.937984850724112
27.863931965982992,0.8445287243668772
27.88894447223612,0.8298808131901115
27.913956978489246,0.7522057921720531
27.938969484742373,0.665225538681403
27.9639819909955,0.6581237728233267
27.988994497248623,0.6500307716515457
28.01400700350175,0.534785372728055
28.039019509754876,0.5033192002969398
28.064032016008003,0.42622261146309764
28.08904452226113,0.39284170217684117
28.114057028514257,0.3773347543348245
28.139069534767383,0.27544137037920824
28.16408204102051,0.3042731909327886
28.189094547273637,0.24710290912808958
28.214107053526764,0.18001119538640875
28.23911955977989,0.09589363290664094
28.264132066033017,0.027350978092192224
28.289144572286144,-0.016954802300397906
28.31415707853927,-0.06522655008471422
28.339169584792398,-0.11484962854994335
28.364182091045524,-0.1684921068540184
28.389194597298648,-0.14684157043405
28.414207103551774,-0.2289332855752886
28.4392196098049,-0.25594418371896904
28.464232116058028,-0.3176954728694341
28.489244622311155,-0.3722601517348063
28.51425712856428,-0.3856290449631624
28.53926963481741,-0.45320530323671704
28.564282141070535,-0.5128893291535171
28.589294647323662,-0.5457205611713182
28.61430715357679,-0.6352141746856635
28.639319659829916,-0.6925531090655533
28.664332166083042,-0.7414410359731695
28.68934467233617,-0.7803851707285163
28.714357178589296,-0.8498040437050243
28.739369684842423,-0.8295274909058743
28.76438219109555,-0.8900788687011976
28.789394697348673,-0.9773199709815494
28.8144072036018,-0.9566042043742722
28.839419709854926,-0.9846790975401418
28.864432216108053,-1.0269979238814861
28.88944472236118,-1.0930991452049592
28.914457228614307,-1.10112254249535
28.939469734867433,-1.183337105123162
28.96448224112056,-1.1883153040659022
28.989494747373687,-1.2802759652825813
29.014507253626814,-1.3419689353159692
29.03951975987994,-1.3540993466228062
29.064532266133067,-1.3624863135765042
29.089544772386194,-1.3753949835064179
29.11455727863932,-1.4847903972410998
29.139569784892448,-1.4679374252803508
29.164582291145575,-1.5300229716405358
29.189594797398698,-1.5641913857371215
29.214607303651825,-1.5235637846711105
29.23961980990495,-1.6343572769131431
29.264632316158078,-1.6113448550816987
29.289644822411205,-1.6417588345550862
29.31465732866433,-1.6916913530932862
29.33966983491746,-1.7361391626545972
29.364682341170585,-1.7229236384793856
29.389694847423712,-1.741762082260894
29.41470735367684,-1.7827571298289975
29.439719859929966,-1.7518781862324015
29.464732366183092,-1.8005980119730316
29.48974487243622,-1.8732056382429345
29.514757378689346,-1.8735608073704397
29.539769884942473,-1.8764117281845898
29.564782391195596,-1.822977894963363
29.589794897448723,-1.9312526526832976
29.61480740370185,-1.9106668834376304
29.639819909954976,-1.9277205957132912
29.664832416208103,-1.9540266103651087
29.68984492246123,-1.9480931921881661
29.714857428714357,-1.8924707622560604
29.739869934967484,-1.9600196006976849
29.76488244122061,-1.9188291439063232
29.789894947473737,-1.9646316719997374
29.814907453726864,-1.9378209408694798
29.83991995997999,-1.9720993404153577
29.864932466233117,-1.9348345623291314
29.889944972486244,-1.9031787428217497
29.91495747873937,-1.9769972596463912
29.939969984992498,-1.922519543713985
29.96498249124562,-1.9557627321933413
29.989994997498748,-1.9299157949552357
30.015007503751875,-1.9143672766028845
30.040020010005,-1.9058130266697821
30.06503251625813,-1.892445114895851
30.090045022511255,-1.875207081655453
30.115057528764382,-1.8366539587250101
30.14007003501751,-1.827069617158362
30.165082541270635,-1.810508674943898
30.190095047523762,-1.7982104458993142
30.21510755377689,-1.7985174199541794
30.240120060030016,-1.7995804420647927
30.265132566283143,-1.759324283648619
30.29014507253627,-1.7835694875257997
30.315157578789396,-1.77481901763821
30.340170085042523,-1.7120004523233763
30.365182591295646,-1.6922629279696033
30.390195097548773,-1.6808586990851528
30.4152076038019,-1.6062135647690465
30.440220110055026,-1.6087893149509143
30.465232616308153,-1.5741755217284759
30.49024512256128,-1.5120112615739452
30.515257628814407,-1.477831228213584
30.540270135067534,-1.4687221131987749
30.56528264132066,-1.4440285420568297
30.590295147573787,-1.4561468016577876
30.615307653826914,-1.3540889931820765
30.64032016008004,-1.3045425076721338
30.665332666333168,-1.3213045535297208
30.690345172586294,-1.2384597883901456
30.71535767883942,-1.2274560609713747
30.740370185092548,-1.2449364903907485
30.76538269134567,-1.1532316575032258
30.790395197598798,-1.1004501389946513
30.815407703851925,-1.1147602951929931
30.84042021010505,-1.0769217270537887
30.86543271635818,-1.0117125525023478
30.890445222611305,-0.9916858180532097
30.915457728864432,-0.8728211744893195
30.94047023511756,-0.8288716053096472
30.965482741370685,-0.7799258844402996
30.990495247623812,-0.8015216184964987
31.01550775387694,-0.7234510791791458
31.040520260130066,-0.6803602188707696
31.065532766383193,-0.61370488219032
31.09054527263632,-0.5492755342319793
31.115557778889446,-0.5878045014990314
31.140570285142573,-0.5256771686876216
31.165582791395696,-0.44030783669852874
31.190595297648823,-0.4060883437310357
31.21560780390195,-0.3576411620852198
31.240620310155077,-0.34465016323706854
31.265632816408203,-0.2360721541382484
31.29064532266133,-0.224584440449607
31.315657828914457,-0.17822662947317153
31.340670335167584,-0.07786081964676185
31.36568284142071,-0.08707727798197534
31.390695347673837,-0.02551858827546648
31.415707853926964,0.029558228592977315
31.44072036018009,0.09215337160591422
31.465732866433218,0.1696903354273468
31.490745372686344,0.17392063162463262
31.51575787893947,0.27675021932594146
31.540770385192598,0.3117984205967471
31.56578289144572,0.3974319263859761
31.590795397698848,0.4383895287526469
31.615807903951975,0.4139287248095767
31.6408204102051,0.5345825001920663
31.66583291645823,0.5484200060205716
31.690845422711355,0.6303881717697777
31.715857928964482,0.5911471086967761
31.74087043521761,0.7111017564447752
31.765882941470736,0.7074513751198508
31.790895447723862,0.8245289835004679
31.81590795397699,0.8655556001701195
31.840920460230116,0.9051294305109001
31.865932966483243,0.9428128845770912
31.89094547273637,0.9181459159686691
31.915957978989496,0.9817443395678634
31.940970485242623,1.02337901026915
31.965982991495746,1.121875308564723
31.990995497748873,1.1392965935426995
32.016008004002,1.1298499872641345
32.04102051025513,1.1778430040975003
32.06603301650826,1.2193107237973142
32.091045522761384,1.2972032377891682
32.11605802901451,1.3624025991234885
32.14107053526764,1.3351677264734805
32.16608304152076,1.4412838593944302
32.191095547773884,1.4310883518912525
32.21610805402701,1.5201363535108274
32.24112056028014,1.509577511830587
32.266133066533264,1.5706740426341794
32.29114557278639,1.5962867474181064
32.31615807903952,1.6328135323731279
32.341170585292645,1.6006437968907015
32.36618309154577,1.6771922132949175
32.3911955977989,1.6933247134348697
32.416208104052025,1.728407310252356
32.44122061030515,1.785496745491338
32.46623311655828,1.7583201285720704
32.491245622811405,1.8137967423418864
32.51625812906453,1.8532566941617123
32.54127063531766,1.8347655341525975
32.566283141570786,1.8397359775123077
32.59129564782391,1.9352208590134337
32.61630815407704,1.8737874803308359
32.641320660330166,1.890754972506892
32.66633316658329,1.9198923372290086
32.69134567283642,1.996525744597097
32.716358179089546,1.9894953509754718
32.74137068534267,2.0237884888402844
32.7663831915958,2.044918808696365
32.79139569784893,2.023842352103094
32.81640820410205,2.0210442644239603
32.84142071035518,2.026569380199726
32.86643321660831,2.0045406450024252
32.891445722861434,2.04860423733798
32.91645822911456,2.0661262050301623
32.94147073536768,2.0011326624899377
32.96648324162081,2.07324301359275
32.991495747873934,2.020617650747358
33.01650825412706,2.038373255641568
33.04152076038019,2.038251798004828
33.066533266633314,2.0518029468998846
33.09154577288644,2.079947367025321
33.11655827913957,2.0112498067376543
33.141570785392695,2.065969252692889
33.16658329164582,2.0170240439909723
33.19159579789895,1.9952678689413015
33.216608304152075,2.045586924975815
33.2416208104052,1.9713373353088874
33.26663331665833,1.96075441720544
33.291645822911455,1.9579514912600104
33.31665832916458,1.8924177187462532
33.34167083541771,1.888098230335565
33.366683341670836,1.914610491688079
33.39169584792396,1.9273898343156168
33.41670835417709,1.914903105407325
33.441720860430216,1.8263544339312954
33.46673336668334,1.8023069697186873
33.49174587293647,1.8182456983050101
33.516758379189596,1.7298888816739264
33.54177088544272,1.706050459350198
33.56678339169585,1.7396839708931815
33.59179589794898,1.7051877201626504
33.616808404202104,1.6478775016352643
33.64182091045523,1.6156135239315008
33.66683341670836,1.6513929993232879
33.691845922961484,1.586458708369211
33.71685842921461,1.49639983090043
33.74187093546773,1.4569249049543296
33.76688344172086,1.4782017086182868
33.791895947973984,1.4020123973795688
33.81690845422711,1.3599334563467116
33.84192096048024,1.3745136560736322
33.866933466733364,1.3681466902649362
33.89194597298649,1.3257740669272653
33.91695847923962,1.2568033850273608
33.941970985492745,1.209109424499333
33.96698349174587,1.1997992108350688
33.991995997999,1.1233845237777673
34.017008504252125,1.0873573249688917
34.04202101050525,1.019180345922558
34.06703351675838,1.0234879422243799
34.092046023011505,0.9297051673844934
34.11705852926463,0.879850665396309
34.14207103551776,0.8235245681322098
34.167083541770886,0.8164059164147478
34.19209604802401,0.805674051900682
34.21710855427714,0.7077298813162665
34.242121060530266,0.6822225385154733
34.26713356678339,0.6678726831913533
34.29214607303652,0.6055979784261782
34.31715857928965,0.4892935483595422
34.34217108554277,0.48639876355171713
34.3671835917959,0.38344009784035726
34.39219609804903,0.36437479166723624
34.417208604302154,0.3544122807454194
34.44222111055528,0.2694719068582818
34.46723361680841,0.26745415588054267
34.492246123061534,0.1417956100405902
34.51725862931466,0.10969906127248939
34.54227113556778,0.1210975887464046
34.56728364182091,0.045816952018950294
34.592296148074034,0.02305189042222179
34.61730865432716,-0.05349093283105996
34.64232116058029,-0.13893648256991217
34.667333666833414,-0.14198672874841614
34.69234617308654,-0.22016616528788854
34.71735867933967,-0.2852984604081502
34.742371185592795,-0.32033295116987176
34.76738369184592,-0.3469301484293916
34.79239619809905,-0.45693398120507883
34.817408704352175,-0.4799150748204095
34.8424212106053,-0.504109347565921
34.86743371685843,-0.609440306621371
34.892446223111556,-0.6128593115427491
34.91745872936468,-0.6376322586810033
34.94247123561781,-0.7134430394238758
34.967483741870936,-0.7142213020280036
34.99249624812406,-0.8338740134375442
35.01750875437719,-0.8869871924971002
35.042521260630316,-0.9235341675862968
35.06753376688344,-0.9042832979927447
35.09254627313657,-0.9518994451808152
35.1175587793897,-1.0324612970253833
35.14257128564282,-1.0090679129897189
35.16758379189595,-1.102847367142043
35.19259629814908,-1.1703370831452462
35.217608804402204,-1.1923985699782986
35.24262131065533,-1.1877290570590127
35.26763381690846,-1.2464674456054317
35.292646323161584,-1.336850205217434
35.317658829414704,-1.351631396311202
35.34267133566783,-1.3820161907992623
35.36768384192096,-1.35761699010563
35.392696348174084,-1.4059468746457404
35.41770885442721,-1.5157997064661155
35.44272136068034,-1.5339160596516388
35.467733866933465,-1.566367177181733
35.49274637318659,-1.5307388013675052
35.51775887943972,-1.6100521362796563
35.542771385692845,-1.6401552346634216
35.56778389194597,-1.6394910845047979
35.5927963981991,-1.6769765267581052
35.617808904452225,-1.7028113055553162
35.64282141070535,-1.7377319130466522
35.66783391695848,-1.7794804041072338
35.692846423211606,-1.7503836747297181
35.71785892946473,-1.7750531175260833
35.74287143571786,-1.8169263391030233
35.767883941970986,-1.847190358256935
35.79289644822411,-1.881824132902163
35.81790895447724,-1.8189023190437492
35.842921460730366,-1.8902114320653747
35.86793396698349,-1.8870410955018835
35.89294647323662,-1.8897061147801149
35.91795897948975,-1.8610638090276983
35.94297148574287,-1.8850597029801393
35.967983991996,-1.9478449583286006
35.99299649824913,-1.9465294502749473
36.018009004502254,-1.9749260336415695
36.04302151075538,-1.9412340595205015
36.06803401700851,-1.911592462069593
36.093046523261634,-1.9396241931143412
36.118059029514754,-1.9972563296293295
36.14307153576788,-1.9119367560675553
36.16808404202101,-1.9909437407838968
36.193096548274134,-1.9243514904599492
36.21810905452726,-1.901238997526993
36.24312156078039,-1.9790841299884359
36.268134067033515,-1.8823143252359373
36.29314657328664,-1.9336514753617233
36.31815907953977,-1.9318556806621834
36.343171585792895,-1.855520720697758
36.36818409204602,-1.9289450812906752
36.39319659829915,-1.8364741259032555
36.418209104552275,-1.895972355699414
36.4432216108054,-1.8284011543059975
36.46823411705853,-1.818270613994578
36.493246623311656,-1.8626086153010923
36.51825912956478,-1.7911639371484103
36.54327163581791,-1.8259276719787831
36.568284142071036,-1.7792804443171635
36.59329664832416,-1.7071913113184638
36.61830915457729,-1.6998168902827924
36.643321660830416,-1.659216051585936
36.66833416708354,-1.6973328063736173
36.69334667333667,-1.6714746007474002
36.7183591795898,-1.6551821878281916
36.743371685842924,-1.5872131666753466
36.76838419209605,-1.5889953156934544
36.79339669834918,-1.5141719693517774
36.818409204602304,-1.5038858018537555
36.84342171085543,-1.4614409243762316
36.86843421710856,-1.447615970525942
36.893446723361684,-1.349991483777996
36.918459229614804,-1.3177327220970199
36.94347173586793,-1.364255796322173
36.96848424212106,-1.2574876925362535
36.993496748374184,-1.2445332476480713
37.01850925462731,-1.2411760975016939
37.04352176088044,-1.1387621885673844
37.068534267133565,-1.1362655645838327
37.09354677338669,-1.1020780806825816
37.11855927963982,-1.0674471114088853
37.143571785892945,-1.0198677461577563
37.16858429214607,-0.9390622580377507
37.1935967983992,-0.9525383322095585
37.218609304652325,-0.8484090786844056
37.24362181090545,-0.8533141668435833
37.26863431715858,-0.8310314179864209
37.293646823411706,-0.7082297727670279
37.31865932966483,-0.6842221754700721
37.34367183591796,-0.6532043317224439
37.368684342171086,-0.609641992908718
37.39369684842421,-0.5500864275692812
37.41870935467734,-0.5120574161744688
37.44372186093047,-0.43722819715155103
37.46873436718359,-0.383415184246554
37.49374687343672,-0.38784538102202554
37.51875937968985,-0.2811354255047338
37.543771885942974,-0.2702170312933435
37.5687843921961,-0.23233764877491855
37.59379689844923,-0.20088205215795585
37.618809404702354,-0.06969864608719828
37.64382191095548,-0.07044036425202216
37.66883441720861,0.01066059407099526
37.693846923461734,0.08932986869754583
37.718859429714854,0.09049061904928576
37.74387193596798,0.16674485067539585
37.76888444222111,0.20835035655151185
37.793896948474234,0.23587778240121718
37.81890945472736,0.2981518854853647
37.84392196098049,0.3803426798342859
37.868934467233615,0.43520630251174874
37.89394697348674,0.4666412704382952
37.91895947973987,0.47588855570679506
37.943971985992995,0.5570703143763148
37.96898449224612,0.6215387796172158
37.99399699849925,0.6761921841933656
38.019009504752376,0.6869322954749182
38.0440220110055,0.7542889892082602
38.06903451725863,0.7316386280921962
38.094047023511756,0.7826550103582753
38.11905952976488,0.8702936584555112
38.14407203601801,0.8697346696646843
38.169084542271136,0.9186403294392883
38.19409704852426,0.9730133089866132
38.21910955477739,1.0374034500604812
38.24412206103052,1.0921816006065297
38.26913456728364,1.1530825110532918
38.29414707353677,1.146321861235215
38.3191595797899,1.1682935212832335
38.344172086043024,1.2566487324946214
38.36918459229615,1.3384305254880666
38.39419709854928,1.3681240828075953
38.419209604802404,1.3461142158918298
38.44422211105553,1.3646432394416803
38.46923461730866,1.4678366705703971
38.49424712356178,1.4899210557926978
38.519259629814904,1.4874063462396374
38.54427213606803,1.557222530570585
38.56928464232116,1.5597995101825615
38.594297148574285,1.6152153170595838
38.61930965482741,1.6260002867972219
38.64432216108054,1.7033298567190784
38.669334667333665,1.6885086409068626
38.69434717358679,1.7402058130987252
38.71935967983992,1.767686145945789
38.744372186093045,1.7846897463959848
38.76938469234617,1.8298103674358663
38.7943971985993,1.8274133302152216
38.819409704852426,1.8063115864647339
38.84442221110555,1.8514963489817664
38.86943471735868,1.9244827779521747
38.894447223611806,1.9242905599206774
38.91945972986493,1.9055327814616254
38.94447223611806,1.9567080276165045
38.969484742371186,1.979213615175407
38.99449724862431,2.014969979912381
39.01950975487744,1.9821432721537706
39.04452226113057,2.0404219221637105
39.06953476738369,2.051258459657026
39.09454727363682,2.0651792821512
39.11955977988995,2.047170468294385
39.144572286143074,2.0738095060496304
39.1695847923962,2.011353141068458
39.19459729864933,2.021417535103685
39.219609804902454,2.0673564013537304
39.24462231115558,2.0290996695881973
39.26963481740871,2.0986376941482527
39.29464732366183,2.022901230854362
39.319659829914954,2.0875524235254144
39.34467233616808,2.0461471709496903
39.36968484242121,2.0742984886240023
39.394697348674335,2.0451159010137476
39.41970985492746,2.0525379479346095
39.44472236118059,2.0157082671936237
39.469734867433715,1.967869576944323
39.49474737368684,1.97321832861851
39.51975987993997,2.005113521538996
39.544772386193095,1.9632105301464937
39.56978489244622,1.9472115491519335
39.59479739869935,1.9642437313678074
39.619809904952476,1.9473663235928294
39.6448224112056,1.9249346506714784
39.66983491745873,1.8701451378962974
39.694847423711856,1.8362205256733817
39.71985992996498,1.8636721996058794
39.74487243621811,1.8254933758702057
39.769884942471236,1.788006394132269
39.79489744872436,1.7349203846030237
39.81990995497749,1.735972671507128
39.84492246123062,1.7328485338328021
39.86993496748374,1.6744899170790308
39.89494747373687,1.6503833584492353
39.91995997999,1.63374522480652
39.944972486243124,1.653242803465437
39.96998499249625,1.5695671963983877
39.99499749874938,1.5776156665156718
40.020010005002504,1.501973848843208
40.04502251125563,1.4942217367967794
40.07003501750876,1.4349734938027705
40.09504752376188,1.3683140760739112
40.120060030015004,1.411547425433492
40.14507253626813,1.3462965059340515
40.17008504252126,1.2637586080314072
40.195097548774385,1.2220635404810969
40.22011005502751,1.2200204814432722
40.24512256128064,1.2212125847419166
40.270135067533765,1.1556011729012645
40.29514757378689,1.0769020171388815
40.32016008004002,1.0601035144057616
40.345172586293145,1.0409274495735859
40.37018509254627,0.926235045351241
40.3951975987994,0.8743156104289637
40.420210105052526,0.9082285895114579
40.44522261130565,0.7961926963400849
40.47023511755878,0.7339285478286273
40.495247623811906,0.7613266512551204
40.52026013006503,0.6490828346181742
40.54527263631816,0.6127041341596642
40.57028514257129,0.5343148434390605
40.59529764882441,0.5824764090194624
40.62031015507754,0.5285662231096568
40.64532266133067,0.45627661379874407
40.670335167583794,0.40810845011265146
40.69534767383692,0.35830282527596236
40.72036018009005,0.3230953212146154
40.745372686343174,0.271865576433655
40.7703851925963,0.2324507041013555
40.79539769884943,0.16105056636406906
40.820410205102554,0.0882954764294591
40.84542271135568,0.08563903548792194
40.87043521760881,-0.04516581533874426
40.89544772386193,-0.0808262039723359
40.920460230115054,-0.08593480718994599
40.94547273636818,-0.17667237679119285
40.97048524262131,-0.20931794710343277
40.995497748874435,-0.23467532447885
41.02051025512756,-0.354963186179045
41.04552276138069,-0.36874258784873004
41.070535267633815,-0.37224079303936175
41.09554777388694,-0.438774659130592
41.12056028014007,-0.5445260384545425
41.145572786393195,-0.5222742000819325
41.17058529264632,-0.6237495625144361
41.19559779889945,-0.6289990078389861
41.220610305152576,-0.6688850235978093
41.2456228114057,-0.7828737041928022
41.27063531765883,-0.805419286974103
41.295647823911956,-0.802618822438295
41.32066033016508,-0.920907737626224
41.34567283641821,-0.9373723855888476
41.37068534267134,-0.9943150666675401
41.39569784892446,-1.0237378699791007
41.42071035517759,-0.9977535363317178
41.44572286143072,-1.1183029817796621
41.470735367683844,-1.101980996890566
41.49574787393697,-1.1687426221326664
41.5207603801901,-1.2019785331114416
41.545772886443224,-1.2738177731083238
41.57078539269635,-1.2358167029816107
41.59579789894948,-1.2818805653377594
41.620810405202604,-1.3281226605181338
41.64582291145573,-1.3478209848893379
41.67083541770885,-1.432980907437445
41.69584792396198,-1.4287776500389744
41.720860430215104,-1.4874324763514386
41.74587293646823,-1.5579239388835087
41.77088544272136,-1.5923972146715741
41.795897948974485,-1.5972253445936464
41.82091045522761,-1.6428087172603298
41.84592296148074,-1.6566437708627404
41.870935467733865,-1.7036780847557447
41.89594797398699,-1.6532196324369244
41.92096048024012,-1.7491948592148103
41.945972986493246,-1.783139239224534
41.97098549274637,-1.8038338742772264
41.9959979989995,-1.7432952536364676
42.021010505252626,-1.7543453158166493
42.04602301150575,-1.8649840749529323
42.07103551775888,-1.7996105660946387
42.096048024012006,-1.8720023888305775
42.12106053026513,-1.8163714489633227
42.14607303651826,-1.8729684044183657
42.17108554277139,-1.8854655374917253
42.19609804902451,-1.9076865301217112
42.22111055527764,-1.9302189170306892
42.24612306153077,-1.8774729815431306
42.271135567783894,-1.972985235163988
42.29614807403702,-1.9302866143574937
42.32116058029015,-1.966344934499705
42.346173086543274,-1.9076959863286287
42.3711855927964,-1.9215560418797333
42.39619809904953,-1.9326488157542407
42.421210605302655,-1.9478493106472987
42.44622311155578,-1.9217517598632026
42.4712356178089,-1.9509736709472676
42.49624812406203,-1.9590129583188796
42.521260630315155,-1.9293569256165057
42.54627313656828,-1.9070809075922843
42.57128564282141,-1.8907342568772934
42.596298149074535,-1.9346019784504713
42.62131065532766,-1.911229494496281
42.64632316158079,-1.9276169096873699
42.671335667833915,-1.9032425880068202
42.69634817408704,-1.8568004631954231
42.72136068034017,-1.8227424218323214
42.746373186593296,-1.8274645881662492
42.77138569284642,-1.8567991591672917
42.79639819909955,-1.7747231441022717
42.821410705352676,-1.7645416051361213
42.8464232116058,-1.7309973852385714
42.87143571785893,-1.775573883925362
42.896448224112056,-1.7682424909778707
42.92146073036518,-1.7454521270187784
42.94647323661831,-1.6937399030228895
42.97148574287144,-1.5959607842530443
42.99649824912456,-1.602022270497284
43.02151075537769,-1.5840487086431303
43.04652326163082,-1.5307625613988316
43.071535767883944,-1.5192690633393728
43.09654827413707,-1.5330824555634806
43.1215607803902,-1.4423749625151376
43.146573286643324,-1.442488942952186
43.17158579289645,-1.4376687911598263
43.19659829914958,-1.3186854422752814
43.221610805402705,-1.3723604352817673
43.24662331165583,-1.2472170966336025
43.27163581790895,-1.2294224597490644
43.29664832416208,-1.1829545806806938
43.321660830415205,-1.2186169331423495
43.34667333666833,-1.1041785928541095
43.37168584292146,-1.0805447902296559
43.396698349174585,-1.0131062502538752
43.42171085542771,-1.0333052884933553
43.44672336168084,-1.0052650481192342
43.471735867933965,-0.9343783354985606
43.49674837418709,-0.8921503351627112
43.52176088044022,-0.8098702240612323
43.546773386693346,-0.8073086734061984
43.57178589294647,-0.7312960730704793
43.5967983991996,-0.666234769551263
43.621810905452726,-0.681821504346965
43.64682341170585,-0.5725750001416599
43.67183591795898,-0.5784467770137073
43.69684842421211,-0.5532008787623048
43.72186093046523,-0.4422452853694732
43.74687343671836,-0.44203839373265275
43.77188594297149,-0.4035885860706381
43.796898449224614,-0.3395273996963081
43.82191095547774,-0.25524000260322754
43.84692346173087,-0.2361102501624613
43.871935967983994,-0.16511744795028235
43.89694847423712,-0.08940192394671355
43.92196098049025,-0.0749728370833456
43.946973486743374,0.012785291546518529
43.9719859929965,0.01267423720288826
43.99699849924963,0.05981762439095301
44.022011005502755,0.11613357850610571
44.04702351175588,0.1781906414745691
44.072036018009,0.18728471480291
44.09704852426213,0.2773139089711437
44.122061030515255,0.30342621913891726
44.14707353676838,0.39962475386510016
44.17208604302151,0.4645271754693372
44.197098549274635,0.5225428313820746
44.22211105552776,0.5156316091124995
44.24712356178089,0.6001048088138329
44.272136068034015,0.6673908061496535
44.29714857428714,0.6734950639427657
44.32216108054027,0.7270543071074356
44.347173586793396,0.7595778949424459
44.37218609304652,0.8287302848562248
44.39719859929965,0.853570215100805
44.422211105552776,0.8606047017532139
44.4472236118059,0.960933426052476
44.47223611805903,0.9661535457555522
44.49724862431216,1.0326077189992895
44.52226113056528,1.095808796514385
44.54727363681841,1.1536826265165336
44.57228614307154,1.146355625557077
44.597298649324664,1.170034230522719
44.62231115557779,1.269507929600586
44.64732366183092,1.3154759694233513
44.672336168084044,1.2927540177174264
44.69734867433717,1.3401626998619691
44.7223611805903,1.4047609763125803
44.747373686843424,1.454875778980117
44.77238619309655,1.4356336028185248
44.79739869934968,1.5008425874404272
44.822411205602805,1.560917106427231
44.847423711855924,1.610321994621718
44.87243621810905,1.6245896132305593
44.89744872436218,1.6695752068556937
44.922461230615305,1.6773132473909171
44.94747373686843,1.6876363692892427
44.97248624312156,1.6766695984398687
44.997498749374685,1.7044500091302481
45.02251125562781,1.7818849022240806
45.04752376188094,1.815752979999789
45.072536268134066,1.8341250425136495
45.09754877438719,1.8837906220658664
45.12256128064032,1.8646755852135488
45.147573786893446,1.8594066734191557
45.17258629314657,1.9477493503173224
45.1975987993997,1.9593329108457853
45.222611305652826,1.9843048302643727
45.24762381190595,1.9134125371457038
45.27263631815908,1.9669799201802474
45.29764882441221,2.020477980818576
45.32266133066533,2.0086045170395934
45.34767383691846,1.976325806894707
45.37268634317159,2.0494289766011846
45.397698849424714,1.9971977434776313
45.42271135567784,1.9955401264247252
45.44772386193097,1.9973268485955629
45.472736368184094,2.029187018400811
45.49774887443722,2.020942064286154
45.52276138069035,2.0312855544853035
45.547773886943475,2.084417088224205
45.5727863931966,2.036842818863032
45.59779889944973,1.9986361668570363
45.622811405702855,1.9999750697638596
45.647823911955975,2.0806183525631865
45.6728364182091,2.057221760354112
45.69784892446223,1.981918521578919
45.722861430715355,2.0370267574318284
45.74787393696848,2.049856476756284
45.77288644322161,2.01869946364277
45.797898949474735,1.9490669183507985
45.82291145572786,1.9841644942237842
45.84792396198099,1.9964807858569507
45.872936468234116,1.9644018758881878
45.89794897448724,1.9416748885092947
45.92296148074037,1.876277338540524
45.947973986993496,1.8590911079562225
45.97298649324662,1.8660923121698696
45.99799899949975,1.9031362808292893
46.023011505752876,1.833904083829249
46.048024012006,1.8356997560824155
46.07303651825913,1.798749736300117
46.09804902451226,1.7169849928475251
46.12306153076538,1.7823669079923148
46.14807403701851,1.6817253114224775
46.17308654327164,1.7070612384770372
46.198099049524764,1.678292996199139
46.22311155577789,1.6549463902866868
46.24812406203102,1.5468922445099338
46.273136568284144,1.600806527742097
46.29814907453727,1.4822630636454182
46.3231615807904,1.4397289526551567
46.348174087043525,1.4616572966199055
46.37318659329665,1.3811509678453666
46.39819909954978,1.3694873687514297
46.423211605802905,1.3852037515428355
46.448224112056025,1.292966488613626
46.47323661830915,1.2164089159737146
46.49824912456228,1.1774171675707887
46.523261630815405,1.207322675832717
46.54827413706853,1.1128097378535609
46.57328664332166,1.0998786527421203
46.598299149574785,1.0510333674648207
46.62331165582791,0.9996107618361958
46.64832416208104,0.9894769420594074
46.673336668334166,0.9138869916930032
46.69834917458729,0.8282707205294603
46.72336168084042,0.8552652366672917
46.748374187093546,0.7800294498861307
46.77338669334667,0.7221911732576363
46.7983991995998,0.6416572886268149
46.823411705852926,0.6101125386558436
46.84842421210605,0.5475970841375524
46.87343671835918,0.5413722594342074
46.89844922461231,0.5263367920855986
46.923461730865434,0.3990426439566482
46.94847423711856,0.4171431471775935
46.97348674337169,0.3135522524571957
46.998499249624814,0.3419535100347253
47.02351175587794,0.2141991726266811
47.04852426213107,0.17167077969094363
47.073536768384194,0.18779688141811868
47.09854927463732,0.14818872395343707
47.12356178089045,0.08520027885167727
47.148574287143575,0.011774460422967807
47.1735867933967,-0.07591143904175753
47.19859929964983,-0.1247423433998992
47.22361180590295,-0.13087696502809765
47.248624312156075,-0.21010479441816432
47.2736368184092,-0.28733522798971445
47.29864932466233,-0.2541019537457461
47.323661830915455,-0.3816393180021287
47.34867433716858,-0.43709492101913705
47.37368684342171,-0.43310380072246535
47.398699349674835,-0.5345245440697218
47.42371185592796,-0.5868536760101426
47.44872436218109,-0.6243388262372633
47.473736868434216,-0.5922673625691359
47.49874937468734,-0.6391056595059719
47.52376188094047,-0.7633723904541266
47.548774387193596,-0.7642691669269248
47.57378689344672,-0.7868517748005822
47.59879939969985,-0.8381404832198646
47.62381190595298,-0.9327899174162037
47.6488244122061,-0.9952011038158202
47.67383691845923,-0.9815673390150751
47.69884942471236,-1.0701548248992547
47.723861930965484,-1.0675247860077064
47.74887443721861,-1.1320759654511123
47.77388694347174,-1.1194994187645986
47.798899449724864,-1.2248726631124722
47.82391195597799,-1.2519525110919745
47.84892446223112,-1.2871548001739157
47.873936968484244,-1.2835476423276062
47.89894947473737,-1.3744692382833725
47.9239619809905,-1.383600152658427
47.948974487243625,-1.4444209824881178
47.97398699349675,-1.4458113163348962
47.99899949974988,-1.4561852899896781
48.024012006003,-1.5089289974504614
48.049024512256125,-1.5860589037113617
48.07403701850925,-1.552732734764335
48.09904952476238,-1.6176049098170062
48.124062031015505,-1.683101050973007
48.14907453726863,-1.687702557388488
48.17408704352176,-1.6856137438144858
48.199099549774886,-1.7358139496375322
48.22411205602801,-1.686988963826207
48.24912456228114,-1.7065217146559786
48.274137068534266,-1.7607976110236312
48.29914957478739,-1.7582011765136123
48.32416208104052,-1.8527274951521682
48.349174587293646,-1.8400770118703247
48.37418709354677,-1.804254304415696
48.3991995997999,-1.864373516717934
48.42421210605303,-1.8917491398292001
48.44922461230615,-1.857946088351869
48.47423711855928,-1.9226862940682379
48.49924962481241,-1.8807025849493026
48.524262131065534,-1.9390625216468227
48.54927463731866,-1.9094916810520728
48.57428714357179,-1.9202725469124602
48.599299649824914,-1.9279139814080268
48.62431215607804,-1.8996244510279616
48.64932466233117,-1.9259524815121043
48.674337168584294,-1.9896000940071499
48.69934967483742,-1.916439823071937
48.72436218109055,-1.992276892105121
48.749374687343675,-1.9070023081417082
48.7743871935968,-1.9826188116885817
48.79939969984993,-1.9484166462915014
48.82441220610305,-1.9262992859219306
48.849424712356175,-1.9470059250871858
48.8744372186093,-1.9301021594265708
48.89944972486243,-1.9175505230402414
48.924462231115555,-1.8895773553299078
48.94947473736868,-1.9343616942422424
48.97448724362181,-1.8579835705441854
48.999499749874936,-1.8372223706220083
49.02451225612806,-1.8523512499325805
49.04952476238119,-1.870254320275362
49.074537268634316,-1.7731327192580761
49.09954977488744,-1.7435183419391207
49.12456228114057,-1.7458089625104252
49.149574787393696,-1.7112853467727818
49.17458729364682,-1.7374252917361253
49.19959979989995,-1.6936111667695073
49.22461230615308,-1.6317369712964553
49.2496248124062,-1.6346036117529865
49.27463731865933,-1.6716472791056747
49.29964982491246,-1.5754568919706333
49.324662331165584,-1.5823945485234545
49.34967483741871,-1.5525928749859286
49.37468734367184,-1.5098700281978454
49.399699849924964,-1.4838193681879999
49.42471235617809,-1.4583833505580934
49.44972486243122,-1.3643331935264662
49.474737368684345,-1.3707868846288465
49.49974987493747,-1.3758803270694457
49.5247623811906,-1.3366836851765367
49.549774887443725,-1.2557097575111618
49.57478739369685,-1.2347476779496653
49.59979989994998,-1.1713036145947282
49.6248124062031,-1.0975478949128414
49.649824912456225,-1.1046655573068
49.67483741870935,-1.0292842252599483
49.69984992496248,-1.0366991327372144
49.724862431215605,-0.9365604382493514
49.74987493746873,-0.9147473736745504
49.77488744372186,-0.868262869685325
49.799899949974986,-0.8790574460974035
49.82491245622811,-0.8015755831334018
49.84992496248124,-0.73946471728129
49.874937468734366,-0.7106022573458264
49.89994997498749,-0.6811452692307135
49.92496248124062,-0.6176780080525106
49.949974987493746,-0.5834617860516577
49.97498749374687,-0.5320339903359674
50.0,-0.4858530993057314
