x,y
0.0,0.03483733508377062
0.02501250625312656,0.0773433636627214
0.05002501250625312,0.1845267595357733
0.0750375187593797,0.1883122408860072
0.10005002501250625,0.2328725316897036
0.12506253126563283,0.29188774646536136
0.1500750375187594,0.38775477330067154
0.17508754377188596,0.4166170554043348
0.2001000500250125,0.40915265827793473
0.22511255627813906,0.49173003704629475
0.25012506253126565,0.5657427006707753
0.2751375687843922,0.6204945003104899
0.3001500750375188,0.6907532550919326
0.32516258129064535,0.6469868110679007
0.3501750875437719,0.721817617620852
0.3751875937968984,0.8045852404997671
0.400200100050025,0.8461182086542841
0.42521260630315155,0.8909345957656116
0.4502251125562781,0.9592835485443697
0.4752376188094047,0.947333746477
0.5002501250625313,1.0136647310190041
0.5252626313156579,1.0959902933487866
0.5502751375687844,1.145041834907978
0.575287643821911,1.1421829586390284
0.6003001500750376,1.1984379956798223
0.6253126563281641,1.2544412769329907
0.6503251625812907,1.2476864881648555
0.6753376688344173,1.305027568382053
0.7003501750875438,1.3085498133604128
0.7253626813406704,1.4014330303862486
0.7503751875937968,1.4637036576884537
0.7753876938469234,1.429692347134241
0.80040020010005,1.4543422776536639
0.8254127063531765,1.479390996431386
0.8504252126063031,1.5443699170057956
0.8754377188594297,1.6049734899169277
0.9004502251125562,1.5880892616974507
0.9254627313656828,1.661697497254999
0.9504752376188094,1.6973202077504315
0.9754877438719359,1.6865296981747344
1.0005002501250626,1.7697012614468015
1.0255127563781892,1.725744710991364
1.0505252626313157,1.7805947597916458
1.0755377688844423,1.7629990055521279
1.1005502751375689,1.8339449170469944
1.1255627813906954,1.8835800750879197
1.150575287643822,1.8714591675697434
1.1755877938969486,1.9203446209558783
1.2006003001500751,1.883400896083744
1.2256128064032017,1.9727007122030158
1.2506253126563283,1.9623472492668246
1.2756378189094548,1.9602885808175585
1.3006503251625814,2.0189627127846124
1.325662831415708,2.0376429285590483
1.3506753376688345,2.0260258645606197
1.375687843921961,1.9681129703652576
1.4007003501750876,2.012109614269433
1.4257128564282142,1.9971243147023348
1.4507253626813408,2.0057347281742848
1.4757378689344671,2.0081223987933488
1.5007503751875937,2.0720457554539635
1.5257628814407203,2.096827186853357
1.5507753876938468,2.0764138978302116
1.5757878939469734,2.0952518973535526
1.6008004002001,2.0616012668026222
1.6258129064532265,2.084923712556711
1.650825412706353,2.0071885796392563
1.6758379189594796,2.0017866814668275
1.7008504252126062,2.070235278370592
1.7258629314657328,1.986744968903304
1.7508754377188593,2.0640964250445974
1.775887943971986,2.041550241149011
1.8009004502251125,2.017368245253388
1.825912956478239,1.9417336914292296
1.8509254627313656,1.927782300857186
1.8759379689844922,2.0033614368959323
1.9009504752376187,1.9064241670358124
1.9259629814907453,1.8797387164020412
1.9509754877438719,1.9161236327546451
1.9759879939969984,1.8420472726343209
2.001000500250125,1.899526205281238
2.0260130065032516,1.8743032818266103
2.0510255127563783,1.798188565164656
2.0760380190095047,1.8038899344385046
2.1010505252626315,1.801111033629665
2.126063031515758,1.7739576039395675
2.1510755377688846,1.7707912058934812
2.176088044022011,1.648669301560722
2.2011005502751377,1.661830528975759
2.226113056528264,1.5936651528295653
2.251125562781391,1.6222965856217966
2.276138069034517,1.602588713628256
2.301150575287644,1.4921623579484324
2.3261630815407703,1.5283360056173627
2.351175587793897,1.4599867571479566
2.3761880940470235,1.4381563380424827
2.4012006003001503,1.3792747047779959
2.4262131065532766,1.3667126930581959
2.4512256128064034,1.2974083844461235
2.4762381190595297,1.3247266665809585
2.5012506253126565,1.2884364661971996
2.526263131565783,1.2151025094282422
2.5512756378189096,1.1914243383893628
2.576288144072036,1.119031462968453
2.6013006503251628,1.1045800339161942
2.626313156578289,1.0632026170134203
2.651325662831416,1.0393673015418707
2.6763381690845423,0.9581099878263928
2.701350675337669,0.8983743410777976
2.7263631815907954,0.8596042852544008
2.751375687843922,0.7697013322336522
2.7763881940970485,0.7663911555938901
2.8014007003501753,0.6814372199888017
2.8264132066033016,0.6932549866170182
2.8514257128564284,0.6399400451913544
2.8764382191095548,0.5897634593347859
2.9014507253626816,0.48501191871544935
2.926463231615808,0.44833869743331717
2.9514757378689342,0.3886453678422036
2.976488244122061,0.4123156535058987
3.0015007503751874,0.30504611852029634
3.026513256628314,0.2648853987393138
3.0515257628814405,0.24532138152538835
3.0765382691345673,0.14727813988857205
3.1015507753876936,0.08633811749499985
3.1265632816408204,0.09456268484463591
3.1515757878939468,0.034262226256759065
3.1765882941470736,-0.028798891326236878
3.2016008004002,-0.07953884749838286
3.2266133066533267,-0.15217538448716986
3.251625812906453,-0.1595290032732464
3.27663831915958,-0.26351905434159606
3.301650825412706,-0.29412120619497484
3.326663331665833,-0.3469362163229736
3.3516758379189593,-0.3655684779666324
3.376688344172086,-0.37738844274685546
3.4017008504252124,-0.5140410041072753
3.426713356678339,-0.5196457546748601
3.4517258629314655,-0.5352524484659429
3.4767383691845923,-0.5646272962478525
3.5017508754377187,-0.6793533878012756
3.5267633816908455,-0.7291379810896482
3.551775887943972,-0.717065621912389
3.5767883941970986,-0.8239675065660633
3.601800900450225,-0.8153740260971559
3.6268134067033517,-0.8417019653222423
3.651825912956478,-0.9170311728295522
3.676838419209605,-0.9694869305744308
3.701850925462731,-1.0554193416064832
3.726863431715858,-1.0199529777723846
3.7518759379689843,-1.0786899872799929
3.776888444222111,-1.1468874809319225
3.8019009504752375,-1.1436489827621694
3.8269134567283642,-1.2361114053139775
3.8519259629814906,-1.2762429527168002
3.8769384692346174,-1.3390545427794303
3.9019509754877437,-1.314006404279524
3.9269634817408705,-1.3318531624405054
3.951975987993997,-1.4218908200654472
3.9769884942471236,-1.4808447962977829
4.00200100050025,-1.5093577150091297
4.027013506753376,-1.458234858677608
4.052026013006503,-1.547830853636402
4.07703851925963,-1.5392746900028447
4.102051025512757,-1.5919374257812078
4.127063531765883,-1.6395380841922926
4.152076038019009,-1.6746461371540375
4.177088544272136,-1.6814116442548532
4.202101050525263,-1.6659279321861857
4.227113556778389,-1.7681310650835438
4.252126063031516,-1.7817106118685648
4.277138569284642,-1.74055625848352
4.302151075537769,-1.7364156700736442
4.327163581790895,-1.8368423100877216
4.352176088044022,-1.7840046938783098
4.377188594297149,-1.8106564443535837
4.4022011005502755,-1.8883208004854808
4.427213606803401,-1.8597726377320691
4.452226113056528,-1.8946478630603323
4.477238619309655,-1.8859467254818385
4.502251125562782,-1.9212353234400135
4.527263631815908,-1.9320424991215188
4.552276138069034,-1.9159850939909269
4.577288644322161,-1.9084935388401039
4.602301150575288,-1.9714945999625848
4.627313656828414,-1.9312701033837785
4.652326163081541,-1.9465800357131346
4.6773386693346675,-1.9859059283766507
4.702351175587794,-1.9989822767307395
4.72736368184092,-1.9815655535378836
4.752376188094047,-1.9307364471984494
4.777388694347174,-1.9269606021274328
4.8024012006003005,-1.9697817870088334
4.827413706853426,-1.895047872267524
4.852426213106553,-1.8906222052772235
4.87743871935968,-1.9126297012896627
4.902451225612807,-1.958272685508927
4.927463731865933,-1.9197780333541912
4.9524762381190595,-1.936293805706899
4.977488744372186,-1.9298430302364258
5.002501250625313,-1.8732968264843908
5.027513756878439,-1.8710919688109264
5.052526263131566,-1.8562748765478123
5.0775387693846925,-1.7922660324205817
5.102551275637819,-1.802856007758436
5.127563781890945,-1.7557888826493964
5.152576288144072,-1.769657572690369
5.177588794397199,-1.7344148360015574
5.2026013006503256,-1.7080438361656567
5.2276138069034515,-1.7125827147149517
5.252626313156578,-1.6301758880369241
5.277638819409705,-1.621711163584246
5.302651325662832,-1.6189291833438633
5.327663831915958,-1.6070865425755247
5.3526763381690845,-1.603813542716479
5.377688844422211,-1.5044401363748636
5.402701350675338,-1.4695857388511777
5.427713856928464,-1.4153266779059088
5.452726363181591,-1.4691017075184478
5.4777388694347176,-1.35875543001327
5.502751375687844,-1.327572596190153
5.52776388194097,-1.3690437311893158
5.552776388194097,-1.317413145331413
5.577788894447224,-1.2071235005127325
5.602801400700351,-1.1716966238056186
5.6278139069534765,-1.206651142205981
5.652826413206603,-1.1255292260027976
5.67783891945973,-1.1330011577772159
5.702851425712857,-1.0866988375279911
5.727863931965983,-1.0506404435957293
5.7528764382191095,-0.9484800488196822
5.777888944472236,-0.8891294889011943
5.802901450725363,-0.8972053924585071
5.827913956978489,-0.8005205490436837
5.852926463231616,-0.7779891200224966
5.877938969484743,-0.7778365384339875
5.9029514757378685,-0.7289679363624821
5.927963981990995,-0.6093257537446326
5.952976488244122,-0.566519912047992
5.977988994497249,-0.531431400099931
6.003001500750375,-0.5044732428175557
6.0280140070035015,-0.4904631719700672
6.053026513256628,-0.4485417461518071
6.078039019509755,-0.3889501478097962
6.103051525762881,-0.27149490383255814
6.128064032016008,-0.2484687878215222
6.153076538269135,-0.21399110003885505
6.178089044522261,-0.1748320605190224
6.203101550775387,-0.09608252446824478
6.228114057028514,-0.08552986878638694
6.253126563281641,-0.027833550733904137
6.278139069534768,0.08862560300343035
6.3031515757878935,0.046911792218217424
6.32816408204102,0.15047687290958134
6.353176588294147,0.2192351756306797
6.378189094547274,0.2876973853480904
6.4032016008004,0.2800278007774495
6.428214107053527,0.35331672959352445
6.453226613306653,0.3856019931218058
6.47823911955978,0.4327155706939503
6.503251625812906,0.44439231858731965
6.528264132066033,0.4926155929828064
6.55327663831916,0.544750585469869
6.578289144572286,0.6457529918414645
6.603301650825412,0.6698637545526358
6.628314157078539,0.7153969616688555
6.653326663331666,0.8099471152031285
6.678339169584793,0.8468342277910155
6.703351675837919,0.833658950969645
6.728364182091045,0.8818036135555058
6.753376688344172,0.9616234698932719
6.778389194597299,1.0005754061934418
6.803401700850425,1.0662957378082387
6.828414207103552,1.1311844895763552
6.853426713356678,1.1196084485551052
6.878439219609805,1.15833771366523
6.903451725862931,1.2435869814933658
6.928464232116058,1.2555859013230628
6.953476738369185,1.2524623610638543
6.9784892446223115,1.368758249596968
7.003501750875437,1.4037259210309656
7.028514257128564,1.4253530607923863
7.053526763381691,1.4222623222605828
7.078539269634818,1.4689746945737259
7.103551775887944,1.489807781090614
7.12856428214107,1.5690891266686504
7.153576788394197,1.5478918140640483
7.178589294647324,1.587141173494244
7.20360180090045,1.685198914837969
7.228614307153577,1.674035312302689
7.2536268134067035,1.6879816240541399
7.27863931965983,1.7607969653416036
7.303651825912956,1.743162654937412
7.328664332166083,1.7677067061033827
7.35367683841921,1.8060056160424474
7.3786893446723365,1.8076653741698205
7.403701850925462,1.832700655057186
7.428714357178589,1.8233217994079318
7.453726863431716,1.8903093593314249
7.478739369684843,1.9506574979296205
7.503751875937969,1.9217364632907712
7.5287643821910955,1.9164077501790044
7.553776888444222,1.9461627850613208
7.578789394697349,2.011726835384018
7.603801900950475,1.9526021172852248
7.628814407203602,1.9979715974295398
7.6538269134567285,2.0321546442790885
7.678839419709855,2.0609926993720618
7.703851925962981,2.053273115018516
7.728864432216108,2.0544801819921488
7.753876938469235,2.0707852647315126
7.7788894447223615,2.0937258384460975
7.8039019509754874,2.061827462764808
7.828914457228614,2.0593204871411013
7.853926963481741,2.0464919737221727
7.878939469734868,2.074487221571586
7.903951975987994,2.080397494355521
7.9289644822411205,2.0419901167203847
7.953976988494247,2.018352870800227
7.978989494747374,2.004087032680271
8.0040020010005,2.059015647711509
8.029014507253628,2.028527546170899
8.054027013506753,1.9862749049065322
8.07903951975988,1.9821037151983238
8.104052026013006,2.0251830585976727
8.129064532266133,2.0084184334956383
8.15407703851926,2.0018718275055423
8.179089544772387,1.993013052381174
8.204102051025513,1.889209326701707
8.22911455727864,1.8620053172147477
8.254127063531765,1.8892172196528167
8.279139569784892,1.8926257189180553
8.304152076038019,1.836328572531182
8.329164582291146,1.8007026135509918
8.354177088544272,1.8402034334811743
8.379189594797399,1.8014829249627815
8.404202101050526,1.732229810911211
8.429214607303653,1.704216940458516
8.454227113556778,1.678938420192384
8.479239619809904,1.7063807956449009
8.504252126063031,1.6804325570869822
8.529264632316158,1.5926955582671194
8.554277138569285,1.6212014257761553
8.579289644822412,1.566526012738833
8.604302151075538,1.489815939812587
8.629314657328665,1.4835068646321703
8.65432716358179,1.3945743273778477
8.679339669834917,1.3741788348735944
8.704352176088044,1.3506942409815996
8.72936468234117,1.3187818958985862
8.754377188594297,1.310929447422203
8.779389694847424,1.2133931758730236
8.804402201100551,1.1912515713492604
8.829414707353676,1.1840766831246812
8.854427213606803,1.178377386107715
8.87943971985993,1.0953275508723874
8.904452226113056,1.0593454056898706
8.929464732366183,1.042582434498418
8.95447723861931,0.958247284225275
8.979489744872437,0.8645550878509212
9.004502251125563,0.8205680699772651
9.029514757378688,0.799160178592535
9.054527263631815,0.7603667873638489
9.079539769884942,0.6976478228278707
9.104552276138069,0.7247596274314804
9.129564782391196,0.5923015545654977
9.154577288644322,0.6064723658816983
9.17958979489745,0.5120765509694208
9.204602301150576,0.4982469728876316
9.229614807403701,0.4426929054234326
9.254627313656828,0.34123840622326423
9.279639819909955,0.33963452912319303
9.304652326163081,0.3321568336949533
9.329664832416208,0.27785769019770634
9.354677338669335,0.17629061454702938
9.379689844922462,0.16864829554529692
9.404702351175589,0.05513666781567108
9.429714857428714,0.05017538587330016
9.45472736368184,0.013648301710204487
9.479739869934967,-0.10321415426644638
9.504752376188094,-0.06843058223463365
9.52976488244122,-0.20927975422443768
9.554777388694347,-0.24685791520590294
9.579789894947474,-0.2798410580595869
9.604802401200601,-0.3568257601373446
9.629814907453726,-0.31472307995209536
9.654827413706853,-0.42899012744314474
9.67983991995998,-0.4943964977257746
9.704852426213106,-0.4871778584349889
9.729864932466233,-0.5790333519642916
9.75487743871936,-0.6000474588236686
9.779889944972487,-0.6325653936641659
9.804902451225614,-0.7350424483312044
9.829914957478739,-0.7070186201803415
9.854927463731865,-0.808401436533425
9.879939969984992,-0.8765194975531331
9.904952476238119,-0.8536788990960308
9.929964982491246,-0.9481536037985518
9.954977488744372,-0.9562816826221521
9.9799899949975,-1.0018481779343407
10.005002501250626,-1.0610373644146345
10.030015007503751,-1.0450478520019792
10.055027513756878,-1.1196545000647902
10.080040020010005,-1.1478822445493895
10.105052526263131,-1.1849050918389126
10.130065032516258,-1.2835941925091994
10.155077538769385,-1.2429549284780175
10.180090045022512,-1.2810095067791416
10.205102551275639,-1.337437501948482
10.230115057528764,-1.4276243643814572
10.25512756378189,-1.4221582635726815
10.280140070035017,-1.4785931524268334
10.305152576288144,-1.4487076057742714
10.33016508254127,-1.4761366697262146
10.355177588794398,-1.5936179338102958
10.380190095047524,-1.5820369039880673
10.405202601300651,-1.6475629674149899
10.430215107553776,-1.6059127041893033
10.455227613806903,-1.6424807025092363
10.48024012006003,-1.6735253164676627
10.505252626313156,-1.713196958378108
10.530265132566283,-1.6890493104919997
10.55527763881941,-1.7560837733743262
10.580290145072537,-1.791752534567335
10.605302651325664,-1.762811592254882
10.630315157578789,-1.793033447862947
10.655327663831915,-1.8355448336315996
10.680340170085042,-1.8803800583895471
10.705352676338169,-1.9072371457758819
10.730365182591296,-1.895911700288615
10.755377688844423,-1.927569521822962
10.78039019509755,-1.874751829101346
10.805402701350676,-1.9378296101897956
10.830415207603801,-1.9337436330967281
10.855427713856928,-1.9204787201268694
10.880440220110055,-1.8983966134526769
10.905452726363182,-1.930831773345401
10.930465232616308,-1.9009357473400712
10.955477738869435,-1.9600745711320402
10.980490245122562,-1.977147302598223
11.005502751375689,-1.9795771149839978
11.030515257628814,-1.9224381864620077
11.05552776388194,-1.9920145487603678
11.080540270135067,-1.98819628626137
11.105552776388194,-1.890390683341072
11.13056528264132,-1.9388910318076307
11.155577788894448,-1.9245841265861787
11.180590295147574,-1.9436370212396916
11.205602801400701,-1.9348223823434136
11.230615307653826,-1.8529244921491008
11.255627813906953,-1.931134853901006
11.28064032016008,-1.896284426076333
11.305652826413207,-1.8684010587989408
11.330665332666333,-1.8769600424619557
11.35567783891946,-1.863479411832763
11.380690345172587,-1.851085827571924
11.405702851425714,-1.7991661967042065
11.430715357678839,-1.7554728753872066
11.455727863931966,-1.7157006856875945
11.480740370185092,-1.6740988122098919
11.505752876438219,-1.6677121690021819
11.530765382691346,-1.6437497293186227
11.555777888944473,-1.6743673374625359
11.5807903951976,-1.597821863959767
11.605802901450726,-1.6330046072421804
11.630815407703851,-1.5960418831639747
11.655827913956978,-1.494641115950612
11.680840420210105,-1.457711356421389
11.705852926463232,-1.4195966296715001
11.730865432716358,-1.4280841539578162
11.755877938969485,-1.4065616850656066
11.780890445222612,-1.3972280767583538
11.805902951475737,-1.331397328490453
11.830915457728864,-1.3120737148458081
11.85592796398199,-1.2142523642887408
11.880940470235117,-1.2603974882260012
11.905952976488244,-1.2106465996551077
11.930965482741371,-1.1505543154583655
11.955977988994498,-1.1026927756463105
11.980990495247624,-1.0064133081612507
12.00600300150075,-1.008971832517031
12.031015507753876,-0.9950770921686494
12.056028014007003,-0.9574234417983558
12.08104052026013,-0.9021819874460241
12.106053026513257,-0.823835780452931
12.131065532766383,-0.7964744967958374
12.15607803901951,-0.7488032064215209
12.181090545272637,-0.6923187252299475
12.206103051525762,-0.7037817276408779
12.231115557778889,-0.5667748690047223
12.256128064032016,-0.5716026650880984
12.281140570285142,-0.5616558665576625
12.30615307653827,-0.4172046966084657
12.331165582791396,-0.4461300805803118
12.356178089044523,-0.3505579201017668
12.38119059529765,-0.3141482975922875
12.406203101550775,-0.23145069258379547
12.431215607803901,-0.18310318946520882
12.456228114057028,-0.16470380949421803
12.481240620310155,-0.1670658045977462
12.506253126563282,-0.0702333417057117
12.531265632816408,-0.05498356861881233
12.556278139069535,0.02109598957759926
12.581290645322662,0.12047595097495867
12.606303151575787,0.17061255241135637
12.631315657828914,0.19206689014747375
12.65632816408204,0.24883127444965802
12.681340670335167,0.2636961575501677
12.706353176588294,0.28154727516095873
12.731365682841421,0.3487051977124197
12.756378189094548,0.4360466898863413
12.781390695347675,0.5096225865290568
12.8064032016008,0.5306371524425126
12.831415707853926,0.5782940123016448
12.856428214107053,0.5854291059815898
12.88144072036018,0.6649442879339995
12.906453226613307,0.6946826448021591
12.931465732866434,0.7852966123428532
12.95647823911956,0.7949052469359023
12.981490745372687,0.8238640569014266
13.006503251625812,0.9182290909504937
13.031515757878939,0.9463276423986217
13.056528264132066,1.019156249402134
13.081540770385192,0.9994986858935622
13.10655327663832,1.1035177081009773
13.131565782891446,1.1531158468438791
13.156578289144573,1.1167135249912887
13.1815907953977,1.2134185912917501
13.206603301650825,1.2060910590795302
13.231615807903951,1.2815474023031306
13.256628314157078,1.3051204762777393
13.281640820410205,1.3913401807623216
13.306653326663332,1.3818097114863557
13.331665832916459,1.4007503254064375
13.356678339169585,1.483036293765267
13.381690845422712,1.5549212661191527
13.406703351675837,1.4905819471458055
13.431715857928964,1.6200846901452095
13.45672836418209,1.64359656360168
13.481740870435218,1.6243766668888069
13.506753376688344,1.672373961645895
13.531765882941471,1.7220502772620478
13.556778389194598,1.6944539224761772
13.581790895447725,1.7299528095343903
13.60680340170085,1.8209869114611683
13.631815907953976,1.7510748611298648
13.656828414207103,1.8605283947139093
13.68184092046023,1.835716660627957
13.706853426713357,1.8870447500885494
13.731865932966484,1.9163952747711175
13.75687843921961,1.8852915445062453
13.781890945472737,1.948063707541017
13.806903451725862,1.9249313742507808
13.831915957978989,1.9162631597378912
13.856928464232116,2.0172117111174814
13.881940970485243,2.0312701340932255
13.90695347673837,2.0294185620530176
13.931965982991496,2.002946472812413
13.956978489244623,2.027599672247601
13.98199099549775,1.9965299092065756
14.007003501750875,2.0607221094281942
14.032016008004002,2.007221538692998
14.057028514257128,2.078874658952619
14.082041020510255,2.0434816529803297
14.107053526763382,2.0390527740058575
14.132066033016509,2.0687657045878014
14.157078539269635,2.092101124149331
14.182091045522762,2.018764109490903
14.207103551775887,2.053142020753885
14.232116058029014,2.061104773595918
14.25712856428214,1.9987220719176384
14.282141070535268,2.060614325333992
14.307153576788394,2.006364032138593
14.332166083041521,2.019178738319965
14.357178589294648,1.9826064320207517
14.382191095547775,2.0193523104642694
14.4072036018009,1.9836427684299958
14.432216108054027,1.9376766015139693
14.457228614307153,1.9180730980123397
14.48224112056028,1.9008814478691125
14.507253626813407,1.9197333887743726
14.532266133066534,1.87604058991838
14.55727863931966,1.9247085547514258
14.582291145572787,1.8646741042926502
14.607303651825912,1.8015723180113263
14.632316158079039,1.8025409257783989
14.657328664332166,1.7977545597026714
14.682341170585293,1.7377333108522612
14.70735367683842,1.728700289243694
14.732366183091546,1.709573565097837
14.757378689344673,1.7082686555816542
14.782391195597798,1.6835088601824977
14.807403701850925,1.579836022028683
14.832416208104052,1.6120799593368744
14.857428714357178,1.5289726192314061
14.882441220610305,1.552354297029339
14.907453726863432,1.4508051896706375
14.932466233116559,1.4551983216945041
14.957478739369686,1.437548751766976
14.98249124562281,1.379713968268208
15.007503751875937,1.3209449980133052
15.032516258129064,1.3133798355617796
15.057528764382191,1.2726648874764048
15.082541270635318,1.266377557900238
15.107553776888444,1.1590783006623218
15.132566283141571,1.1478318265993908
15.157578789394698,1.1139807757846685
15.182591295647823,1.0699908409475527
15.20760380190095,1.0594406950100062
15.232616308154077,0.9356541569420734
15.257628814407203,0.9593950347049998
15.28264132066033,0.8853871418182567
15.307653826913457,0.8223507746275085
15.332666333166584,0.7817433301968691
15.35767883941971,0.7435565619576808
15.382691345672836,0.7329493412627182
15.407703851925962,0.6102088056045958
15.43271635817909,0.5993150869396587
15.457728864432216,0.5100824123112585
15.482741370685343,0.524174942253628
15.50775387693847,0.42622398165649167
15.532766383191596,0.3913886874585564
15.557778889444723,0.33542587350086067
15.582791395697848,0.2991535152824035
15.607803901950975,0.25423812272597346
15.632816408204102,0.17906376524821094
15.657828914457228,0.12615653397643836
15.682841420710355,0.09306277596728033
15.707853926963482,0.087578989759429
15.732866433216609,0.04870309949991324
15.757878939469736,-0.021917924308224895
15.78289144572286,-0.13234596328366863
15.807903951975987,-0.10827576944301363
15.832916458229114,-0.21582140380781617
15.857928964482241,-0.2568149069773632
15.882941470735368,-0.3222593784489113
15.907953976988495,-0.3646008117241679
15.932966483241621,-0.4306027764339884
15.957978989494748,-0.4345235572452341
15.982991495747873,-0.4653542970333696
16.008004002001,-0.5229065926838876
16.03301650825413,-0.5416308569820792
16.058029014507255,-0.6469331046219591
16.08304152076038,-0.6344678934992267
16.108054027013505,-0.7581743942470023
16.133066533266632,-0.7577579748242457
16.15807903951976,-0.866687103082088
16.183091545772886,-0.8969744222688383
16.208104052026012,-0.9519132781812882
16.23311655827914,-0.9454295209314961
16.258129064532266,-0.9870246983457602
16.283141570785393,-1.0555912658562487
16.30815407703852,-1.102317395108184
16.333166583291646,-1.0943956615189454
16.358179089544773,-1.1674387192969347
16.3831915957979,-1.228007691255548
16.408204102051027,-1.2760530032328485
16.433216608304154,-1.2846647803009827
16.45822911455728,-1.3398350236800756
16.483241620810404,-1.3548281254191619
16.50825412706353,-1.3784626549989691
16.533266633316657,-1.4345085061644756
16.558279139569784,-1.4293119370902763
16.58329164582291,-1.5180931626555279
16.608304152076037,-1.4745941802154743
16.633316658329164,-1.5161041088418525
16.65832916458229,-1.555974364788673
16.683341670835418,-1.6085818023132827
16.708354177088545,-1.5887715201760884
16.73336668334167,-1.703047753182377
16.758379189594798,-1.7149426937344643
16.783391695847925,-1.7194795758142651
16.808404202101052,-1.688000673182211
16.83341670835418,-1.7715328695126786
16.858429214607305,-1.7340446674373344
16.88344172086043,-1.8018047478337578
16.908454227113555,-1.8055756683518007
16.933466733366682,-1.8032712202565757
16.95847923961981,-1.843383480578766
16.983491745872936,-1.8747314976557772
17.008504252126063,-1.9070695838367082
17.03351675837919,-1.8616918028476397
17.058529264632316,-1.861004102133482
17.083541770885443,-1.8890755743930772
17.10855427713857,-1.9211475194858965
17.133566783391696,-1.9320283016428956
17.158579289644823,-1.9379699320155108
17.18359179589795,-1.9576833593997034
17.208604302151077,-1.9114828429144706
17.233616808404204,-1.9109636147723494
17.25862931465733,-1.9781258355498281
17.283641820910454,-1.9451384095475495
17.30865432716358,-1.910325130145406
17.333666833416707,-1.965649277829725
17.358679339669834,-1.9558100558071554
17.38369184592296,-1.918424278065898
17.408704352176088,-1.8901253664900086
17.433716858429214,-1.968216730519429
17.45872936468234,-1.8712913889384746
17.483741870935468,-1.936152759542899
17.508754377188595,-1.931096309916659
17.53376688344172,-1.8914386150668907
17.55877938969485,-1.8225644308741118
17.583791895947975,-1.80787326418288
17.608804402201102,-1.8166793692950727
17.63381690845423,-1.8478298485836842
17.658829414707352,-1.850527922208145
17.68384192096048,-1.738215907624292
17.708854427213605,-1.7747236618842404
17.733866933466732,-1.7338047827404877
17.75887943971986,-1.7330892703415575
17.783891945972986,-1.7012975629724572
17.808904452226113,-1.6290017250694668
17.83391695847924,-1.688065571626925
17.858929464732366,-1.627478476977317
17.883941970985493,-1.5639016820239966
17.90895447723862,-1.5364166257775587
17.933966983491747,-1.493401338044862
17.958979489744873,-1.4739133484599647
17.983991995998,-1.4986504744594535
18.009004502251127,-1.398501102765987
18.034017008504254,-1.4307888741006356
18.059029514757377,-1.414157220042831
18.084042021010504,-1.3253647747971902
18.10905452726363,-1.3054807458018507
18.134067033516757,-1.2217729308594105
18.159079539769884,-1.208351528765085
18.18409204602301,-1.1516962093053067
18.209104552276138,-1.1206618557909347
18.234117058529264,-1.1100108415040852
18.25912956478239,-1.088406332292317
18.284142071035518,-1.0058828603633052
18.309154577288645,-0.9435885702065601
18.33416708354177,-0.937733385796782
18.3591795897949,-0.9139066948735551
18.384192096048025,-0.8213184346477864
18.409204602301152,-0.7657291011507219
18.43421710855428,-0.7961871978904931
18.459229614807402,-0.755514116226824
18.48424212106053,-0.6561936262808375
18.509254627313656,-0.6391234904408513
18.534267133566782,-0.529147266543085
18.55927963981991,-0.4844005762526667
18.584292146073036,-0.4918429694822682
18.609304652326163,-0.44348111831694675
18.63431715857929,-0.4099420313056451
18.659329664832416,-0.3709028713467623
18.684342171085543,-0.32385458905145925
18.70935467733867,-0.2141724427546069
18.734367183591797,-0.21630839908838595
18.759379689844923,-0.12533247933415517
18.78439219609805,-0.059220404847704314
18.809404702351177,-0.038379699007562156
18.834417208604304,0.04956275560982276
18.859429714857427,0.11416578895244794
18.884442221110554,0.16802005072906082
18.90945472736368,0.16479450533938972
18.934467233616807,0.19530840588353177
18.959479739869934,0.24205214293809102
18.98449224612306,0.3219106318752462
19.009504752376188,0.40968000069057614
19.034517258629315,0.42501015988458735
19.05952976488244,0.43896279710275815
19.084542271135568,0.5461006279547561
19.109554777388695,0.5577101830117667
19.13456728364182,0.6154198683005714
19.15957978989495,0.6390177046391893
19.184592296148075,0.7464804037844818
19.209604802401202,0.7373247904537065
19.23461730865433,0.7713882557905171
19.259629814907452,0.8389890867799867
19.28464232116058,0.8534351597077097
19.309654827413706,0.8919985293778114
19.334667333666832,0.9974069960937255
19.35967983991996,1.0612470056054264
19.384692346173086,1.1180103192112514
19.409704852426213,1.1458043729816207
19.43471735867934,1.157153314985393
19.459729864932466,1.2138794692918995
19.484742371185593,1.2436685824727824
19.50975487743872,1.2451725288282502
19.534767383691847,1.344890145517065
19.559779889944974,1.3455091891246724
19.5847923961981,1.4153612921027474
19.609804902451227,1.4005790661597957
19.634817408704354,1.4543403277180424
19.659829914957477,1.5223794729090607
19.684842421210604,1.4899499221642565
19.70985492746373,1.5187159640444248
19.734867433716857,1.5667035645594025
19.759879939969984,1.6708318546776355
19.78489244622311,1.6501116680737165
19.809904952476238,1.7204947628656475
19.834917458729365,1.7291009628348961
19.85992996498249,1.7405298218622018
19.884942471235618,1.8036014899178636
19.909954977488745,1.8432332112624596
19.93496748374187,1.8113832450267506
19.959979989995,1.8283279509536545
19.984992496248125,1.8349287331065018
20.010005002501252,1.8740642034142407
20.03501750875438,1.8850007052124331
20.060030015007502,1.9022305764715743
20.08504252126063,1.9304292053272636
20.110055027513756,1.9597527089854865
20.135067533766883,1.9445823404095346
20.16008004002001,1.961643729892867
20.185092546273136,1.991947032967488
20.210105052526263,1.9896521221945032
20.23511755877939,2.033974988115816
20.260130065032516,2.0164954286573016
20.285142571285643,1.9923732715617155
20.31015507753877,2.012542785875007
20.335167583791897,2.0596051464558083
20.360180090045024,2.024331934906314
20.38519259629815,2.042210924089425
20.410205102551277,2.054156295452444
20.435217608804404,2.0373127229702566
20.460230115057527,2.0283680348543522
20.485242621310654,2.069794101763535
20.51025512756378,2.0655236779546637
20.535267633816908,1.9948286219593208
20.560280140070034,2.031625564222816
20.58529264632316,2.0143881155885266
20.610305152576288,2.0252136832932504
20.635317658829415,1.993134866342907
20.66033016508254,2.0366847522002804
20.68534267133567,1.979640209325035
20.710355177588795,2.0021013204312057
20.735367683841922,2.000059159533336
20.76038019009505,1.954516937944645
20.785392696348175,1.9375835078699704
20.810405202601302,1.9479131124956053
20.835417708854425,1.8693894013764316
20.860430215107552,1.8911101152321026
20.88544272136068,1.7971803517682432
20.910455227613806,1.8220908884529765
20.935467733866933,1.8172401041112096
20.96048024012006,1.7783369731386598
20.985492746373186,1.7259010770129923
21.010505252626313,1.6875640095728195
21.03551775887944,1.683662774371464
21.060530265132567,1.6915444541634528
21.085542771385693,1.6333906548300712
21.11055527763882,1.6091485815404316
21.135567783891947,1.5264844849987356
21.160580290145074,1.478439855264273
21.1855927963982,1.5041269464897051
21.210605302651327,1.4937722570205065
21.23561780890445,1.404939590660661
21.260630315157577,1.3443556683146722
21.285642821410704,1.3656350173155916
21.31065532766383,1.3520192507422362
21.335667833916958,1.2560204441006242
21.360680340170084,1.2649576576621777
21.38569284642321,1.182179615484306
21.410705352676338,1.1055057375522357
21.435717858929465,1.0628829209375652
21.46073036518259,1.1029690983353986
21.48574287143572,1.0612808039545893
21.510755377688845,1.0081671397667336
21.535767883941972,0.9535129356171832
21.5607803901951,0.9335631208803393
21.585792896448226,0.8313026133211399
21.610805402701352,0.8322348215810376
21.635817908954476,0.7087039067397588
21.660830415207602,0.7269355669340006
21.68584292146073,0.6585238809807816
21.710855427713856,0.5541494768730421
21.735867933966983,0.5729274438299647
21.76088044022011,0.5199222893706342
21.785892946473236,0.4932543987790754
21.810905452726363,0.37232224758396226
21.83591795897949,0.33104567137525254
21.860930465232617,0.3474930607262622
21.885942971485743,0.27927665220081255
21.91095547773887,0.20176565131432597
21.935967983991997,0.1744206781402955
21.960980490245124,0.06237363265563022
21.98599299649825,0.08984232908501877
22.011005502751377,0.030293932017690255
22.0360180090045,-0.08150864649256638
22.061030515257627,-0.04263703362503088
22.086043021510754,-0.13290962907156886
22.11105552776388,-0.1704607802210349
22.136068034017008,-0.196787902361898
22.161080540270135,-0.27262346936535264
22.18609304652326,-0.37626534663905525
22.211105552776388,-0.4240139229540828
22.236118059029515,-0.4072497119473305
22.26113056528264,-0.4623431025108908
22.28614307153577,-0.5395845518155464
22.311155577788895,-0.6009831578593245
22.336168084042022,-0.6137743445718944
22.36118059029515,-0.6252751963624537
22.386193096548276,-0.7636977914668899
22.411205602801402,-0.795151951702166
22.436218109054526,-0.7851387268159247
22.461230615307652,-0.8599075042719706
22.48624312156078,-0.8704990422305566
22.511255627813906,-0.9782068455188799
22.536268134067033,-0.955275724062893
22.56128064032016,-0.9905337108066979
22.586293146573286,-1.0225944541363863
22.611305652826413,-1.1391309893561594
22.63631815907954,-1.183749064903598
22.661330665332667,-1.1891122275562878
22.686343171585793,-1.2228435439678411
22.71135567783892,-1.2805948204190811
22.736368184092047,-1.2933728502863824
22.761380690345174,-1.3332739816598629
22.7863931965983,-1.4096072922748297
22.811405702851427,-1.4046391709845347
22.83641820910455,-1.4507402810939092
22.861430715357677,-1.4784003856901826
22.886443221610804,-1.515640088940139
22.91145572786393,-1.5820180324487745
22.936468234117058,-1.5595599022721287
22.961480740370185,-1.64327616356026
22.98649324662331,-1.5911114019948758
23.011505752876438,-1.7004939667195118
23.036518259129565,-1.6470929586231442
23.06153076538269,-1.723376819952634
23.08654327163582,-1.770195136255593
23.111555777888945,-1.7601550176189273
23.136568284142072,-1.7670419901962644
23.1615807903952,-1.8227745453980118
23.186593296648326,-1.770477722836119
23.211605802901452,-1.8088989394352093
23.236618309154576,-1.8104595089379336
23.261630815407702,-1.8931902548893247
23.28664332166083,-1.9102068053816261
23.311655827913956,-1.8810767444114438
23.336668334167083,-1.9044926433693372
23.36168084042021,-1.887587896744874
23.386693346673336,-1.945185648013871
23.411705852926463,-1.9303720215770677
23.43671835917959,-1.9792623134247678
23.461730865432717,-1.9092316139792513
23.486743371685844,-1.937221046771383
23.51175587793897,-1.9091828210754684
23.536768384192097,-1.9122086672432197
23.561780890445224,-1.9869623212704832
23.58679339669835,-1.928188223889717
23.611805902951474,-1.963749376861298
23.6368184092046,-1.9111339451409757
23.661830915457728,-1.910773903058966
23.686843421710854,-1.894333446704645
23.71185592796398,-1.9032142422837328
23.736868434217108,-1.8985591638319754
23.761880940470235,-1.9429161324294142
23.78689344672336,-1.9162492608933492
23.81190595297649,-1.9330067614566282
23.836918459229615,-1.8465422872080826
23.861930965482742,-1.8415322610991596
23.88694347173587,-1.8314004121309018
23.911955977988995,-1.8464872784055422
23.936968484242122,-1.8298950924443866
23.96198099049525,-1.8056873149755355
23.986993496748376,-1.7245145410421703
24.0120060030015,-1.7126172125501515
24.037018509254626,-1.678714439935607
24.062031015507753,-1.6568692595755399
24.08704352176088,-1.6886326578964381
24.112056028014006,-1.6993965659884371
24.137068534267133,-1.6738206821263402
24.16208104052026,-1.5720922263751238
24.187093546773387,-1.5895543796190306
24.212106053026513,-1.543830876015309
24.23711855927964,-1.5105587741035578
24.262131065532767,-1.528192668164631
24.287143571785894,-1.4510893227015016
24.31215607803902,-1.3926406823951367
24.337168584292147,-1.378452768270303
24.362181090545274,-1.3385277544152383
24.3871935967984,-1.3430283959288147
24.412206103051524,-1.2750181704496142
24.43721860930465,-1.2426516806808845
24.462231115557778,-1.1745871613574574
24.487243621810904,-1.167250600773609
24.51225612806403,-1.1114057484946158
24.537268634317158,-1.0545505327919062
24.562281140570285,-1.0147075867299924
24.58729364682341,-1.0078962213800313
24.61230615307654,-0.9690144539075116
24.637318659329665,-0.9060859242515308
24.662331165582792,-0.8493371151412066
24.68734367183592,-0.777551014069156
24.712356178089045,-0.7667664405802339
24.737368684342172,-0.7702696222956118
24.7623811905953,-0.6674710908915894
24.787393696848426,-0.6389386759588042
24.81240620310155,-0.605962823335152
24.837418709354676,-0.5007492874142031
24.862431215607803,-0.44847919533637504
24.88744372186093,-0.38697954324810024
24.912456228114056,-0.34905524963032736
24.937468734367183,-0.35089684585794045
24.96248124062031,-0.32949129289993373
24.987493746873437,-0.23981449702600377
25.012506253126563,-0.20025428568567513
25.03751875937969,-0.1775607745328328
25.062531265632817,-0.1372257724315159
25.087543771885944,-0.011737705139989854
25.11255627813907,0.016829569425584383
25.137568784392197,0.04123815355070712
25.162581290645324,0.15738713093265272
25.18759379689845,0.16149817400342256
25.212606303151574,0.24480751933437533
25.2376188094047,0.27938537444808575
25.262631315657828,0.32437193866441605
25.287643821910955,0.31011369263408006
25.31265632816408,0.4316327249196503
25.337668834417208,0.4981452199376934
25.362681340670335,0.47510243733650953
25.38769384692346,0.5124499457834326
25.41270635317659,0.5955398927962292
25.437718859429715,0.6661964962197834
25.462731365682842,0.7381567847817669
25.48774387193597,0.7038446119012136
25.512756378189096,0.7494104494769778
25.537768884442222,0.8823236987733393
25.56278139069535,0.890023918937981
25.587793896948476,0.8937714458520415
25.6128064032016,0.9279103274897709
25.637818909454726,1.018993691301992
25.662831415707853,1.0579126789600126
25.68784392196098,1.1264912277092487
25.712856428214106,1.1065280666145176
25.737868934467233,1.229760659042857
25.76288144072036,1.2773533008457203
25.787893946973487,1.2402640330664747
25.812906453226613,1.3061147287662156
25.83791895947974,1.3371596098112188
25.862931465732867,1.407596819702661
25.887943971985994,1.397505165381662
25.91295647823912,1.4661836380859945
25.937968984492247,1.5305651462745755
25.962981490745374,1.5468112706584016
25.9879939969985,1.5603768868091485
26.013006503251624,1.5773983895000707
26.03801900950475,1.616456040972825
26.063031515757878,1.6481537153160146
26.088044022011005,1.7078358224860168
26.11305652826413,1.6720041093543607
26.138069034517258,1.7107996319716017
26.163081540770385,1.7629210642408042
26.18809404702351,1.749723214839074
26.21310655327664,1.7800556874619973
26.238119059529765,1.8730450403954706
26.263131565782892,1.823800773118816
26.28814407203602,1.839592665224227
26.313156578289146,1.8707283276149
26.338169084542272,1.8836655564978342
26.3631815907954,1.982899237591331
26.388194097048526,1.980203514734225
26.41320660330165,1.9563541805183584
26.438219109554776,1.9910583051432624
26.463231615807903,1.9502351402433225
26.48824412206103,2.013052464335544
26.513256628314156,2.059002012565932
26.538269134567283,2.0590820478441656
26.56328164082041,2.02244539706805
26.588294147073537,2.0085504895948274
26.613306653326664,2.082480989101329
26.63831915957979,2.04310813938504
26.663331665832917,2.0889027455586406
26.688344172086044,2.0392045302488477
26.71335667833917,2.093771580006343
26.738369184592298,2.0831728968601095
26.763381690845424,2.01025828368639
26.788394197098548,1.9987963996571325
26.813406703351674,2.035880333691921
26.8384192096048,2.0763775024073587
26.863431715857928,2.0415037437748578
26.888444222111055,1.9857661109696432
26.91345672836418,2.0196210863646167
26.93846923461731,1.9486352309095523
26.963481740870435,2.004737558057223
26.988494247123562,2.0159695720435074
27.01350675337669,1.962879190494104
27.038519259629815,1.9477222968879409
27.063531765882942,1.8996253114681882
27.08854427213607,1.9493930004889186
27.113556778389196,1.8871046583804014
27.138569284642323,1.816856643165167
27.16358179089545,1.8774844655797278
27.188594297148573,1.820117329306493
27.2136068034017,1.8155126449632
27.238619309654826,1.8109857523748238
27.263631815907953,1.756180505487763
27.28864432216108,1.7258354195190782
27.313656828414207,1.657292714378551
27.338669334667333,1.6920056810997173
27.36368184092046,1.6692159679187404
27.388694347173587,1.63475913733598
27.413706853426714,1.538473232618354
27.43871935967984,1.5581607418775794
27.463731865932967,1.52086179498737
27.488744372186094,1.476006183566687
27.51375687843922,1.4300271584369344
27.538769384692348,1.430914766236733
27.563781890945474,1.3081547200217662
27.588794397198598,1.3161648027598416
27.613806903451724,1.3056892159971052
27.63881940970485,1.2579392365696085
27.663831915957978,1.148508762739223
27.688844422211105,1.1600461184585085
27.71385692846423,1.144555242790203
27.73886943471736,1.0343029806466177
27.763881940970485,1.0200152846349189
27.788894447223612,0.9445468503347669
27.81390695347674,0.9392361411844464
27.838919459729865,0.8923398558845779
27.863931965982992,0.8808332952008597
27.88894447223612,0.8143895299574261
27.913956978489246,0.7547455526515428
27.938969484742373,0.7294332516617696
27.9639819909955,0.6378519418351751
27.988994497248623,0.6375596514277367
28.01400700350175,0.5887661663845961
28.039019509754876,0.5494838694271942
28.064032016008003,0.4556833679711403
28.08904452226113,0.431947241424997
28.114057028514257,0.3370860573151424
28.139069534767383,0.32139009127253815
28.16408204102051,0.23098989866613825
28.189094547273637,0.23948555005985017
28.214107053526764,0.1360834469895028
28.23911955977989,0.16726252722665613
28.264132066033017,0.09572986618853442
28.289144572286144,-0.015260661422062689
28.31415707853927,-0.06713533809817557
28.339169584792398,-0.09530962931735149
28.364182091045524,-0.0954957012942488
28.389194597298648,-0.22726003083308624
28.414207103551774,-0.24412728830738223
28.4392196098049,-0.27339754893218343
28.464232116058028,-0.27979306797756226
28.489244622311155,-0.3573534898658838
28.51425712856428,-0.4237996354493842
28.53926963481741,-0.5201481664543076
28.564282141070535,-0.5167088488406613
28.589294647323662,-0.5898056292491134
28.61430715357679,-0.6131482752482124
28.639319659829916,-0.654133659461385
28.664332166083042,-0.7464460686029984
28.68934467233617,-0.7769218313155238
28.714357178589296,-0.8213345462754086
28.739369684842423,-0.8499710074736593
28.76438219109555,-0.9230405561344377
28.789394697348673,-0.9013409238813039
28.8144072036018,-0.9549728669190855
28.839419709854926,-0.9857337043777228
28.864432216108053,-1.0294885102615101
28.88944472236118,-1.0663639116328363
28.914457228614307,-1.1861763167087147
28.939469734867433,-1.2257302932367866
28.96448224112056,-1.1881280080623662
28.989494747373687,-1.2377601847319328
29.014507253626814,-1.3029443217862657
29.03951975987994,-1.3843698395804758
29.064532266133067,-1.3497958133665133
29.089544772386194,-1.3708537557730383
29.11455727863932,-1.4835920659603266
29.139569784892448,-1.4319889049776864
29.164582291145575,-1.4585273823605176
29.189594797398698,-1.5504774414202045
29.214607303651825,-1.543403325412138
29.23961980990495,-1.5617366228401004
29.264632316158078,-1.609779739716453
29.289644822411205,-1.6513130954322388
29.31465732866433,-1.6577774247774286
29.33966983491746,-1.699571569068194
29.364682341170585,-1.6973077588896757
29.389694847423712,-1.7103769449233217
29.41470735367684,-1.7957212490206111
29.439719859929966,-1.802410080038157
29.464732366183092,-1.8143204954494616
29.48974487243622,-1.846747509661856
29.514757378689346,-1.8543801585496
29.539769884942473,-1.8342516507267326
29.564782391195596,-1.9119083235525844
29.589794897448723,-1.8374420014158637
29.61480740370185,-1.9367973311519922
29.639819909954976,-1.9343173531711662
29.664832416208103,-1.8849346053262734
29.68984492246123,-1.9388955209758794
29.714857428714357,-1.8956601706600502
29.739869934967484,-1.9000034352928563
29.76488244122061,-1.920160707606853
29.789894947473737,-1.9357883404503153
29.814907453726864,-1.9065009681849998
29.83991995997999,-1.9935601918397716
29.864932466233117,-1.9498423158597606
29.889944972486244,-1.94522274004042
29.91495747873937,-1.9869179055161565
29.939969984992498,-1.8947874964758045
29.96498249124562,-1.9318225949091825
29.989994997498748,-1.8838643599863114
30.015007503751875,-1.906816572620707
30.040020010005,-1.949580553918958
30.06503251625813,-1.910800597452468
30.090045022511255,-1.8939775367321823
30.115057528764382,-1.9096742308006203
30.14007003501751,-1.8635005112959284
30.165082541270635,-1.8048545411872767
30.190095047523762,-1.8658200887069136
30.21510755377689,-1.7965031469252952
30.240120060030016,-1.7793262637855989
30.265132566283143,-1.7840410294301592
30.29014507253627,-1.7149056243263845
30.315157578789396,-1.7281643744004789
30.340170085042523,-1.7138410424738988
30.365182591295646,-1.6614094708820177
30.390195097548773,-1.6178086412741532
30.4152076038019,-1.6609143421740578
30.440220110055026,-1.6156917023519215
30.465232616308153,-1.5360093203515288
30.49024512256128,-1.5814214053066535
30.515257628814407,-1.5456694631395478
30.540270135067534,-1.445494737896544
30.56528264132066,-1.428027190588424
30.590295147573787,-1.4007226860902842
30.615307653826914,-1.4259682168754915
30.64032016008004,-1.3680423444578609
30.665332666333168,-1.3529162529604584
30.690345172586294,-1.26465725898576
30.71535767883942,-1.2237508615997528
30.740370185092548,-1.2372571159541188
30.76538269134567,-1.1256529356197151
30.790395197598798,-1.0739578985993128
30.815407703851925,-1.1185313936011478
30.84042021010505,-1.0345832076746346
30.86543271635818,-1.0285429827684542
30.890445222611305,-0.9348868142164666
30.915457728864432,-0.9163365804383898
30.94047023511756,-0.8690851894571515
30.965482741370685,-0.7770235268518768
30.990495247623812,-0.7287788547797933
31.01550775387694,-0.7044343142305044
31.040520260130066,-0.717749212519792
31.065532766383193,-0.6559627008205576
31.09054527263632,-0.5661306733193109
31.115557778889446,-0.5724998561249484
31.140570285142573,-0.4593458892336877
31.165582791395696,-0.42396814342947853
31.190595297648823,-0.43232191631427336
31.21560780390195,-0.3130491784855758
31.240620310155077,-0.2596159007015606
31.265632816408203,-0.2552402123980559
31.29064532266133,-0.21764518408461836
31.315657828914457,-0.1110034738444766
31.340670335167584,-0.0746990395364339
31.36568284142071,-0.07144337035820256
31.390695347673837,0.035134598057289204
31.415707853926964,0.00483932894558337
31.44072036018009,0.11423835766198256
31.465732866433218,0.1905840518544381
31.490745372686344,0.23548417974941854
31.51575787893947,0.2688806971002096
31.540770385192598,0.2606648637857385
31.56578289144572,0.3865063370878727
31.590795397698848,0.3526448006201686
31.615807903951975,0.4831487223257194
31.6408204102051,0.44948979202960365
31.66583291645823,0.5760892528034072
31.690845422711355,0.5601927238828687
31.715857928964482,0.6039878369589445
31.74087043521761,0.6565637975702826
31.765882941470736,0.7648433243174169
31.790895447723862,0.7413392765986849
31.81590795397699,0.8223172475130811
31.840920460230116,0.8322360895588462
31.865932966483243,0.9275053248692109
31.89094547273637,0.934616833955632
31.915957978989496,1.0128097155300486
31.940970485242623,1.0930427226328734
31.965982991495746,1.1105872458493606
31.990995497748873,1.088545589715275
32.016008004002,1.1789224870996686
32.04102051025513,1.2429089115522558
32.06603301650826,1.2506436478402627
32.091045522761384,1.26561530260237
32.11605802901451,1.365202749204461
32.14107053526764,1.4204497603749
32.16608304152076,1.4386951081159345
32.191095547773884,1.4537327043250325
32.21610805402701,1.490396265090921
32.24112056028014,1.490836920607253
32.266133066533264,1.5706933308006912
32.29114557278639,1.5594833931191658
32.31615807903952,1.6038750011093235
32.341170585292645,1.657421868292797
32.36618309154577,1.640977079868926
32.3911955977989,1.7161476571328778
32.416208104052025,1.7219415859946983
32.44122061030515,1.7945188380733177
32.46623311655828,1.7430388496548963
32.491245622811405,1.8012862122206619
32.51625812906453,1.853045384233955
32.54127063531766,1.88380910989127
32.566283141570786,1.8960605420273604
32.59129564782391,1.9078602826655278
32.61630815407704,1.924064493054116
32.641320660330166,1.9724303535093757
32.66633316658329,1.9147709953021517
32.69134567283642,1.9930358164553792
32.716358179089546,1.9751576491927736
32.74137068534267,1.9736828658318568
32.7663831915958,1.972517366747667
32.79139569784893,2.0251529431835564
32.81640820410205,2.068614235658385
32.84142071035518,1.98955898400696
32.86643321660831,2.0452842555919335
32.891445722861434,2.0258735480613868
32.91645822911456,2.0302729440010534
32.94147073536768,2.013954697436008
32.96648324162081,2.063096301194221
32.991495747873934,2.0855678944968425
33.01650825412706,2.086577509959358
33.04152076038019,2.067063549375822
33.066533266633314,2.002085318084807
33.09154577288644,1.9910798015864755
33.11655827913957,2.080061111589753
33.141570785392695,2.008054865621208
33.16658329164582,2.0615098843877244
33.19159579789895,1.9788853283444434
33.216608304152075,2.036532923326171
33.2416208104052,1.9692582165299586
33.26663331665833,1.989195698589721
33.291645822911455,1.9532092719863199
33.31665832916458,1.8927824845700614
33.34167083541771,1.9079904155264935
33.366683341670836,1.9028195317808878
33.39169584792396,1.841812579029701
33.41670835417709,1.8271400909514381
33.441720860430216,1.8122957570638003
33.46673336668334,1.8640739804404045
33.49174587293647,1.7861885915288154
33.516758379189596,1.8105204508359367
33.54177088544272,1.7773310970603762
33.56678339169585,1.7319726079479347
33.59179589794898,1.686457811944242
33.616808404202104,1.6263879514603867
33.64182091045523,1.5944358032424162
33.66683341670836,1.5645925732770016
33.691845922961484,1.5476025442129173
33.71685842921461,1.5120900632913619
33.74187093546773,1.5239465937537233
33.76688344172086,1.443180974179528
33.791895947973984,1.4011245336927602
33.81690845422711,1.3643785596370568
33.84192096048024,1.3831912408130564
33.866933466733364,1.3477866852830116
33.89194597298649,1.3220823251441687
33.91695847923962,1.2455428043786556
33.941970985492745,1.1819826614605475
33.96698349174587,1.1733775103514188
33.991995997999,1.1332170780454227
34.017008504252125,1.0997785333063066
34.04202101050525,1.0038111095595172
34.06703351675838,0.978606615878707
34.092046023011505,0.9359755297030985
34.11705852926463,0.9317796467267107
34.14207103551776,0.8241411617344777
34.167083541770886,0.7707879568850701
34.19209604802401,0.7673631195250423
34.21710855427714,0.7050150445091273
34.242121060530266,0.6371726605322855
34.26713356678339,0.6725073797620713
34.29214607303652,0.6047300982641787
34.31715857928965,0.5446269438731672
34.34217108554277,0.4778577758504877
34.3671835917959,0.4276976685486398
34.39219609804903,0.3578990129222285
34.417208604302154,0.35551950547435784
34.44222111055528,0.3002032644330261
34.46723361680841,0.2747207043618224
34.492246123061534,0.22489038185094953
34.51725862931466,0.13807929271165242
34.54227113556778,0.03254668650765844
34.56728364182091,-0.013229421192873195
34.592296148074034,-0.055308250231934586
34.61730865432716,-0.07303440098374157
34.64232116058029,-0.145996348526499
34.667333666833414,-0.1335778494838924
34.69234617308654,-0.24719977702492538
34.71735867933967,-0.3143332193584515
34.742371185592795,-0.3454820158391542
34.76738369184592,-0.3662679821740864
34.79239619809905,-0.36637599182992425
34.817408704352175,-0.4861506220894987
34.8424212106053,-0.46907346605110156
34.86743371685843,-0.5634465236315379
34.892446223111556,-0.6303446339171515
34.91745872936468,-0.6062452371525426
34.94247123561781,-0.7492350815741643
34.967483741870936,-0.7039370338507198
34.99249624812406,-0.8355028884237989
35.01750875437719,-0.8299699586460526
35.042521260630316,-0.8559513116988591
35.06753376688344,-0.9244386337760773
35.09254627313657,-0.9728126079201174
35.1175587793897,-1.0006061638621164
35.14257128564282,-1.0419012300734123
35.16758379189595,-1.0712636345050006
35.19259629814908,-1.1705067745559024
35.217608804402204,-1.1452695630777205
35.24262131065533,-1.2416988993867306
35.26763381690846,-1.2691415912085706
35.292646323161584,-1.264646338640462
35.317658829414704,-1.3171365025557926
35.34267133566783,-1.319213229598776
35.36768384192096,-1.3609236519079517
35.392696348174084,-1.4052288208004993
35.41770885442721,-1.493673365886811
35.44272136068034,-1.4982526656956998
35.467733866933465,-1.532321647852403
35.49274637318659,-1.5593514535386521
35.51775887943972,-1.6191101657739195
35.542771385692845,-1.574399663134803
35.56778389194597,-1.682397600273213
35.5927963981991,-1.662602919900031
35.617808904452225,-1.6663735333635823
35.64282141070535,-1.7159810449778718
35.66783391695848,-1.6984129478233763
35.692846423211606,-1.7758228631881423
35.71785892946473,-1.7454241212985748
35.74287143571786,-1.8041552574289477
35.767883941970986,-1.8539623411949984
35.79289644822411,-1.858135099247316
35.81790895447724,-1.814553588729439
35.842921460730366,-1.8812139382415645
35.86793396698349,-1.852132139551467
35.89294647323662,-1.884339159772228
35.91795897948975,-1.878002755816196
35.94297148574287,-1.9539198496785988
35.967983991996,-1.8904169670573339
35.99299649824913,-1.9495794056905127
36.018009004502254,-1.9712139172201177
36.04302151075538,-1.9671255726074923
36.06803401700851,-1.898254480768428
36.093046523261634,-1.9232549939495553
36.118059029514754,-1.942814665181572
36.14307153576788,-1.9781456826690351
36.16808404202101,-1.9241311059069073
36.193096548274134,-1.9192265894912637
36.21810905452726,-1.9443626265138243
36.24312156078039,-1.8892404449056697
36.268134067033515,-1.9479153805966518
36.29314657328664,-1.8943421518673667
36.31815907953977,-1.9454725362160157
36.343171585792895,-1.895255796442501
36.36818409204602,-1.9246840049765688
36.39319659829915,-1.9258813608304097
36.418209104552275,-1.8953039889577143
36.4432216108054,-1.8583554053858926
36.46823411705853,-1.7919320618399626
36.493246623311656,-1.8381739301966384
36.51825912956478,-1.7914457458751207
36.54327163581791,-1.7910017088633288
36.568284142071036,-1.7824503114974524
36.59329664832416,-1.7357996588015026
36.61830915457729,-1.747360391564943
36.643321660830416,-1.6865727511232018
36.66833416708354,-1.6218496559661215
36.69334667333667,-1.675806699986846
36.7183591795898,-1.6225661143561503
36.743371685842924,-1.540065426638375
36.76838419209605,-1.505975133043132
36.79339669834918,-1.5235548129691048
36.818409204602304,-1.4579804474140037
36.84342171085543,-1.4711184293447013
36.86843421710856,-1.4632263773464664
36.893446723361684,-1.3716612279715135
36.918459229614804,-1.369318561225546
36.94347173586793,-1.3192450878405184
36.96848424212106,-1.327361984849041
36.993496748374184,-1.2836620038778914
37.01850925462731,-1.1818525993542108
37.04352176088044,-1.1846617027222193
37.068534267133565,-1.1326135533710318
37.09354677338669,-1.0815250423814853
37.11855927963982,-1.0472343677069376
37.143571785892945,-0.9845279516235523
37.16858429214607,-0.9632782438740906
37.1935967983992,-0.9004292355223815
37.218609304652325,-0.9042795078297771
37.24362181090545,-0.869878222783722
37.26863431715858,-0.7532059552799077
37.293646823411706,-0.7051824993012362
37.31865932966483,-0.7184963189370742
37.34367183591796,-0.6046360212491014
37.368684342171086,-0.5670806574015351
37.39369684842421,-0.5395472452568267
37.41870935467734,-0.5481455351250751
37.44372186093047,-0.47196911473692293
37.46873436718359,-0.4460698880100104
37.49374687343672,-0.3295406012611128
37.51875937968985,-0.268784136954252
37.543771885942974,-0.21274669997820234
37.5687843921961,-0.20350384524194226
37.59379689844923,-0.12335651412178233
37.618809404702354,-0.11047681418817765
37.64382191095548,-0.10636705766508955
37.66883441720861,0.018717857910800925
37.693846923461734,0.0015036297472797965
37.718859429714854,0.11724938535199117
37.74387193596798,0.1078579913278561
37.76888444222111,0.22665449291719103
37.793896948474234,0.22484431173701686
37.81890945472736,0.25404943315762124
37.84392196098049,0.3601919844474002
37.868934467233615,0.389429193002653
37.89394697348674,0.43756330786441544
37.91895947973987,0.5253721484693318
37.943971985992995,0.5441526173751282
37.96898449224612,0.6170286193364309
37.99399699849925,0.6700761374516525
38.019009504752376,0.6818929543689469
38.0440220110055,0.7524232942022071
38.06903451725863,0.754621462258066
38.094047023511756,0.8651067289516301
38.11905952976488,0.9069209894249669
38.14407203601801,0.8776061981383532
38.169084542271136,0.9996639041157749
38.19409704852426,1.0034248539290767
38.21910955477739,1.0760569182709194
38.24412206103052,1.0460913877810438
38.26913456728364,1.1173296798022985
38.29414707353677,1.1384260150425212
38.3191595797899,1.2437748116919867
38.344172086043024,1.2944491258744437
38.36918459229615,1.3401178169174166
38.39419709854928,1.3539568311061723
38.419209604802404,1.3910881716867916
38.44422211105553,1.446797893732574
38.46923461730866,1.4615979232012035
38.49424712356178,1.4682024877277564
38.519259629814904,1.523716077256708
38.54427213606803,1.5286092904201962
38.56928464232116,1.6097449472279912
38.594297148574285,1.6287467603758372
38.61930965482741,1.623906366423145
38.64432216108054,1.6724298663742911
38.669334667333665,1.7265303785691155
38.69434717358679,1.6826759364529027
38.71935967983992,1.738925893717556
38.744372186093045,1.7981574667258355
38.76938469234617,1.7614338197351036
38.7943971985993,1.8493012566323954
38.819409704852426,1.8451846794781208
38.84442221110555,1.861541963011539
38.86943471735868,1.9027921408317645
38.894447223611806,1.9568690098305388
38.91945972986493,1.9285843079064886
38.94447223611806,1.9940920579494852
38.969484742371186,1.9563995595987553
38.99449724862431,2.0096936050138443
39.01950975487744,1.9641966820954555
39.04452226113057,1.9517488876296871
39.06953476738369,2.0187619759423505
39.09454727363682,2.0024666296239655
39.11955977988995,2.067677100020721
39.144572286143074,1.9940159325907352
39.1695847923962,2.0666569931222245
39.19459729864933,2.0861295716039105
39.219609804902454,2.0146125284230574
39.24462231115558,2.0767235775996213
39.26963481740871,2.0100151185527224
39.29464732366183,2.070591979932005
39.319659829914954,2.0383869500971876
39.34467233616808,2.0732262127844816
39.36968484242121,2.0795170577346815
39.394697348674335,2.065284692017462
39.41970985492746,2.0125621080261387
39.44472236118059,2.0614418097373766
39.469734867433715,2.038149981170762
39.49474737368684,2.0004057173258563
39.51975987993997,1.9757412853515672
39.544772386193095,1.9575810946960481
39.56978489244622,2.0035750700143007
39.59479739869935,1.9455719149024744
39.619809904952476,1.889600920434248
39.6448224112056,1.9204690229246413
39.66983491745873,1.9017046000736662
39.694847423711856,1.8902968941680212
39.71985992996498,1.8532558748888592
39.74487243621811,1.821961141851054
39.769884942471236,1.8224194375170877
39.79489744872436,1.826154821252614
39.81990995497749,1.7385781400150166
39.84492246123062,1.7664209657982046
39.86993496748374,1.6709416068802359
39.89494747373687,1.6312845048701545
39.91995997999,1.6550863901434973
39.944972486243124,1.6220763251117216
39.96998499249625,1.5998912586145928
39.99499749874938,1.5099161190695087
40.020010005002504,1.5526854812072015
40.04502251125563,1.493426326039301
40.07003501750876,1.4429252554660128
40.09504752376188,1.451285125912927
40.120060030015004,1.3467884381251845
40.14507253626813,1.3325265405121227
40.17008504252126,1.3114365852199734
40.195097548774385,1.26788434563241
40.22011005502751,1.1742530350206577
40.24512256128064,1.1277767828863383
40.270135067533765,1.1664682867951066
40.29514757378689,1.0765470332892215
40.32016008004002,1.0444259091224626
40.345172586293145,0.9803979047874716
40.37018509254627,0.922213281057252
40.3951975987994,0.9004118141782123
40.420210105052526,0.8795622595230875
40.44522261130565,0.7898554663930261
40.47023511755878,0.7315004841207894
40.495247623811906,0.7245801709370463
40.52026013006503,0.6450730801004472
40.54527263631816,0.6175739837495653
40.57028514257129,0.5995274525295106
40.59529764882441,0.5813462384430211
40.62031015507754,0.4424660430400542
40.64532266133067,0.4197371541146543
40.670335167583794,0.4315208799100221
40.69534767383692,0.3886939017262249
40.72036018009005,0.2878326611171249
40.745372686343174,0.2139009959167733
40.7703851925963,0.1981505272040439
40.79539769884943,0.12773800245616102
40.820410205102554,0.11259916376348711
40.84542271135568,0.026293756469317572
40.87043521760881,-0.003913331340818532
40.89544772386193,-0.09802007682119539
40.920460230115054,-0.06525479744491497
40.94547273636818,-0.1211493132364488
40.97048524262131,-0.2438299247128164
40.995497748874435,-0.2668697908576166
41.02051025512756,-0.32858510233590277
41.04552276138069,-0.40511410630014827
41.070535267633815,-0.45405846314710435
41.09554777388694,-0.46334871322756577
41.12056028014007,-0.45279230065908194
41.145572786393195,-0.5178021029983203
41.17058529264632,-0.5600181297868829
41.19559779889945,-0.6413513699662782
41.220610305152576,-0.7292313780778155
41.2456228114057,-0.6992353048210738
41.27063531765883,-0.740514811222059
41.295647823911956,-0.8124509483843004
41.32066033016508,-0.83413050574556
41.34567283641821,-0.89348760065315
41.37068534267134,-0.9545892399873466
41.39569784892446,-0.9607445357763891
41.42071035517759,-1.021575844098319
41.44572286143072,-1.1056518306806935
41.470735367683844,-1.0871754797622475
41.49574787393697,-1.2149160762851183
41.5207603801901,-1.2031840374844942
41.545772886443224,-1.2641716432699728
41.57078539269635,-1.2555440058409184
41.59579789894948,-1.3187029009318085
41.620810405202604,-1.363420410958413
41.64582291145573,-1.3721800440685779
41.67083541770885,-1.4117408898251698
41.69584792396198,-1.4658445593664562
41.720860430215104,-1.5212370130508037
41.74587293646823,-1.5352013965264548
41.77088544272136,-1.503675882156407
41.795897948974485,-1.5905912746394386
41.82091045522761,-1.5659930647378357
41.84592296148074,-1.6262381075081447
41.870935467733865,-1.6487121850154878
41.89594797398699,-1.6612585932806583
41.92096048024012,-1.709221880113295
41.945972986493246,-1.7559449467779447
41.97098549274637,-1.7880138812845563
41.9959979989995,-1.763553553729934
42.021010505252626,-1.7617553964107064
42.04602301150575,-1.8364759165570281
42.07103551775888,-1.8619727535849568
42.096048024012006,-1.8681880750650646
42.12106053026513,-1.9002671175063581
42.14607303651826,-1.853337477896772
42.17108554277139,-1.9073429392014936
42.19609804902451,-1.8822849302962097
42.22111055527764,-1.8790918428854313
42.24612306153077,-1.9460518514374618
42.271135567783894,-1.9318675984348241
42.29614807403702,-1.929307227112433
42.32116058029015,-1.9749411109413944
42.346173086543274,-1.9416282481824823
42.3711855927964,-1.9376521020617965
42.39619809904953,-1.9202787814285318
42.421210605302655,-1.9265824007867298
42.44622311155578,-1.9304253823822148
42.4712356178089,-1.928772914944621
42.49624812406203,-1.9497123304096502
42.521260630315155,-1.8978654858967063
42.54627313656828,-1.9111804786321183
42.57128564282141,-1.923696743971745
42.596298149074535,-1.9429469580680057
42.62131065532766,-1.8679434054521769
42.64632316158079,-1.8573255565438114
42.671335667833915,-1.85104743698434
42.69634817408704,-1.8887695490859036
42.72136068034017,-1.8818752196535664
42.746373186593296,-1.8831062003963188
42.77138569284642,-1.866761973317464
42.79639819909955,-1.8342826943727817
42.821410705352676,-1.8105543826915
42.8464232116058,-1.7724298631250361
42.87143571785893,-1.7767632491573098
42.896448224112056,-1.7444257822511773
42.92146073036518,-1.6924520976074477
42.94647323661831,-1.6760589843421405
42.97148574287144,-1.676788058718055
42.99649824912456,-1.609423109214109
43.02151075537769,-1.6140102236799505
43.04652326163082,-1.6023180210653345
43.071535767883944,-1.568830971219086
43.09654827413707,-1.5111738096392215
43.1215607803902,-1.4522778210720195
43.146573286643324,-1.3880600717287992
43.17158579289645,-1.4384377073027277
43.19659829914958,-1.3764384900062843
43.221610805402705,-1.3421495937197312
43.24662331165583,-1.2949751737155677
43.27163581790895,-1.276057547234531
43.29664832416208,-1.2557682445901903
43.321660830415205,-1.212164518932505
43.34667333666833,-1.1698047595534649
43.37168584292146,-1.1383943082090675
43.396698349174585,-1.0157746225388773
43.42171085542771,-1.0075649259612494
43.44672336168084,-0.9557532140631083
43.471735867933965,-0.9322716908839094
43.49674837418709,-0.8825417543364662
43.52176088044022,-0.8269489880158929
43.546773386693346,-0.7622442230575904
43.57178589294647,-0.7100490201905778
43.5967983991996,-0.7081299588182792
43.621810905452726,-0.6342724247515997
43.64682341170585,-0.6301429661381229
43.67183591795898,-0.5139596676123299
43.69684842421211,-0.4828533639209233
43.72186093046523,-0.47393626863114213
43.74687343671836,-0.44819763020578685
43.77188594297149,-0.3645224837150384
43.796898449224614,-0.3354801936923294
43.82191095547774,-0.30948446974060234
43.84692346173087,-0.1784152612106246
43.871935967983994,-0.14656657296715625
43.89694847423712,-0.10837813780317218
43.92196098049025,-0.024468008474063566
43.946973486743374,-0.011542796615536914
43.9719859929965,0.07522721810494454
43.99699849924963,0.06853453646544445
44.022011005502755,0.17884696981024603
44.04702351175588,0.19234661101273115
44.072036018009,0.2517713043377741
44.09704852426213,0.3063016578192012
44.122061030515255,0.32132980529801336
44.14707353676838,0.33750722274336725
44.17208604302151,0.3972334964116513
44.197098549274635,0.5225481526147566
44.22211105552776,0.5244005542706593
44.24712356178089,0.560314945973137
44.272136068034015,0.6504365652420768
44.29714857428714,0.7100322982698762
44.32216108054027,0.7428727879946162
44.347173586793396,0.7276062023465437
44.37218609304652,0.8361256623004888
44.39719859929965,0.8212523664196187
44.422211105552776,0.8889026385488608
44.4472236118059,0.984616793853478
44.47223611805903,1.0099101741820926
44.49724862431216,1.0331809803857366
44.52226113056528,1.0696127316106776
44.54727363681841,1.0869715277950407
44.57228614307154,1.1298598053553737
44.597298649324664,1.1835384264213333
44.62231115557779,1.245640431859717
44.64732366183092,1.3236775831765812
44.672336168084044,1.3553796932096809
44.69734867433717,1.3838486622098358
44.7223611805903,1.3744039566025334
44.747373686843424,1.4148536460909669
44.77238619309655,1.424572335859384
44.79739869934968,1.4997757286748905
44.822411205602805,1.5079684712789228
44.847423711855924,1.6047076838488348
44.87243621810905,1.6317922781732679
44.89744872436218,1.6590676026033633
44.922461230615305,1.6278726163421384
44.94747373686843,1.6758392200428422
44.97248624312156,1.6807536355581736
44.997498749374685,1.7318190804710492
45.02251125562781,1.741405028371458
45.04752376188094,1.7556190956833397
45.072536268134066,1.815868914806
45.09754877438719,1.801814286347821
45.12256128064032,1.8199339283378357
45.147573786893446,1.9127684538006953
45.17258629314657,1.9191529774227967
45.1975987993997,1.9025168387845348
45.222611305652826,1.9312242786815415
45.24762381190595,1.9245651408677975
45.27263631815908,1.99926506207756
45.29764882441221,1.9654108294446182
45.32266133066533,1.9635018202921075
45.34767383691846,2.0568147864969513
45.37268634317159,1.9916642799059716
45.397698849424714,2.034088661847965
45.42271135567784,2.0649043014004516
45.44772386193097,2.0351827769451836
45.472736368184094,1.9994234403468805
45.49774887443722,2.08802184047509
45.52276138069035,2.068249749654066
45.547773886943475,2.0610514557534523
45.5727863931966,2.0479603991142503
45.59779889944973,2.0866527683154468
45.622811405702855,2.0060131311550955
45.647823911955975,2.017786516727556
45.6728364182091,2.0457956890468645
45.69784892446223,2.043289815061262
45.722861430715355,2.0571201873968583
45.74787393696848,2.0101005866705948
45.77288644322161,2.0117455715030608
45.797898949474735,1.9614021298599815
45.82291145572786,1.9522045733917794
45.84792396198099,1.9927231603254083
45.872936468234116,1.8988643427871825
45.89794897448724,1.962737375292131
45.92296148074037,1.9557455157838444
45.947973986993496,1.9422987660241842
45.97298649324662,1.8706164122061162
45.99799899949975,1.8271546821294824
46.023011505752876,1.800910118659224
46.048024012006,1.8328177400155945
46.07303651825913,1.7663672357113425
46.09804902451226,1.7209791473853775
46.12306153076538,1.7673794446241355
46.14807403701851,1.7399701849351907
46.17308654327164,1.6330811064355548
46.198099049524764,1.6825282120557823
46.22311155577789,1.6522440010898165
46.24812406203102,1.5750440809801107
46.273136568284144,1.5627660182121796
46.29814907453727,1.562654780184915
46.3231615807904,1.4601321916666663
46.348174087043525,1.4526418153944392
46.37318659329665,1.4054375493172788
46.39819909954978,1.4225354219435002
46.423211605802905,1.3272468528119163
46.448224112056025,1.2870481285005737
46.47323661830915,1.26331014496101
46.49824912456228,1.2439862121925493
46.523261630815405,1.1393242200903175
46.54827413706853,1.1003866119042436
46.57328664332166,1.1098214665930635
46.598299149574785,1.098581311654969
46.62331165582791,0.9721237078250059
46.64832416208104,0.9598460320518798
46.673336668334166,0.8990305898257719
46.69834917458729,0.867919007189979
46.72336168084042,0.8466002961282443
46.748374187093546,0.7775060479472007
46.77338669334667,0.6957943645365182
46.7983991995998,0.6816880656863142
46.823411705852926,0.5938415851773995
46.84842421210605,0.5487090479797219
46.87343671835918,0.5434471664287126
46.89844922461231,0.47746403769283813
46.923461730865434,0.43060964005381186
46.94847423711856,0.38047350716650846
46.97348674337169,0.33811029571956236
46.998499249624814,0.27746322585618804
47.02351175587794,0.21575761368271423
47.04852426213107,0.23245602669494964
47.073536768384194,0.16030837974840395
47.09854927463732,0.1491781475005986
47.12356178089045,0.08207171654231221
47.148574287143575,0.0038589761985835663
47.1735867933967,-0.039413865375057255
47.19859929964983,-0.09378498244182133
47.22361180590295,-0.16654771750533667
47.248624312156075,-0.19516739778318853
47.2736368184092,-0.2675347932718222
47.29864932466233,-0.33532307119995375
47.323661830915455,-0.38983984597841076
47.34867433716858,-0.38586749476836807
47.37368684342171,-0.4252300469944795
47.398699349674835,-0.4640086425031521
47.42371185592796,-0.5698912551325523
47.44872436218109,-0.5990172043776015
47.473736868434216,-0.5939438346338122
47.49874937468734,-0.7275060383708152
47.52376188094047,-0.6998984788649673
47.548774387193596,-0.7471320373670899
47.57378689344672,-0.775285139868086
47.59879939969985,-0.8151354354846629
47.62381190595298,-0.8739795575156166
47.6488244122061,-0.9156190925236776
47.67383691845923,-1.0376009799910162
47.69884942471236,-1.0320200974154148
47.723861930965484,-1.057965384763997
47.74887443721861,-1.0805029644622803
47.77388694347174,-1.1921841223464607
47.798899449724864,-1.1887541338989063
47.82391195597799,-1.2737423041812468
47.84892446223112,-1.2503872810022536
47.873936968484244,-1.3073571441957772
47.89894947473737,-1.3610382324125414
47.9239619809905,-1.4313609290324405
47.948974487243625,-1.4501406781529902
47.97398699349675,-1.4705398281131892
47.99899949974988,-1.4749929667486328
48.024012006003,-1.5602347848259814
48.049024512256125,-1.5760361492558967
48.07403701850925,-1.6067962017382884
48.09904952476238,-1.5714803136683493
48.124062031015505,-1.6494754328794077
48.14907453726863,-1.6128250428908093
48.17408704352176,-1.7216018646405877
48.199099549774886,-1.6817675905008656
48.22411205602801,-1.7211712422791374
48.24912456228114,-1.8032623954460332
48.274137068534266,-1.7488027200284701
48.29914957478739,-1.8198768137502626
48.32416208104052,-1.8207918906518967
48.349174587293646,-1.786785310488325
48.37418709354677,-1.8762931067583233
48.3991995997999,-1.8369542278082343
48.42421210605303,-1.8449383965358894
48.44922461230615,-1.8442879214872308
48.47423711855928,-1.9042191477544166
48.49924962481241,-1.8791136329865468
48.524262131065534,-1.9552079309590895
48.54927463731866,-1.9107094199688481
48.57428714357179,-1.9304424829725702
48.599299649824914,-1.9537223562029191
48.62431215607804,-1.9250006486385274
48.64932466233117,-1.8997036162412255
48.674337168584294,-1.9401861037752048
48.69934967483742,-1.9075391916849544
48.72436218109055,-1.920703006964498
48.749374687343675,-1.9202461863935019
48.7743871935968,-1.9317835937993324
48.79939969984993,-1.9252455638270947
48.82441220610305,-1.9341216206455951
48.849424712356175,-1.9703086183744207
48.8744372186093,-1.919195847355991
48.89944972486243,-1.9172210915760008
48.924462231115555,-1.8943519633425316
48.94947473736868,-1.8933653399133783
48.97448724362181,-1.9167300595972558
48.999499749874936,-1.8905151864325278
49.02451225612806,-1.8260154141928702
49.04952476238119,-1.8483605734931259
49.074537268634316,-1.8075767235161115
49.09954977488744,-1.7437181212423092
49.12456228114057,-1.7570690044473671
49.149574787393696,-1.757398579841194
49.17458729364682,-1.7634422298365127
49.19959979989995,-1.6976705735001516
49.22461230615308,-1.7105885871959168
49.2496248124062,-1.6259360891922445
49.27463731865933,-1.6565480271953432
49.29964982491246,-1.6308627836281566
49.324662331165584,-1.5372650014946347
49.34967483741871,-1.5734165180479471
49.37468734367184,-1.4592903925046976
49.399699849924964,-1.5013736815124197
49.42471235617809,-1.4756394954764651
49.44972486243122,-1.4336738594334402
49.474737368684345,-1.3897977313827174
49.49974987493747,-1.3727722380063654
49.5247623811906,-1.3477609885115354
49.549774887443725,-1.2192635745907825
49.57478739369685,-1.1791489430879316
49.59979989994998,-1.2073506134873029
49.6248124062031,-1.1567256293327217
49.649824912456225,-1.0970979798202218
49.67483741870935,-1.0508142202041721
49.69984992496248,-1.0455928589025714
49.724862431215605,-0.9945984384575777
49.74987493746873,-0.971093921019621
49.77488744372186,-0.9017185168755731
49.799899949974986,-0.8260467068526121
49.82491245622811,-0.828499724020596
49.84992496248124,-0.7406681746427562
49.874937468734366,-0.7149332868797535
49.89994997498749,-0.6241741084865366
49.92496248124062,-0.5816472203427956
49.949974987493746,-0.6043784644389205
49.97498749374687,-0.5273737848330484
50.0,-0.4980675758541455
