x,y
0.0,0.04061216204228877
0.02501250625312656,0.14959312298519914
0.05002501250625312,0.1835596246524629
0.0750375187593797,0.1819480376887685
0.10005002501250625,0.21422668327327277
0.12506253126563283,0.3023976720674625
0.1500750375187594,0.35087058517756026
0.17508754377188596,0.41159256414745665
0.2001000500250125,0.4270041358470314
0.22511255627813906,0.5103376257838023
0.25012506253126565,0.4973801389609972
0.2751375687843922,0.6193367789014348
0.3001500750375188,0.6582804775980309
0.32516258129064535,0.6830598176058368
0.3501750875437719,0.7768268404631373
0.3751875937968984,0.7364748761023712
0.400200100050025,0.8228145347976382
0.42521260630315155,0.9243346499698359
0.4502251125562781,0.9184443559744289
0.4752376188094047,0.9928764617714565
0.5002501250625313,0.9804912542764219
0.5252626313156579,1.0386111752357516
0.5502751375687844,1.0518571947847373
0.575287643821911,1.124652166449031
0.6003001500750376,1.2045587955834731
0.6253126563281641,1.251760504414557
0.6503251625812907,1.3071015722930555
0.6753376688344173,1.2758154714363905
0.7003501750875438,1.2937775074374067
0.7253626813406704,1.3685422249396997
0.7503751875937968,1.4469638397227633
0.7753876938469234,1.4414270793168613
0.80040020010005,1.5234505527967221
0.8254127063531765,1.537007660148628
0.8504252126063031,1.6017786169620767
0.8754377188594297,1.6075846499038275
0.9004502251125562,1.5797772647498092
0.9254627313656828,1.659100321301062
0.9504752376188094,1.716423574019785
0.9754877438719359,1.7505699806608337
1.0005002501250626,1.745341188968616
1.0255127563781892,1.7720198629250852
1.0505252626313157,1.8039757006975392
1.0755377688844423,1.8205026415315027
1.1005502751375689,1.8478059569974794
1.1255627813906954,1.8327254980235657
1.150575287643822,1.8542104052949826
1.1755877938969486,1.9194640656098965
1.2006003001500751,1.917213655930143
1.2256128064032017,1.8979619827596779
1.2506253126563283,1.9046887076753423
1.2756378189094548,1.975695569893298
1.3006503251625814,1.953449406576767
1.325662831415708,2.010213012365216
1.3506753376688345,1.9991129945749355
1.375687843921961,2.040220308420178
1.4007003501750876,2.0154404668193178
1.4257128564282142,2.0664991351210165
1.4507253626813408,2.0520982262672636
1.4757378689344671,2.0888742588152716
1.5007503751875937,2.020991047020751
1.5257628814407203,2.068944930888527
1.5507753876938468,2.0635481230579877
1.5757878939469734,2.048730411364429
1.6008004002001,2.0230505099828258
1.6258129064532265,2.0945535128845925
1.650825412706353,2.0616461997847026
1.6758379189594796,2.052397114848561
1.7008504252126062,2.0447701741782445
1.7258629314657328,1.994001749727129
1.7508754377188593,2.007469388913433
1.775887943971986,1.9695914629980544
1.8009004502251125,1.97867178027386
1.825912956478239,1.9593693946120312
1.8509254627313656,1.9455376796273
1.8759379689844922,2.0068291344052365
1.9009504752376187,1.9598130481308804
1.9259629814907453,1.948760152021161
1.9509754877438719,1.9138120961578424
1.9759879939969984,1.908272517056641
2.001000500250125,1.8458208027456602
2.0260130065032516,1.8213531570304846
2.0510255127563783,1.8472753399938282
2.0760380190095047,1.7876121041753836
2.1010505252626315,1.7400002423722893
2.126063031515758,1.7342501526639607
2.1510755377688846,1.679551640225616
2.176088044022011,1.6887333696411988
2.2011005502751377,1.6928984769677589
2.226113056528264,1.6830688484823801
2.251125562781391,1.5969314246762505
2.276138069034517,1.5839625593247046
2.301150575287644,1.5167952960908477
2.3261630815407703,1.5279933250294309
2.351175587793897,1.4927553871265815
2.3761880940470235,1.4175424862703796
2.4012006003001503,1.3670363972148707
2.4262131065532766,1.373681884823836
2.4512256128064034,1.369293289394232
2.4762381190595297,1.2748313578557797
2.5012506253126565,1.2810492532154187
2.526263131565783,1.1740604648895936
2.5512756378189096,1.1427382044477714
2.576288144072036,1.121954688904338
2.6013006503251628,1.0908612725905342
2.626313156578289,0.9990060374166964
2.651325662831416,1.0028053221012694
2.6763381690845423,0.9398396275679333
2.701350675337669,0.9168671005584691
2.7263631815907954,0.9048537710358583
2.751375687843922,0.7960890898601998
2.7763881940970485,0.7279670852649852
2.8014007003501753,0.6858790084271759
2.8264132066033016,0.6644454459372583
2.8514257128564284,0.6013137500216391
2.8764382191095548,0.582578911547522
2.9014507253626816,0.5196434092352096
2.926463231615808,0.5202692808076406
2.9514757378689342,0.38047212320850426
2.976488244122061,0.41331302228173283
3.0015007503751874,0.3019443115082093
3.026513256628314,0.2527236686792702
3.0515257628814405,0.248388927904588
3.0765382691345673,0.1716752783749688
3.1015507753876936,0.1467253326475405
3.1265632816408204,0.1159543719494701
3.1515757878939468,0.044284797634309356
3.1765882941470736,0.023254100471692837
3.2016008004002,-0.03768645734081437
3.2266133066533267,-0.14217150268112788
3.251625812906453,-0.13512371786123428
3.27663831915958,-0.2643657276930706
3.301650825412706,-0.3089747947688634
3.326663331665833,-0.35903555986483027
3.3516758379189593,-0.3350475212189057
3.376688344172086,-0.4529747677655227
3.4017008504252124,-0.42788527836428314
3.426713356678339,-0.5003970957802109
3.4517258629314655,-0.598995549762035
3.4767383691845923,-0.558562481169166
3.5017508754377187,-0.6220057613803324
3.5267633816908455,-0.6767939527448741
3.551775887943972,-0.7535112973864665
3.5767883941970986,-0.7564097901789327
3.601800900450225,-0.8384532837993921
3.6268134067033517,-0.9066771448584446
3.651825912956478,-0.8878232501893991
3.676838419209605,-0.9937561980758516
3.701850925462731,-1.0278734803628429
3.726863431715858,-1.0080786833574396
3.7518759379689843,-1.0909565118165157
3.776888444222111,-1.0922884737392942
3.8019009504752375,-1.1795973591981594
3.8269134567283642,-1.2293158992440183
3.8519259629814906,-1.222391764055903
3.8769384692346174,-1.2811658844186116
3.9019509754877437,-1.3767557511804447
3.9269634817408705,-1.346766340773517
3.951975987993997,-1.4238693215302458
3.9769884942471236,-1.4736451221680325
4.00200100050025,-1.4734466366251076
4.027013506753376,-1.496663383179003
4.052026013006503,-1.5207348314125466
4.07703851925963,-1.6080513235851737
4.102051025512757,-1.6242255494084898
4.127063531765883,-1.5854224372804215
4.152076038019009,-1.6830568766874527
4.177088544272136,-1.6919896470613687
4.202101050525263,-1.6600327552464083
4.227113556778389,-1.7463640658974833
4.252126063031516,-1.763129744303501
4.277138569284642,-1.7987254499268042
4.302151075537769,-1.7522187968480987
4.327163581790895,-1.7883620754528224
4.352176088044022,-1.8204678921167454
4.377188594297149,-1.869494837137424
4.4022011005502755,-1.8256697388108851
4.427213606803401,-1.916822034800625
4.452226113056528,-1.912308700673325
4.477238619309655,-1.9303317921002776
4.502251125562782,-1.9526132818554098
4.527263631815908,-1.883528436520104
4.552276138069034,-1.8849523489148803
4.577288644322161,-1.8844778103275246
4.602301150575288,-1.894147433266017
4.627313656828414,-1.965330836810892
4.652326163081541,-1.9011637735448177
4.6773386693346675,-1.9713326846428585
4.702351175587794,-1.9498279296150924
4.72736368184092,-1.9709104137859756
4.752376188094047,-1.8992525438581018
4.777388694347174,-1.911928618345602
4.8024012006003005,-1.9549033419486985
4.827413706853426,-1.8917463406274833
4.852426213106553,-1.918581476188121
4.87743871935968,-1.9297953296617323
4.902451225612807,-1.911242279278675
4.927463731865933,-1.8844789899388101
4.9524762381190595,-1.8864387348231313
4.977488744372186,-1.908974969376095
5.002501250625313,-1.8253387803710948
5.027513756878439,-1.8469174650702667
5.052526263131566,-1.8107207493748771
5.0775387693846925,-1.7770241198272947
5.102551275637819,-1.7677645105460593
5.127563781890945,-1.764541348305523
5.152576288144072,-1.720828323179572
5.177588794397199,-1.7589674089747778
5.2026013006503256,-1.7064848423555132
5.2276138069034515,-1.65385623971588
5.252626313156578,-1.706698060827299
5.277638819409705,-1.6619752310353375
5.302651325662832,-1.6253049316331243
5.327663831915958,-1.5495872017248122
5.3526763381690845,-1.5903053915401435
5.377688844422211,-1.5579775290706126
5.402701350675338,-1.5077876160835146
5.427713856928464,-1.4948690895698615
5.452726363181591,-1.4443953987087401
5.4777388694347176,-1.4170379136716609
5.502751375687844,-1.4033088799701547
5.52776388194097,-1.337128257454026
5.552776388194097,-1.2408216096224156
5.577788894447224,-1.262376015603269
5.602801400700351,-1.1954680200138774
5.6278139069534765,-1.134491804185907
5.652826413206603,-1.1744027707151417
5.67783891945973,-1.046551198427842
5.702851425712857,-1.0894340923617303
5.727863931965983,-1.0413280764533928
5.7528764382191095,-0.9907783677265559
5.777888944472236,-0.9379805866992197
5.802901450725363,-0.9231707700612878
5.827913956978489,-0.8582637968043626
5.852926463231616,-0.7646781018777028
5.877938969484743,-0.6981165659467974
5.9029514757378685,-0.7155789342854751
5.927963981990995,-0.6609572767192238
5.952976488244122,-0.5914109100305197
5.977988994497249,-0.5740641394805728
6.003001500750375,-0.49479922928467573
6.0280140070035015,-0.458468418216278
6.053026513256628,-0.3582263272207432
6.078039019509755,-0.34695126910965146
6.103051525762881,-0.3230799940007899
6.128064032016008,-0.24671026207513436
6.153076538269135,-0.18439773882705118
6.178089044522261,-0.16548431589182863
6.203101550775387,-0.1291979556398406
6.228114057028514,-0.05975848605477459
6.253126563281641,-0.03289012182940368
6.278139069534768,0.011629810590163698
6.3031515757878935,0.10933033093769044
6.32816408204102,0.10169110915285269
6.353176588294147,0.21995899998984844
6.378189094547274,0.23391420136263247
6.4032016008004,0.33769395134633295
6.428214107053527,0.3333646435321233
6.453226613306653,0.40911480845698617
6.47823911955978,0.40430104805511113
6.503251625812906,0.5277941504009367
6.528264132066033,0.5019281294460154
6.55327663831916,0.5366751830201086
6.578289144572286,0.651686966009914
6.603301650825412,0.6446732858766321
6.628314157078539,0.7479237141656649
6.653326663331666,0.7792721876040674
6.678339169584793,0.7724283546812903
6.703351675837919,0.8859594066336679
6.728364182091045,0.8766311510903043
6.753376688344172,0.9897644963546443
6.778389194597299,0.9568892195621039
6.803401700850425,0.9987146003310672
6.828414207103552,1.0863507043383374
6.853426713356678,1.1649243556606468
6.878439219609805,1.1245168698687806
6.903451725862931,1.259855790534274
6.928464232116058,1.2907959970960055
6.953476738369185,1.2725806831438098
6.9784892446223115,1.3505633910547337
7.003501750875437,1.3704794886548648
7.028514257128564,1.410788427565269
7.053526763381691,1.4916789163230524
7.078539269634818,1.4530826074209298
7.103551775887944,1.4754906802773275
7.12856428214107,1.5438672520959744
7.153576788394197,1.5994663363166546
7.178589294647324,1.655176754709174
7.20360180090045,1.627974965368987
7.228614307153577,1.6821979876059783
7.2536268134067035,1.7134136483495503
7.27863931965983,1.7087025791088088
7.303651825912956,1.7569961198296857
7.328664332166083,1.800721302164338
7.35367683841921,1.8014564479728765
7.3786893446723365,1.7848550919091999
7.403701850925462,1.8814191562257658
7.428714357178589,1.8534191663614805
7.453726863431716,1.9310354748018015
7.478739369684843,1.9272649242192765
7.503751875937969,1.899144971646116
7.5287643821910955,1.9604736376310434
7.553776888444222,1.9213436356633382
7.578789394697349,1.965364734389847
7.603801900950475,2.0233629798872506
7.628814407203602,2.0129561905782465
7.6538269134567285,2.040402394569635
7.678839419709855,1.9931855121106472
7.703851925962981,2.008205640231853
7.728864432216108,2.008968713417125
7.753876938469235,2.0109522436034
7.7788894447223615,2.0143122624350958
7.8039019509754874,2.0351167389484095
7.828914457228614,2.078317814916838
7.853926963481741,2.06305974910477
7.878939469734868,2.013372361034395
7.903951975987994,2.083495016109467
7.9289644822411205,2.0853310730878625
7.953976988494247,2.043213761452747
7.978989494747374,2.0593173772166944
8.0040020010005,2.0214386438629885
8.029014507253628,2.0518867439551336
8.054027013506753,1.992857064157729
8.07903951975988,2.0313865294603968
8.104052026013006,1.9855772530179783
8.129064532266133,1.9600704113719107
8.15407703851926,1.9786433650251394
8.179089544772387,1.9740390748588332
8.204102051025513,1.9604293404131559
8.22911455727864,1.8645652095613472
8.254127063531765,1.8908699180684068
8.279139569784892,1.8376422309257063
8.304152076038019,1.8662765213215158
8.329164582291146,1.817016191318023
8.354177088544272,1.8290236261257484
8.379189594797399,1.7894034511044032
8.404202101050526,1.7782103552643453
8.429214607303653,1.695880597000064
8.454227113556778,1.6797364235635095
8.479239619809904,1.6926866595906827
8.504252126063031,1.6064930114086229
8.529264632316158,1.5976354118708562
8.554277138569285,1.6200847718890115
8.579289644822412,1.5127903422728457
8.604302151075538,1.5099337442471565
8.629314657328665,1.4327557464785963
8.65432716358179,1.427774305040725
8.679339669834917,1.4382350324304733
8.704352176088044,1.3989781267647643
8.72936468234117,1.301648718290618
8.754377188594297,1.3349169267540506
8.779389694847424,1.2255574132458278
8.804402201100551,1.2528694918120102
8.829414707353676,1.1895566418001928
8.854427213606803,1.0833122631784482
8.87943971985993,1.0560399069719055
8.904452226113056,1.0911732497001627
8.929464732366183,1.0030546998133651
8.95447723861931,0.9354263505679519
8.979489744872437,0.888590123823887
9.004502251125563,0.8742774809933225
9.029514757378688,0.8020251886571589
9.054527263631815,0.7571272056672306
9.079539769884942,0.753831075755252
9.104552276138069,0.7286126675180823
9.129564782391196,0.6113762501106147
9.154577288644322,0.5395818142216097
9.17958979489745,0.5780542330346554
9.204602301150576,0.5155140990174097
9.229614807403701,0.46317468532650274
9.254627313656828,0.3697765485178455
9.279639819909955,0.3448044894896727
9.304652326163081,0.27752091245010857
9.329664832416208,0.25443653484664674
9.354677338669335,0.17479070402898114
9.379689844922462,0.16657765872671232
9.404702351175589,0.04138468153565691
9.429714857428714,-0.00534602765582371
9.45472736368184,0.04009458443591064
9.479739869934967,-0.01679489163830257
9.504752376188094,-0.15637850660832117
9.52976488244122,-0.1547959061131477
9.554777388694347,-0.22531520600243307
9.579789894947474,-0.2745667059578528
9.604802401200601,-0.2905665421097187
9.629814907453726,-0.3386513981108553
9.654827413706853,-0.38337720875744224
9.67983991995998,-0.49735584272033373
9.704852426213106,-0.5486343145645698
9.729864932466233,-0.564014140898027
9.75487743871936,-0.6142391204120266
9.779889944972487,-0.6198417746215604
9.804902451225614,-0.6982039914304429
9.829914957478739,-0.782743529535733
9.854927463731865,-0.7904724285374949
9.879939969984992,-0.8770636138372362
9.904952476238119,-0.9021910599501699
9.929964982491246,-0.9249567984071307
9.954977488744372,-0.9718551877414968
9.9799899949975,-0.9944482044589275
10.005002501250626,-1.0455672170018482
10.030015007503751,-1.1223401744133734
10.055027513756878,-1.1515063821159868
10.080040020010005,-1.1830874694761986
10.105052526263131,-1.2502632852106026
10.130065032516258,-1.208835604421463
10.155077538769385,-1.3237771306951511
10.180090045022512,-1.3707612373261073
10.205102551275639,-1.3478593060894202
10.230115057528764,-1.370864655531546
10.25512756378189,-1.4389109899046484
10.280140070035017,-1.4773303689959112
10.305152576288144,-1.5170480332015102
10.33016508254127,-1.487793581350823
10.355177588794398,-1.5981313369497832
10.380190095047524,-1.5804993298515388
10.405202601300651,-1.6051292152644185
10.430215107553776,-1.634320697306758
10.455227613806903,-1.6812788898964675
10.48024012006003,-1.6453360905326881
10.505252626313156,-1.6763318624152626
10.530265132566283,-1.7360596335606848
10.55527763881941,-1.7958789546761282
10.580290145072537,-1.780898590378131
10.605302651325664,-1.8013132014128594
10.630315157578789,-1.8323740651161373
10.655327663831915,-1.8241183987630232
10.680340170085042,-1.891934768889419
10.705352676338169,-1.8989057750191995
10.730365182591296,-1.9217255876043369
10.755377688844423,-1.897288894984862
10.78039019509755,-1.9114796885445653
10.805402701350676,-1.8836110125932537
10.830415207603801,-1.9407988728200998
10.855427713856928,-1.9170211162610573
10.880440220110055,-1.9817531017194867
10.905452726363182,-1.938663948355592
10.930465232616308,-1.9639733327209685
10.955477738869435,-1.985515252341348
10.980490245122562,-1.955692883549488
11.005502751375689,-1.900268502752137
11.030515257628814,-1.9546136849640705
11.05552776388194,-1.921535055634924
11.080540270135067,-1.9023100721044524
11.105552776388194,-1.9203965559379241
11.13056528264132,-1.9762637039737718
11.155577788894448,-1.912407242946217
11.180590295147574,-1.872220276244022
11.205602801400701,-1.885196936550652
11.230615307653826,-1.8543037853223054
11.255627813906953,-1.9281076175866019
11.28064032016008,-1.8732233048460667
11.305652826413207,-1.8447450146619662
11.330665332666333,-1.7917705905757795
11.35567783891946,-1.844100767519014
11.380690345172587,-1.7595916492153458
11.405702851425714,-1.7761979651509423
11.430715357678839,-1.808418388271824
11.455727863931966,-1.7547867564295268
11.480740370185092,-1.6855361377400333
11.505752876438219,-1.6966989291768124
11.530765382691346,-1.6611567218945866
11.555777888944473,-1.6653293540489191
11.5807903951976,-1.6633072931752817
11.605802901450726,-1.6207537383502661
11.630815407703851,-1.5726490074279043
11.655827913956978,-1.5330443546262171
11.680840420210105,-1.519360701193376
11.705852926463232,-1.4956907670528525
11.730865432716358,-1.4696265477370893
11.755877938969485,-1.3542417901120027
11.780890445222612,-1.326749961182694
11.805902951475737,-1.339957731000775
11.830915457728864,-1.3025352824275869
11.85592796398199,-1.2176101525173093
11.880940470235117,-1.2407782030744305
11.905952976488244,-1.1910479560476792
11.930965482741371,-1.1034877280232394
11.955977988994498,-1.1151012993450573
11.980990495247624,-1.0797814566805262
12.00600300150075,-1.0207571052166862
12.031015507753876,-0.9482566130952812
12.056028014007003,-0.9180507639386077
12.08104052026013,-0.8828560219893654
12.106053026513257,-0.8846033734211131
12.131065532766383,-0.8312318990034491
12.15607803901951,-0.7109898755538686
12.181090545272637,-0.6662828466889705
12.206103051525762,-0.6581308620413127
12.231115557778889,-0.6030932457812114
12.256128064032016,-0.5350878329235482
12.281140570285142,-0.5301599796914986
12.30615307653827,-0.4794232365845923
12.331165582791396,-0.42729046535659787
12.356178089044523,-0.35975428799690157
12.38119059529765,-0.27819887034441404
12.406203101550775,-0.238071863231072
12.431215607803901,-0.24134403378501762
12.456228114057028,-0.19511597457111557
12.481240620310155,-0.10928722430616394
12.506253126563282,-0.08613891193242794
12.531265632816408,0.02373528057885259
12.556278139069535,0.06572005489002765
12.581290645322662,0.0388636917573323
12.606303151575787,0.11809291018451759
12.631315657828914,0.19665397280869662
12.65632816408204,0.18588486685142866
12.681340670335167,0.31444918327015836
12.706353176588294,0.37681638536400375
12.731365682841421,0.4174472968679137
12.756378189094548,0.44659398606049083
12.781390695347675,0.492906709197861
12.8064032016008,0.5555424156630288
12.831415707853926,0.5311276329535597
12.856428214107053,0.6713111861609107
12.88144072036018,0.7153854663877187
12.906453226613307,0.7647386858224309
12.931465732866434,0.7978902673975862
12.95647823911956,0.8386358225494598
12.981490745372687,0.8947632504170446
13.006503251625812,0.8824786960125633
13.031515757878939,0.9556097701375036
13.056528264132066,1.0152310815614647
13.081540770385192,1.0003032408102759
13.10655327663832,1.127762428046789
13.131565782891446,1.0930839959011178
13.156578289144573,1.182294124173454
13.1815907953977,1.198957869642673
13.206603301650825,1.2611813455397933
13.231615807903951,1.3172729964296204
13.256628314157078,1.297999159963511
13.281640820410205,1.335396254178566
13.306653326663332,1.4360849670276339
13.331665832916459,1.460544654171313
13.356678339169585,1.44904760793944
13.381690845422712,1.5440466233109575
13.406703351675837,1.5008401729465073
13.431715857928964,1.548507834222845
13.45672836418209,1.6448260521846052
13.481740870435218,1.6425106583000217
13.506753376688344,1.6226312405125785
13.531765882941471,1.6729650464852222
13.556778389194598,1.6967005100400863
13.581790895447725,1.7610001323443132
13.60680340170085,1.728273272502159
13.631815907953976,1.8238402435848768
13.656828414207103,1.8526312643102312
13.68184092046023,1.8837336698228047
13.706853426713357,1.8545088020213871
13.731865932966484,1.9312019998960117
13.75687843921961,1.9107799455857872
13.781890945472737,1.9409313728823596
13.806903451725862,1.9627503726675861
13.831915957978989,1.9375674064294006
13.856928464232116,1.9926102122531733
13.881940970485243,1.946904244709918
13.90695347673837,1.9583558815703683
13.931965982991496,1.9735137880799711
13.956978489244623,2.02078113533731
13.98199099549775,2.004208400495279
14.007003501750875,2.010822022435415
14.032016008004002,2.068509271569639
14.057028514257128,2.0491315224956983
14.082041020510255,2.0088092081564257
14.107053526763382,2.0608615270281616
14.132066033016509,2.088246596524085
14.157078539269635,2.0185484181900897
14.182091045522762,2.012313809449275
14.207103551775887,2.046982391458554
14.232116058029014,2.0363732182565655
14.25712856428214,2.0106107938513365
14.282141070535268,2.0315088929635237
14.307153576788394,2.022623530328862
14.332166083041521,1.987108143438019
14.357178589294648,1.9739535606175742
14.382191095547775,2.033862998279245
14.4072036018009,1.9902878517025422
14.432216108054027,2.0007349253593074
14.457228614307153,1.9026081944583872
14.48224112056028,1.9736630454690538
14.507253626813407,1.9606705397423472
14.532266133066534,1.8647824975871805
14.55727863931966,1.8652051867763757
14.582291145572787,1.8156190768173568
14.607303651825912,1.8470273509027355
14.632316158079039,1.7715354500532308
14.657328664332166,1.8206923193782965
14.682341170585293,1.74604246902351
14.70735367683842,1.7611734555069598
14.732366183091546,1.730420373907168
14.757378689344673,1.6388186266767102
14.782391195597798,1.6619764472450167
14.807403701850925,1.5752497711910602
14.832416208104052,1.5753627736985043
14.857428714357178,1.5547938755307376
14.882441220610305,1.502958956605473
14.907453726863432,1.523237335949804
14.932466233116559,1.463846729549387
14.957478739369686,1.3817223368188152
14.98249124562281,1.3729558346228634
15.007503751875937,1.3083712173069921
15.032516258129064,1.2702175629092476
15.057528764382191,1.2641374605158031
15.082541270635318,1.1860263436315226
15.107553776888444,1.1711071428392636
15.132566283141571,1.1705476924942786
15.157578789394698,1.079797631119856
15.182591295647823,1.034478475818363
15.20760380190095,0.9787275409763483
15.232616308154077,0.9626464087128551
15.257628814407203,0.8740376982325541
15.28264132066033,0.8854483718734399
15.307653826913457,0.8119711147313821
15.332666333166584,0.8036545610556265
15.35767883941971,0.712325265571774
15.382691345672836,0.6808782762565964
15.407703851925962,0.6742476615316758
15.43271635817909,0.5698462590954876
15.457728864432216,0.5834779879703187
15.482741370685343,0.4979858495072345
15.50775387693847,0.49573723394130287
15.532766383191596,0.41288072504252377
15.557778889444723,0.3237033439208129
15.582791395697848,0.29851108295154855
15.607803901950975,0.26898610535125334
15.632816408204102,0.1560001887640478
15.657828914457228,0.16849318158433396
15.682841420710355,0.06767960012360202
15.707853926963482,0.014010004378369271
15.732866433216609,0.04126133162248435
15.757878939469736,-0.03899180628602925
15.78289144572286,-0.12378137193374131
15.807903951975987,-0.15832979379733306
15.832916458229114,-0.22301251320598195
15.857928964482241,-0.28774152264620945
15.882941470735368,-0.33661725113667273
15.907953976988495,-0.3830301084925922
15.932966483241621,-0.34952931607499066
15.957978989494748,-0.445020682470342
15.982991495747873,-0.4686264093814158
16.008004002001,-0.5102101058854018
16.03301650825413,-0.615780328039201
16.058029014507255,-0.6515426128695437
16.08304152076038,-0.6861677326380888
16.108054027013505,-0.775785351765822
16.133066533266632,-0.7413549948686686
16.15807903951976,-0.8315196909746138
16.183091545772886,-0.8451132617645614
16.208104052026012,-0.9245897512162315
16.23311655827914,-0.9332230143814277
16.258129064532266,-1.020155685659425
16.283141570785393,-1.077889050961403
16.30815407703852,-1.1287575905322813
16.333166583291646,-1.0745711413771775
16.358179089544773,-1.208970258654768
16.3831915957979,-1.1687530527078858
16.408204102051027,-1.2306937962271143
16.433216608304154,-1.2406300470390488
16.45822911455728,-1.3149242075717822
16.483241620810404,-1.3414363564321932
16.50825412706353,-1.3762251817906461
16.533266633316657,-1.3828005947908504
16.558279139569784,-1.4300132162760442
16.58329164582291,-1.5168082896939759
16.608304152076037,-1.5612788994617326
16.633316658329164,-1.5420698192084774
16.65832916458229,-1.5624946377461675
16.683341670835418,-1.5752467831920047
16.708354177088545,-1.5997587877177823
16.73336668334167,-1.6361392546813092
16.758379189594798,-1.686469146516595
16.783391695847925,-1.6633489850665997
16.808404202101052,-1.7200024543793158
16.83341670835418,-1.7584694355112855
16.858429214607305,-1.7587766635062023
16.88344172086043,-1.8284034329218453
16.908454227113555,-1.8615201578010125
16.933466733366682,-1.8744384659294957
16.95847923961981,-1.8833954399449977
16.983491745872936,-1.8469354534607867
17.008504252126063,-1.9190346186207687
17.03351675837919,-1.9315053964953919
17.058529264632316,-1.8616186425162156
17.083541770885443,-1.9513719245556134
17.10855427713857,-1.904994977841424
17.133566783391696,-1.9681777669059657
17.158579289644823,-1.959869936002835
17.18359179589795,-1.9642292254977656
17.208604302151077,-1.928056757120866
17.233616808404204,-1.9476605214069185
17.25862931465733,-1.9757715523610628
17.283641820910454,-1.962855151874243
17.30865432716358,-1.945670752313895
17.333666833416707,-1.9111160369441973
17.358679339669834,-1.9712046197653779
17.38369184592296,-1.8962444229544457
17.408704352176088,-1.936116925388839
17.433716858429214,-1.9534480244645862
17.45872936468234,-1.8685331198483184
17.483741870935468,-1.8641351861954076
17.508754377188595,-1.9457344201462423
17.53376688344172,-1.857002819431725
17.55877938969485,-1.900391745263291
17.583791895947975,-1.8774522260612263
17.608804402201102,-1.8749486963208652
17.63381690845423,-1.8593506114709994
17.658829414707352,-1.787796837402938
17.68384192096048,-1.7964313979847026
17.708854427213605,-1.8126771483543196
17.733866933466732,-1.7912062716724986
17.75887943971986,-1.715704489658434
17.783891945972986,-1.6742777899646881
17.808904452226113,-1.7070384599056778
17.83391695847924,-1.6605608322520913
17.858929464732366,-1.6315199597475865
17.883941970985493,-1.573561190019474
17.90895447723862,-1.6062874260568933
17.933966983491747,-1.5554645455197558
17.958979489744873,-1.480096133418022
17.983991995998,-1.4848757825106242
18.009004502251127,-1.4293073883192149
18.034017008504254,-1.4462114123966665
18.059029514757377,-1.4106744897918158
18.084042021010504,-1.3845779262657594
18.10905452726363,-1.3482156191488701
18.134067033516757,-1.3091006931605043
18.159079539769884,-1.218008094268872
18.18409204602301,-1.2243149298767855
18.209104552276138,-1.1511339007085462
18.234117058529264,-1.0776269149395787
18.25912956478239,-1.0926557886845814
18.284142071035518,-1.0616491068420129
18.309154577288645,-0.9777024288560023
18.33416708354177,-0.9334974088596322
18.3591795897949,-0.8885085294568094
18.384192096048025,-0.8052836710464141
18.409204602301152,-0.7581705799961092
18.43421710855428,-0.7888283519337344
18.459229614807402,-0.6767213038626521
18.48424212106053,-0.668936222816707
18.509254627313656,-0.6007706340814876
18.534267133566782,-0.6176071667794533
18.55927963981991,-0.5535523137308378
18.584292146073036,-0.47649004438250186
18.609304652326163,-0.3804282846966074
18.63431715857929,-0.3544640491561446
18.659329664832416,-0.30308358161874593
18.684342171085543,-0.2638047994746828
18.70935467733867,-0.25881762910237593
18.734367183591797,-0.2060061286483691
18.759379689844923,-0.11538959705576275
18.78439219609805,-0.09235047546844646
18.809404702351177,0.0031507677603358347
18.834417208604304,-0.006832437806779213
18.859429714857427,0.04381428781201091
18.884442221110554,0.09410990964543176
18.90945472736368,0.13301232338510052
18.934467233616807,0.24984789687705
18.959479739869934,0.2584859339398058
18.98449224612306,0.2745844898492105
19.009504752376188,0.37925185886936486
19.034517258629315,0.42442804345602936
19.05952976488244,0.4396248330958714
19.084542271135568,0.5149513759352945
19.109554777388695,0.5457072991308807
19.13456728364182,0.6401684780736904
19.15957978989495,0.666635534166799
19.184592296148075,0.6957539103731345
19.209604802401202,0.798013160035871
19.23461730865433,0.8044792753457232
19.259629814907452,0.8151669511311049
19.28464232116058,0.8800146312534574
19.309654827413706,0.9406025623444684
19.334667333666832,0.959553342557068
19.35967983991996,1.0613780428803647
19.384692346173086,1.0971155282300709
19.409704852426213,1.1206866217535412
19.43471735867934,1.1976594942468193
19.459729864932466,1.1930468220609736
19.484742371185593,1.238448178423577
19.50975487743872,1.2879261650731362
19.534767383691847,1.3281832452405695
19.559779889944974,1.401813308532095
19.5847923961981,1.4088486154927846
19.609804902451227,1.4082571245803421
19.634817408704354,1.4379240486872202
19.659829914957477,1.527396467186503
19.684842421210604,1.549516961651308
19.70985492746373,1.5633226322414768
19.734867433716857,1.5643904817262175
19.759879939969984,1.592527190048494
19.78489244622311,1.6333499286312503
19.809904952476238,1.6464930804661067
19.834917458729365,1.724429318024594
19.85992996498249,1.7751154804057463
19.884942471235618,1.7327784432848437
19.909954977488745,1.7722748275240627
19.93496748374187,1.7911428195202272
19.959979989995,1.8192302619041956
19.984992496248125,1.8493733472357725
20.010005002501252,1.8514062098575428
20.03501750875438,1.8636332048992141
20.060030015007502,1.8895451074387315
20.08504252126063,1.9229945071684136
20.110055027513756,1.9948662364576741
20.135067533766883,1.9271475407065792
20.16008004002001,1.969002002939441
20.185092546273136,1.9795799548632889
20.210105052526263,2.0522311439945726
20.23511755877939,2.051752467101471
20.260130065032516,2.069797569757089
20.285142571285643,2.0517112785274283
20.31015507753877,2.032553884713308
20.335167583791897,2.0211821689041742
20.360180090045024,2.0557617562050634
20.38519259629815,2.049873335511606
20.410205102551277,2.089942010739505
20.435217608804404,2.0494126898786984
20.460230115057527,2.083009238537211
20.485242621310654,2.004094098546742
20.51025512756378,2.0752070902585573
20.535267633816908,2.0469120877770313
20.560280140070034,1.9973114789957884
20.58529264632316,2.0462388823844244
20.610305152576288,2.052872615676769
20.635317658829415,1.9807352037736088
20.66033016508254,1.9532107592409298
20.68534267133567,1.9575814846069084
20.710355177588795,1.9338033273834125
20.735367683841922,1.9622325937965583
20.76038019009505,1.8896125436512354
20.785392696348175,1.9424460873213325
20.810405202601302,1.9224903532608069
20.835417708854425,1.9135509220836986
20.860430215107552,1.8462923418149808
20.88544272136068,1.8353625542088443
20.910455227613806,1.8640653551500646
20.935467733866933,1.7915890619669064
20.96048024012006,1.8110992779163277
20.985492746373186,1.7471133483169392
21.010505252626313,1.756552098952432
21.03551775887944,1.7167098315601563
21.060530265132567,1.6684302093417818
21.085542771385693,1.6735838635552431
21.11055527763882,1.59580727851546
21.135567783891947,1.5936762013819534
21.160580290145074,1.5748616894752931
21.1855927963982,1.5213994839490017
21.210605302651327,1.4494018830365463
21.23561780890445,1.4071425780874416
21.260630315157577,1.4160354240619069
21.285642821410704,1.3462350435629655
21.31065532766383,1.2790349753230168
21.335667833916958,1.279604611355176
21.360680340170084,1.2100711172409717
21.38569284642321,1.1684747513933298
21.410705352676338,1.1084893334579287
21.435717858929465,1.1370137294534766
21.46073036518259,1.0488892007984607
21.48574287143572,0.9964921051344813
21.510755377688845,1.0228851367251637
21.535767883941972,0.9184636149510573
21.5607803901951,0.8411402757740771
21.585792896448226,0.816106606647107
21.610805402701352,0.7542061260692212
21.635817908954476,0.7155704055139336
21.660830415207602,0.6682789138503356
21.68584292146073,0.6063794012277669
21.710855427713856,0.6242731343688087
21.735867933966983,0.5232036994618847
21.76088044022011,0.5511332554487247
21.785892946473236,0.4581792737152294
21.810905452726363,0.4118263391223105
21.83591795897949,0.3922857051760594
21.860930465232617,0.3486817449959113
21.885942971485743,0.2595779943193462
21.91095547773887,0.20989303239311047
21.935967983991997,0.13242504769564095
21.960980490245124,0.08516091086972069
21.98599299649825,0.10388533062688189
22.011005502751377,0.05239844184856563
22.0360180090045,0.0033512990909214807
22.061030515257627,-0.11671510125757174
22.086043021510754,-0.16815096863111528
22.11105552776388,-0.19613836933966244
22.136068034017008,-0.2210174581174077
22.161080540270135,-0.32458453950282845
22.18609304652326,-0.30124662646653116
22.211105552776388,-0.3444711304466637
22.236118059029515,-0.4559812745769545
22.26113056528264,-0.49377511300982685
22.28614307153577,-0.4842211899628087
22.311155577788895,-0.5477426323699595
22.336168084042022,-0.6216898538421591
22.36118059029515,-0.7148156806238534
22.386193096548276,-0.7668501859416085
22.411205602801402,-0.7750299902446206
22.436218109054526,-0.8260210898553877
22.461230615307652,-0.890581515102642
22.48624312156078,-0.9461708739379596
22.511255627813906,-0.960653020708577
22.536268134067033,-0.9460574696206329
22.56128064032016,-1.06701534225033
22.586293146573286,-1.044466116968557
22.611305652826413,-1.1067634256738101
22.63631815907954,-1.1522062777829303
22.661330665332667,-1.1863460489881263
22.686343171585793,-1.2315221021991718
22.71135567783892,-1.292777428384365
22.736368184092047,-1.2678873661888441
22.761380690345174,-1.3110611577354685
22.7863931965983,-1.335057764760514
22.811405702851427,-1.368276288660583
22.83641820910455,-1.4701292621026474
22.861430715357677,-1.5134572059581002
22.886443221610804,-1.5539185352351619
22.91145572786393,-1.5657946930009894
22.936468234117058,-1.6094540229382837
22.961480740370185,-1.6387800889119128
22.98649324662331,-1.6310125473043844
23.011505752876438,-1.606721385549882
23.036518259129565,-1.6817745245006595
23.06153076538269,-1.688384499121935
23.08654327163582,-1.714258675755384
23.111555777888945,-1.737485865765317
23.136568284142072,-1.7493364280770811
23.1615807903952,-1.8360811301066304
23.186593296648326,-1.848160996585581
23.211605802901452,-1.8368027682523353
23.236618309154576,-1.8547746704077754
23.261630815407702,-1.8407099058066954
23.28664332166083,-1.9137042160153923
23.311655827913956,-1.85160227938996
23.336668334167083,-1.8593851738488711
23.36168084042021,-1.89917365670856
23.386693346673336,-1.9368164916250403
23.411705852926463,-1.9070525408873078
23.43671835917959,-1.9829207581050734
23.461730865432717,-1.913878489298905
23.486743371685844,-1.9168573479543651
23.51175587793897,-1.9165941523698728
23.536768384192097,-1.935365412035458
23.561780890445224,-1.9729684215029386
23.58679339669835,-1.9421947269610726
23.611805902951474,-1.9287727141774818
23.6368184092046,-1.9753468337409232
23.661830915457728,-1.9486402937290994
23.686843421710854,-1.945507678795263
23.71185592796398,-1.913632943927588
23.736868434217108,-1.9236772119362628
23.761880940470235,-1.878000709977566
23.78689344672336,-1.892731749110347
23.81190595297649,-1.851169926620559
23.836918459229615,-1.9186744388102084
23.861930965482742,-1.8665583875811176
23.88694347173587,-1.8094723622343625
23.911955977988995,-1.8295841234993215
23.936968484242122,-1.78080927138319
23.96198099049525,-1.8060343527221114
23.986993496748376,-1.8214098114101638
24.0120060030015,-1.7104809518687687
24.037018509254626,-1.7604951512233256
24.062031015507753,-1.6994880891967112
24.08704352176088,-1.7078930032764714
24.112056028014006,-1.6824152914193367
24.137068534267133,-1.5912064467710936
24.16208104052026,-1.5516529836960067
24.187093546773387,-1.585030282794449
24.212106053026513,-1.588056639629615
24.23711855927964,-1.512938522289371
24.262131065532767,-1.4330915804647943
24.287143571785894,-1.449522815401096
24.31215607803902,-1.4601765950206378
24.337168584292147,-1.4084505600047394
24.362181090545274,-1.3787202457771985
24.3871935967984,-1.3524762062270075
24.412206103051524,-1.2559130528366627
24.43721860930465,-1.1931876435128814
24.462231115557778,-1.2254654370167775
24.487243621810904,-1.1387459946873837
24.51225612806403,-1.0698248870149927
24.537268634317158,-1.1082044317302067
24.562281140570285,-1.0155914097373309
24.58729364682341,-1.020641389948186
24.61230615307654,-0.912959697182496
24.637318659329665,-0.8871959502796137
24.662331165582792,-0.9041849647378583
24.68734367183592,-0.8468068103192787
24.712356178089045,-0.7237948448044776
24.737368684342172,-0.7374721064504507
24.7623811905953,-0.7089509185128843
24.787393696848426,-0.6696301522357714
24.81240620310155,-0.5836523830621887
24.837418709354676,-0.5819343529524361
24.862431215607803,-0.4373467705543328
24.88744372186093,-0.41487608669490916
24.912456228114056,-0.3897610533553897
24.937468734367183,-0.3566341912079702
24.96248124062031,-0.2681556173604915
24.987493746873437,-0.22167071158004786
25.012506253126563,-0.14288874219571304
25.03751875937969,-0.1506978283239337
25.062531265632817,-0.05285778026784281
25.087543771885944,-0.051723401504722134
25.11255627813907,-0.03641283231879128
25.137568784392197,0.048729380361455285
25.162581290645324,0.1492673108179013
25.18759379689845,0.1844813020858017
25.212606303151574,0.2146514689268344
25.2376188094047,0.2665451983275846
25.262631315657828,0.31049698574048545
25.287643821910955,0.3796889788195849
25.31265632816408,0.4027055805182328
25.337668834417208,0.43676354633851694
25.362681340670335,0.45649571036062353
25.38769384692346,0.524696413186354
25.41270635317659,0.6002851077976775
25.437718859429715,0.6625943735447783
25.462731365682842,0.688978550562654
25.48774387193597,0.7467903244146131
25.512756378189096,0.7587972961410683
25.537768884442222,0.8443241154245074
25.56278139069535,0.8598340433947637
25.587793896948476,0.9689284893805795
25.6128064032016,0.9541927505124588
25.637818909454726,1.066340121319551
25.662831415707853,1.0604964251535782
25.68784392196098,1.082827300630697
25.712856428214106,1.1605136525263886
25.737868934467233,1.152894622131108
25.76288144072036,1.2028863304998885
25.787893946973487,1.2983426184233688
25.812906453226613,1.2765369407917941
25.83791895947974,1.382838239914096
25.862931465732867,1.3340894190969679
25.887943971985994,1.4611678027712394
25.91295647823912,1.455902116050353
25.937968984492247,1.4465529096105214
25.962981490745374,1.506534123367264
25.9879939969985,1.5106106503399352
26.013006503251624,1.6058854593376921
26.03801900950475,1.601299233657402
26.063031515757878,1.648914650079019
26.088044022011005,1.7050646441614277
26.11305652826413,1.6792429155101387
26.138069034517258,1.746446245970323
26.163081540770385,1.7742123034656962
26.18809404702351,1.8285362482903549
26.21310655327664,1.8541254159767997
26.238119059529765,1.8242247314088937
26.263131565782892,1.8223711072956696
26.28814407203602,1.8749735579589764
26.313156578289146,1.8724485465438578
26.338169084542272,1.9004240153242986
26.3631815907954,1.9729502205194807
26.388194097048526,1.985836567661238
26.41320660330165,1.953727372174533
26.438219109554776,1.9445470745193094
26.463231615807903,1.9859767049498311
26.48824412206103,2.03911801447906
26.513256628314156,2.029640425453315
26.538269134567283,2.0147072579928342
26.56328164082041,2.0019787798374074
26.588294147073537,2.0719325373956843
26.613306653326664,2.0025213383388913
26.63831915957979,2.0513251684773666
26.663331665832917,2.094946686306929
26.688344172086044,2.0744653063787877
26.71335667833917,2.0062130118655617
26.738369184592298,2.006625403768924
26.763381690845424,1.9978882142694312
26.788394197098548,2.0493464409767905
26.813406703351674,2.006802046072224
26.8384192096048,2.0601672389257644
26.863431715857928,1.9963312691722814
26.888444222111055,2.0177529295144905
26.91345672836418,2.023384845640771
26.93846923461731,2.003903597932056
26.963481740870435,2.0036286101657015
26.988494247123562,1.9394482077381678
27.01350675337669,1.9177870289020746
27.038519259629815,1.9456449914053222
27.063531765882942,1.9392972141688771
27.08854427213607,1.8841951055984365
27.113556778389196,1.9261643643527566
27.138569284642323,1.8829082421313106
27.16358179089545,1.830907169472645
27.188594297148573,1.797835638296894
27.2136068034017,1.8132122415892242
27.238619309654826,1.7967320066553687
27.263631815907953,1.7314151868179564
27.28864432216108,1.7007176717233194
27.313656828414207,1.660011165873687
27.338669334667333,1.6353719377179554
27.36368184092046,1.5980574690428262
27.388694347173587,1.6375798699118247
27.413706853426714,1.55265222424545
27.43871935967984,1.5703178205081707
27.463731865932967,1.4548682453095574
27.488744372186094,1.4962762469505342
27.51375687843922,1.418291291283566
27.538769384692348,1.3468438412923125
27.563781890945474,1.3776134361323071
27.588794397198598,1.3019249272096582
27.613806903451724,1.3224949842157838
27.63881940970485,1.2546184542486893
27.663831915957978,1.147629614480283
27.688844422211105,1.1579026626960711
27.71385692846423,1.116771933800304
27.73886943471736,1.1024024878216119
27.763881940970485,1.029550285069835
27.788894447223612,0.9838320832398965
27.81390695347674,0.9655682476313149
27.838919459729865,0.8627011971324977
27.863931965982992,0.8515050374361108
27.88894447223612,0.8447363692859532
27.913956978489246,0.7254657102669639
27.938969484742373,0.736882751632834
27.9639819909955,0.6197622300434279
27.988994497248623,0.6235442971681202
28.01400700350175,0.523807299798242
28.039019509754876,0.47166800567974004
28.064032016008003,0.4462934288571714
28.08904452226113,0.42552559981935123
28.114057028514257,0.34670931771661806
28.139069534767383,0.3065459901255488
28.16408204102051,0.23200213084327337
28.189094547273637,0.1807115140625426
28.214107053526764,0.1488874120297679
28.23911955977989,0.08340986737494954
28.264132066033017,0.10518099284534964
28.289144572286144,-0.013425553888452485
28.31415707853927,0.006652298405952203
28.339169584792398,-0.07348727855302797
28.364182091045524,-0.09062430046099597
28.389194597298648,-0.17132490009641244
28.414207103551774,-0.20616477097996766
28.4392196098049,-0.2730962916100906
28.464232116058028,-0.3240023962281291
28.489244622311155,-0.41068303601665435
28.51425712856428,-0.4605729244386344
28.53926963481741,-0.5171407006303093
28.564282141070535,-0.5155215055693745
28.589294647323662,-0.5955196184287808
28.61430715357679,-0.5722931745132362
28.639319659829916,-0.6224943542862738
28.664332166083042,-0.6810368869215473
28.68934467233617,-0.7591988945950613
28.714357178589296,-0.8338487291397948
28.739369684842423,-0.8960787647070965
28.76438219109555,-0.8575333150598047
28.789394697348673,-0.8947220434432707
28.8144072036018,-0.9846573064112322
28.839419709854926,-0.9927090069976502
28.864432216108053,-1.0548610618751784
28.88944472236118,-1.123749631540116
28.914457228614307,-1.1064684961146976
28.939469734867433,-1.156071781167046
28.96448224112056,-1.1778670922112255
28.989494747373687,-1.2447563050797557
29.014507253626814,-1.3442471314464743
29.03951975987994,-1.3354544457210633
29.064532266133067,-1.40799660621069
29.089544772386194,-1.356090675995539
29.11455727863932,-1.3958536332296856
29.139569784892448,-1.4468833163714525
29.164582291145575,-1.5519325337632148
29.189594797398698,-1.5163278846014558
29.214607303651825,-1.522772389459966
29.23961980990495,-1.5622596853343076
29.264632316158078,-1.5854634241892027
29.289644822411205,-1.676604333341067
29.31465732866433,-1.648526002648172
29.33966983491746,-1.7119320512838556
29.364682341170585,-1.765802772105229
29.389694847423712,-1.732958014894923
29.41470735367684,-1.736726284889789
29.439719859929966,-1.818507443579412
29.464732366183092,-1.789511103028452
29.48974487243622,-1.8349910958300084
29.514757378689346,-1.8855075196497089
29.539769884942473,-1.810038194586474
29.564782391195596,-1.8911933030508106
29.589794897448723,-1.9236427215196714
29.61480740370185,-1.8700693567607674
29.639819909954976,-1.9316643471963306
29.664832416208103,-1.9382022086732247
29.68984492246123,-1.9169518794731477
29.714857428714357,-1.9271018734843253
29.739869934967484,-1.9428563117785584
29.76488244122061,-1.9002266973074384
29.789894947473737,-1.9448751475198667
29.814907453726864,-1.9857567517322603
29.83991995997999,-1.9554349027962357
29.864932466233117,-1.987847582231048
29.889944972486244,-1.9865406313993423
29.91495747873937,-1.9329332552477563
29.939969984992498,-1.909836222366177
29.96498249124562,-1.9439926545283874
29.989994997498748,-1.9359700180499808
30.015007503751875,-1.8795865035822752
30.040020010005,-1.9441626776203336
30.06503251625813,-1.9471874656729793
30.090045022511255,-1.9233344575849356
30.115057528764382,-1.8453498782157485
30.14007003501751,-1.8279215550210932
30.165082541270635,-1.8120968147932959
30.190095047523762,-1.856156257499916
30.21510755377689,-1.7837896088390046
30.240120060030016,-1.8351268648501773
30.265132566283143,-1.8102989201955602
30.29014507253627,-1.7488830715066934
30.315157578789396,-1.695509466974553
30.340170085042523,-1.7307561284342392
30.365182591295646,-1.6493043623216346
30.390195097548773,-1.613660897797637
30.4152076038019,-1.6065758942201025
30.440220110055026,-1.569953343006082
30.465232616308153,-1.5565555703254115
30.49024512256128,-1.5023029945522166
30.515257628814407,-1.468594475527691
30.540270135067534,-1.4762142888089915
30.56528264132066,-1.4252259970110341
30.590295147573787,-1.463051265072549
30.615307653826914,-1.4214531616660406
30.64032016008004,-1.3841236977582425
30.665332666333168,-1.2648295714950089
30.690345172586294,-1.2972531581122813
30.71535767883942,-1.2175690088328386
30.740370185092548,-1.228449633008388
30.76538269134567,-1.1912895927793894
30.790395197598798,-1.1405621241817179
30.815407703851925,-1.0573239850043124
30.84042021010505,-1.0333143294099527
30.86543271635818,-0.9574043134373075
30.890445222611305,-0.939617265218666
30.915457728864432,-0.9486332606110085
30.94047023511756,-0.8326563377395246
30.965482741370685,-0.8575930645342846
30.990495247623812,-0.7811055182993812
31.01550775387694,-0.7294235686533463
31.040520260130066,-0.6909846143360611
31.065532766383193,-0.6518666872966092
31.09054527263632,-0.6162040080937523
31.115557778889446,-0.585180293492403
31.140570285142573,-0.5017476992207643
31.165582791395696,-0.4268409120408181
31.190595297648823,-0.44225321632651593
31.21560780390195,-0.3893484623613611
31.240620310155077,-0.32490383372552706
31.265632816408203,-0.2247954755561111
31.29064532266133,-0.21252274042064528
31.315657828914457,-0.11971699106327502
31.340670335167584,-0.11101648653463109
31.36568284142071,-0.09811321878105086
31.390695347673837,-0.01567289275136457
31.415707853926964,0.093617299268397
31.44072036018009,0.11035542549381819
31.465732866433218,0.17065791358216198
31.490745372686344,0.2286040750959239
31.51575787893947,0.24161938734154265
31.540770385192598,0.3353354652892091
31.56578289144572,0.3482019290412297
31.590795397698848,0.44271838907110567
31.615807903951975,0.4832001367143954
31.6408204102051,0.45955530908096104
31.66583291645823,0.5440853651078439
31.690845422711355,0.6002856510114971
31.715857928964482,0.6848714094511166
31.74087043521761,0.6849928890264662
31.765882941470736,0.6920827132288846
31.790895447723862,0.7488487210673951
31.81590795397699,0.8725980941604481
31.840920460230116,0.9081751412804053
31.865932966483243,0.9450103797575489
31.89094547273637,0.9187830240088405
31.915957978989496,1.005133973754685
31.940970485242623,1.0027679859488392
31.965982991495746,1.131730699790139
31.990995497748873,1.103184797035523
32.016008004002,1.1564293009706825
32.04102051025513,1.216033701622721
32.06603301650826,1.23926870560194
32.091045522761384,1.27593359955916
32.11605802901451,1.30642572265744
32.14107053526764,1.4150847958205857
32.16608304152076,1.4280004726785671
32.191095547773884,1.4540092284599528
32.21610805402701,1.4723215945549581
32.24112056028014,1.550460993623708
32.266133066533264,1.518826502901719
32.29114557278639,1.5470970724507058
32.31615807903952,1.6349630093161094
32.341170585292645,1.6050502947940266
32.36618309154577,1.6692650643224942
32.3911955977989,1.697172025755279
32.416208104052025,1.7219328494816186
32.44122061030515,1.8051097541050876
32.46623311655828,1.7743057643626017
32.491245622811405,1.8120912284544273
32.51625812906453,1.8402089147192822
32.54127063531766,1.8290021030543717
32.566283141570786,1.828946815989627
32.59129564782391,1.8592894251461136
32.61630815407704,1.9568674666223858
32.641320660330166,1.9399455882805225
32.66633316658329,1.9816060067810068
32.69134567283642,1.960315555715787
32.716358179089546,2.017706168574985
32.74137068534267,1.9454826380604222
32.7663831915958,2.026907849567817
32.79139569784893,2.0177138751252603
32.81640820410205,1.9782943301021976
32.84142071035518,2.066762101418287
32.86643321660831,2.0224741914040254
32.891445722861434,2.0333619233398377
32.91645822911456,2.057393568095717
32.94147073536768,2.0722120870287326
32.96648324162081,2.0425963706297683
32.991495747873934,2.0599803689554004
33.01650825412706,2.004749224035149
33.04152076038019,2.082720639920165
33.066533266633314,2.0351007904021343
33.09154577288644,2.0326028370055953
33.11655827913957,2.024903251742388
33.141570785392695,2.0246917543435643
33.16658329164582,2.038077643232074
33.19159579789895,1.970458785654796
33.216608304152075,1.9789829928394704
33.2416208104052,2.033885851661459
33.26663331665833,1.9723871626848632
33.291645822911455,1.9359089220125765
33.31665832916458,1.9527993627050648
33.34167083541771,1.8799642609798706
33.366683341670836,1.8866247404629444
33.39169584792396,1.884785798554818
33.41670835417709,1.8609079115228873
33.441720860430216,1.8329497956387393
33.46673336668334,1.8127503706552721
33.49174587293647,1.8357985125831369
33.516758379189596,1.7472231508117817
33.54177088544272,1.7866247396738397
33.56678339169585,1.7542617172320554
33.59179589794898,1.6637062109315839
33.616808404202104,1.6608396327763493
33.64182091045523,1.6038864502029184
33.66683341670836,1.6391421387075815
33.691845922961484,1.5892980066214055
33.71685842921461,1.5541540694279008
33.74187093546773,1.4842613177648107
33.76688344172086,1.460755164488737
33.791895947973984,1.435928254900285
33.81690845422711,1.3896726554474232
33.84192096048024,1.3401074299215374
33.866933466733364,1.3357528044139908
33.89194597298649,1.238265649473673
33.91695847923962,1.2667373462128395
33.941970985492745,1.2413055693245714
33.96698349174587,1.1397839980474798
33.991995997999,1.102105034791276
34.017008504252125,1.0851882626422948
34.04202101050525,0.9885074608930933
34.06703351675838,0.9725016607523276
34.092046023011505,0.967187655908994
34.11705852926463,0.9290350904227724
34.14207103551776,0.890998030811554
34.167083541770886,0.7707728677579969
34.19209604802401,0.805446594290274
34.21710855427714,0.7102367877585395
34.242121060530266,0.6909480557121488
34.26713356678339,0.6375498244664494
34.29214607303652,0.5934473899135555
34.31715857928965,0.5160701860835722
34.34217108554277,0.5135549694666361
34.3671835917959,0.44671302988161044
34.39219609804903,0.34549468350583806
34.417208604302154,0.3183485920409791
34.44222111055528,0.24027921270110586
34.46723361680841,0.19701677160445283
34.492246123061534,0.22290946649603124
34.51725862931466,0.12425322065585803
34.54227113556778,0.10810269896665224
34.56728364182091,0.07487119768906782
34.592296148074034,0.0044863757117599296
34.61730865432716,-0.04557545245229225
34.64232116058029,-0.1044995619762762
34.667333666833414,-0.17562316045451906
34.69234617308654,-0.22713599397773496
34.71735867933967,-0.25554229427708386
34.742371185592795,-0.29997655231360576
34.76738369184592,-0.3931467405844583
34.79239619809905,-0.3894185552183177
34.817408704352175,-0.48173329765462053
34.8424212106053,-0.5489023314509326
34.86743371685843,-0.5844831724962494
34.892446223111556,-0.6505021001277781
34.91745872936468,-0.6523507676865721
34.94247123561781,-0.6959318688633906
34.967483741870936,-0.729836259308444
34.99249624812406,-0.773671497462108
35.01750875437719,-0.8682805563904404
35.042521260630316,-0.8482143352235942
35.06753376688344,-0.900920796850236
35.09254627313657,-0.943400844408136
35.1175587793897,-1.0454263689306444
35.14257128564282,-1.0320403640268638
35.16758379189595,-1.0797984931314906
35.19259629814908,-1.153494883388588
35.217608804402204,-1.143728783416223
35.24262131065533,-1.2473886094909046
35.26763381690846,-1.2451517742784513
35.292646323161584,-1.3087933076502798
35.317658829414704,-1.3376366419078343
35.34267133566783,-1.3918720073087383
35.36768384192096,-1.4298488299943453
35.392696348174084,-1.431513652280666
35.41770885442721,-1.5038923886879405
35.44272136068034,-1.504154538617993
35.467733866933465,-1.5249247573325855
35.49274637318659,-1.524745033992635
35.51775887943972,-1.5794238028597838
35.542771385692845,-1.6003818022988208
35.56778389194597,-1.6219681689536907
35.5927963981991,-1.6423106772210088
35.617808904452225,-1.6640668445314752
35.64282141070535,-1.7532615216383838
35.66783391695848,-1.6996832068641354
35.692846423211606,-1.8010928401603816
35.71785892946473,-1.7869689220448413
35.74287143571786,-1.8090020373005464
35.767883941970986,-1.823264313542151
35.79289644822411,-1.7918762375199444
35.81790895447724,-1.8796312349525233
35.842921460730366,-1.8363399083138652
35.86793396698349,-1.8757714994024977
35.89294647323662,-1.8861095997856954
35.91795897948975,-1.8917960489500445
35.94297148574287,-1.9080035231851924
35.967983991996,-1.915087176321521
35.99299649824913,-1.914740731621182
36.018009004502254,-1.9149750079131949
36.04302151075538,-1.9203387803366636
36.06803401700851,-1.8996518229338186
36.093046523261634,-1.973561571001311
36.118059029514754,-1.957673595008697
36.14307153576788,-1.9670210699955502
36.16808404202101,-1.9523084016290295
36.193096548274134,-1.9180650019852965
36.21810905452726,-1.9402198549714078
36.24312156078039,-1.9031981655681502
36.268134067033515,-1.9548404112733633
36.29314657328664,-1.9594403381521541
36.31815907953977,-1.8763291181566901
36.343171585792895,-1.931150698826957
36.36818409204602,-1.8727397786641378
36.39319659829915,-1.898635785350432
36.418209104552275,-1.8516965364809626
36.4432216108054,-1.8310719978490828
36.46823411705853,-1.8203909115842791
36.493246623311656,-1.8497660541188303
36.51825912956478,-1.8305792605354736
36.54327163581791,-1.7917757195285506
36.568284142071036,-1.7632828853558757
36.59329664832416,-1.7212499857804517
36.61830915457729,-1.7430047275452134
36.643321660830416,-1.7166006784109662
36.66833416708354,-1.6754250368658483
36.69334667333667,-1.611429145261024
36.7183591795898,-1.6052611852286105
36.743371685842924,-1.6167898488712271
36.76838419209605,-1.5684152426086932
36.79339669834918,-1.5678869525106056
36.818409204602304,-1.4504955896026603
36.84342171085543,-1.4828560824696972
36.86843421710856,-1.446076128534986
36.893446723361684,-1.3966243213584193
36.918459229614804,-1.353431594765597
36.94347173586793,-1.3263077410789332
36.96848424212106,-1.2432585656344548
36.993496748374184,-1.2839422052892269
37.01850925462731,-1.239764583967338
37.04352176088044,-1.1778289850151575
37.068534267133565,-1.0800846194045906
37.09354677338669,-1.0632319961362913
37.11855927963982,-1.0370715617986461
37.143571785892945,-0.9872088616937684
37.16858429214607,-0.9622193971613128
37.1935967983992,-0.9633619183758212
37.218609304652325,-0.8502450703023605
37.24362181090545,-0.7850794306091324
37.26863431715858,-0.7858027311597819
37.293646823411706,-0.7643020782946128
37.31865932966483,-0.6732817547071539
37.34367183591796,-0.6134833429805056
37.368684342171086,-0.5898220139762871
37.39369684842421,-0.5668999795872084
37.41870935467734,-0.5407171363432034
37.44372186093047,-0.40873601364063994
37.46873436718359,-0.4198537663898706
37.49374687343672,-0.3150801268111969
37.51875937968985,-0.30779848472204474
37.543771885942974,-0.2531489365076481
37.5687843921961,-0.19552489103277834
37.59379689844923,-0.19404422045102898
37.618809404702354,-0.06611913205919069
37.64382191095548,-0.03856819706010067
37.66883441720861,-0.00034817518087838784
37.693846923461734,0.04787398290832631
37.718859429714854,0.12790280656415484
37.74387193596798,0.15597356563879902
37.76888444222111,0.1465280362292814
37.793896948474234,0.27190747736817356
37.81890945472736,0.27790863255147563
37.84392196098049,0.3383773874101089
37.868934467233615,0.3555405183207636
37.89394697348674,0.4670967069872607
37.91895947973987,0.466637430334093
37.943971985992995,0.49069424807282586
37.96898449224612,0.5647822045528206
37.99399699849925,0.6799753062615649
38.019009504752376,0.673717007026648
38.0440220110055,0.7065748300424156
38.06903451725863,0.7735490824043172
38.094047023511756,0.7812679684440971
38.11905952976488,0.8308103720430146
38.14407203601801,0.9167464270012051
38.169084542271136,0.9242252384028857
38.19409704852426,1.042342123190435
38.21910955477739,0.9957248874217157
38.24412206103052,1.0713941003910272
38.26913456728364,1.1315537177467045
38.29414707353677,1.128449188356386
38.3191595797899,1.1670952855860586
38.344172086043024,1.2275474342182142
38.36918459229615,1.3310309882452742
38.39419709854928,1.3712033938225847
38.419209604802404,1.369781500008865
38.44422211105553,1.3973249959150478
38.46923461730866,1.4122939582783585
38.49424712356178,1.4808009555599568
38.519259629814904,1.5035504688875623
38.54427213606803,1.5036898836850403
38.56928464232116,1.6007326790097445
38.594297148574285,1.5798269031069117
38.61930965482741,1.6505798323791607
38.64432216108054,1.6334486865301505
38.669334667333665,1.6730840362385884
38.69434717358679,1.7352354752342065
38.71935967983992,1.7852694946728596
38.744372186093045,1.74520180685252
38.76938469234617,1.8106119996597503
38.7943971985993,1.831939637843799
38.819409704852426,1.8763427808492383
38.84442221110555,1.8376177262246227
38.86943471735868,1.9367008620745054
38.894447223611806,1.9225668570528172
38.91945972986493,1.9138592575716122
38.94447223611806,1.9474364329657246
38.969484742371186,1.9854756913533995
38.99449724862431,2.001031584686119
39.01950975487744,2.0347588874186644
39.04452226113057,1.9569377398058212
39.06953476738369,1.9834303095337364
39.09454727363682,2.0243771971736586
39.11955977988995,2.045197299320736
39.144572286143074,1.9908148100912015
39.1695847923962,1.991548845599467
39.19459729864933,2.0495840773261187
39.219609804902454,2.074225136937984
39.24462231115558,2.0615610830284172
39.26963481740871,2.0293483914492945
39.29464732366183,2.0741627130292
39.319659829914954,2.0840093308061975
39.34467233616808,2.0248457811081826
39.36968484242121,2.065450040220579
39.394697348674335,2.073716800080676
39.41970985492746,1.9904185016559117
39.44472236118059,1.9948790244900778
39.469734867433715,1.9852966158736909
39.49474737368684,2.0093244839161115
39.51975987993997,2.003331337896389
39.544772386193095,2.0056703317170848
39.56978489244622,1.9152540744600697
39.59479739869935,1.9759080922483068
39.619809904952476,1.9422225615648356
39.6448224112056,1.9155482930013343
39.66983491745873,1.8466519166875057
39.694847423711856,1.8659451210227354
39.71985992996498,1.8904468211998502
39.74487243621811,1.855032627994396
39.769884942471236,1.7826450038014316
39.79489744872436,1.7863294234496256
39.81990995497749,1.7140090850202456
39.84492246123062,1.6786065183865528
39.86993496748374,1.7494563725685193
39.89494747373687,1.6776456466358969
39.91995997999,1.659693364273047
39.944972486243124,1.5655501598853614
39.96998499249625,1.6013886491553568
39.99499749874938,1.589902203838179
40.020010005002504,1.5335785728463907
40.04502251125563,1.4739779069840624
40.07003501750876,1.4479882823835462
40.09504752376188,1.3739900839365375
40.120060030015004,1.3679336066256595
40.14507253626813,1.3420891108457051
40.17008504252126,1.339148038632923
40.195097548774385,1.2393377438101392
40.22011005502751,1.2421232336342298
40.24512256128064,1.1463377815485232
40.270135067533765,1.11834367395966
40.29514757378689,1.0933594460054958
40.32016008004002,1.0152127008675143
40.345172586293145,1.0300067343002566
40.37018509254627,0.9902730819513779
40.3951975987994,0.904638803852585
40.420210105052526,0.8248135231593834
40.44522261130565,0.8426534107134476
40.47023511755878,0.8207789916342915
40.495247623811906,0.7135365388509026
40.52026013006503,0.6449047305208087
40.54527263631816,0.5923019195633766
40.57028514257129,0.5826353559612094
40.59529764882441,0.49511788420488706
40.62031015507754,0.48510675316710206
40.64532266133067,0.4797082737098803
40.670335167583794,0.35785536671705076
40.69534767383692,0.30722488744331466
40.72036018009005,0.3001291225028764
40.745372686343174,0.2716268334264127
40.7703851925963,0.141660391794695
40.79539769884943,0.1774282791029161
40.820410205102554,0.12730121431775884
40.84542271135568,-0.002149989085561496
40.87043521760881,-0.05575288403230103
40.89544772386193,-0.06630952644550478
40.920460230115054,-0.10047493723089582
40.94547273636818,-0.184874343341507
40.97048524262131,-0.23249389625404687
40.995497748874435,-0.2505644471727721
41.02051025512756,-0.3457655432167605
41.04552276138069,-0.3391334178884148
41.070535267633815,-0.40368722749875996
41.09554777388694,-0.4049298966765006
41.12056028014007,-0.5521816674047747
41.145572786393195,-0.5254380965421124
41.17058529264632,-0.5629366527596237
41.19559779889945,-0.6894225569760761
41.220610305152576,-0.7070505073544164
41.2456228114057,-0.7224808433963741
41.27063531765883,-0.7907961439013177
41.295647823911956,-0.8268496773858032
41.32066033016508,-0.8515788044065242
41.34567283641821,-0.8765736830979851
41.37068534267134,-0.9858439426542667
41.39569784892446,-1.00057532220106
41.42071035517759,-1.0846205756504474
41.44572286143072,-1.0575212667747456
41.470735367683844,-1.0936123672869016
41.49574787393697,-1.2171756282393134
41.5207603801901,-1.24191086953954
41.545772886443224,-1.2450745628246378
41.57078539269635,-1.3083448218365954
41.59579789894948,-1.3448575886112195
41.620810405202604,-1.3235093670033042
41.64582291145573,-1.394719407006159
41.67083541770885,-1.386534401650198
41.69584792396198,-1.4924430128349089
41.720860430215104,-1.4802267536108142
41.74587293646823,-1.4976716721486412
41.77088544272136,-1.5447540387104697
41.795897948974485,-1.5375301698094905
41.82091045522761,-1.5967948944559294
41.84592296148074,-1.634882159394086
41.870935467733865,-1.653394850440843
41.89594797398699,-1.6875184351219379
41.92096048024012,-1.710385755667117
41.945972986493246,-1.7012446055311226
41.97098549274637,-1.7722119281699114
41.9959979989995,-1.8188026934130903
42.021010505252626,-1.8326012640283418
42.04602301150575,-1.7692371754454939
42.07103551775888,-1.8495266394514922
42.096048024012006,-1.8411298861116518
42.12106053026513,-1.8564897491412853
42.14607303651826,-1.9193236369397726
42.17108554277139,-1.8457203308352836
42.19609804902451,-1.9380700408695375
42.22111055527764,-1.941123396208534
42.24612306153077,-1.8826657009560688
42.271135567783894,-1.9523796822251123
42.29614807403702,-1.9684798965616281
42.32116058029015,-1.9757665434397225
42.346173086543274,-1.9894721285579
42.3711855927964,-1.929088887506164
42.39619809904953,-1.941658272801199
42.421210605302655,-1.9402676313726483
42.44622311155578,-1.949285385528684
42.4712356178089,-1.9448192903524335
42.49624812406203,-1.9345087269961412
42.521260630315155,-1.94942389704036
42.54627313656828,-1.9146370470064071
42.57128564282141,-1.8984839039621246
42.596298149074535,-1.9052121479466904
42.62131065532766,-1.9000017390431254
42.64632316158079,-1.9213665132334747
42.671335667833915,-1.892662244641213
42.69634817408704,-1.8895767758023114
42.72136068034017,-1.8629592244015734
42.746373186593296,-1.8816946205467584
42.77138569284642,-1.8127040041093536
42.79639819909955,-1.8452845095647812
42.821410705352676,-1.80995302644048
42.8464232116058,-1.795646562633573
42.87143571785893,-1.780085551609429
42.896448224112056,-1.7259089426608043
42.92146073036518,-1.735177421716224
42.94647323661831,-1.6521622657126116
42.97148574287144,-1.6006478354223637
42.99649824912456,-1.5710766212630418
43.02151075537769,-1.6089486076649502
43.04652326163082,-1.6049315625411704
43.071535767883944,-1.536039839658556
43.09654827413707,-1.4780508105722334
43.1215607803902,-1.4620069680421595
43.146573286643324,-1.396656606497216
43.17158579289645,-1.4222057133433441
43.19659829914958,-1.354936296955783
43.221610805402705,-1.286805622986544
43.24662331165583,-1.3162654760032284
43.27163581790895,-1.2233777563534645
43.29664832416208,-1.2075480880248057
43.321660830415205,-1.147789562935602
43.34667333666833,-1.122979783643725
43.37168584292146,-1.1142520900972868
43.396698349174585,-1.008885337698965
43.42171085542771,-1.0513976275634174
43.44672336168084,-1.0022826340085982
43.471735867933965,-0.8999955998419629
43.49674837418709,-0.9042011489623328
43.52176088044022,-0.8720191300188568
43.546773386693346,-0.77131689287255
43.57178589294647,-0.7869127342053781
43.5967983991996,-0.7049977581410034
43.621810905452726,-0.6435928289835705
43.64682341170585,-0.6417301136723844
43.67183591795898,-0.5639810772514378
43.69684842421211,-0.5025232146675984
43.72186093046523,-0.42774587009072457
43.74687343671836,-0.4514125127059403
43.77188594297149,-0.40921311998990145
43.796898449224614,-0.3031629595064987
43.82191095547774,-0.270696624438309
43.84692346173087,-0.22954211065856955
43.871935967983994,-0.1772460510562278
43.89694847423712,-0.11369611562917231
43.92196098049025,-0.1047084313071546
43.946973486743374,-0.0032671327357850777
43.9719859929965,0.027786966091728114
43.99699849924963,0.05051787070599506
44.022011005502755,0.11139144061282552
44.04702351175588,0.14682948525997863
44.072036018009,0.17936129694605757
44.09704852426213,0.3186807272563372
44.122061030515255,0.2837801779672469
44.14707353676838,0.354644791780575
44.17208604302151,0.4073694264746752
44.197098549274635,0.4411675902625205
44.22211105552776,0.5490770814256876
44.24712356178089,0.5964651000327645
44.272136068034015,0.5763230405522003
44.29714857428714,0.6885239266617423
44.32216108054027,0.7126829293250848
44.347173586793396,0.7433572927259104
44.37218609304652,0.7673578131755161
44.39719859929965,0.884936468626139
44.422211105552776,0.9416679653825608
44.4472236118059,0.9223802402895858
44.47223611805903,0.9960131173802499
44.49724862431216,1.0708275136248186
44.52226113056528,1.0475364200915098
44.54727363681841,1.0960087014837496
44.57228614307154,1.211516165300675
44.597298649324664,1.2325342870983576
44.62231115557779,1.2409563569902757
44.64732366183092,1.3245728015927847
44.672336168084044,1.3588394485817923
44.69734867433717,1.3774672547336404
44.7223611805903,1.4188588205069943
44.747373686843424,1.4018214422824598
44.77238619309655,1.430830230530806
44.79739869934968,1.5347119811920162
44.822411205602805,1.5164495843603534
44.847423711855924,1.5485572590853764
44.87243621810905,1.5631589313514027
44.89744872436218,1.6395919394917151
44.922461230615305,1.7078103562255804
44.94747373686843,1.670802265006089
44.97248624312156,1.7044398233522158
44.997498749374685,1.7068580595754286
45.02251125562781,1.7773268190896814
45.04752376188094,1.8029383321686805
45.072536268134066,1.775972696975399
45.09754877438719,1.8645988920766712
45.12256128064032,1.870357451441953
45.147573786893446,1.8740619048223432
45.17258629314657,1.9490989552845102
45.1975987993997,1.9575025702507514
45.222611305652826,1.9129371669030935
45.24762381190595,1.9322321840323844
45.27263631815908,1.998889496960232
45.29764882441221,1.943347673210291
45.32266133066533,2.01559977613324
45.34767383691846,2.0440512488983824
45.37268634317159,2.0262985998379017
45.397698849424714,2.044441949555009
45.42271135567784,2.0032481712279404
45.44772386193097,2.0226409603536912
45.472736368184094,2.0508784978919574
45.49774887443722,2.0147754379369878
45.52276138069035,2.0844174133082007
45.547773886943475,2.0528228344849704
45.5727863931966,2.0846637320463195
45.59779889944973,2.078835903875224
45.622811405702855,2.0546508160283516
45.647823911955975,2.070272375912188
45.6728364182091,2.0589473905248545
45.69784892446223,2.059466865482291
45.722861430715355,2.0285584009775923
45.74787393696848,1.9633714763030297
45.77288644322161,2.0011762614044057
45.797898949474735,1.9934510274250687
45.82291145572786,1.9935033431755098
45.84792396198099,1.9334837554842454
45.872936468234116,1.9243429672763694
45.89794897448724,1.8845282373357775
45.92296148074037,1.8743077592039765
45.947973986993496,1.9018111970991904
45.97298649324662,1.8827597800112668
45.99799899949975,1.8137476750038406
46.023011505752876,1.8590190698924765
46.048024012006,1.7632239511683878
46.07303651825913,1.8030567062600595
46.09804902451226,1.7228253233357944
46.12306153076538,1.7338578758241536
46.14807403701851,1.685009116768229
46.17308654327164,1.7238843767034482
46.198099049524764,1.649211905090453
46.22311155577789,1.6300550188098377
46.24812406203102,1.6044307181572983
46.273136568284144,1.5062655349916387
46.29814907453727,1.4834253629428622
46.3231615807904,1.4698408071068148
46.348174087043525,1.4052267050215865
46.37318659329665,1.4285481029853595
46.39819909954978,1.3975482219688489
46.423211605802905,1.3642717403581899
46.448224112056025,1.2936873280922214
46.47323661830915,1.2291872332664204
46.49824912456228,1.207679068833455
46.523261630815405,1.2294119602623583
46.54827413706853,1.185822307424257
46.57328664332166,1.0889679440621123
46.598299149574785,1.0160873219498199
46.62331165582791,1.0587083717373096
46.64832416208104,0.9404036420061128
46.673336668334166,0.8796080890872927
46.69834917458729,0.9156974809344636
46.72336168084042,0.8386398845262055
46.748374187093546,0.7466812349288768
46.77338669334667,0.7586862446157376
46.7983991995998,0.6528633919213644
46.823411705852926,0.6163855223402045
46.84842421210605,0.6404293876094642
46.87343671835918,0.5480087981581906
46.89844922461231,0.4563670507254958
46.923461730865434,0.49016584917148814
46.94847423711856,0.4415258023475929
46.97348674337169,0.39072070856264784
46.998499249624814,0.25879577569990725
47.02351175587794,0.2104107606910529
47.04852426213107,0.1547338682534063
47.073536768384194,0.16700047362664827
47.09854927463732,0.06134564469697527
47.12356178089045,0.001125679105282885
47.148574287143575,-0.043885726551328136
47.1735867933967,-0.07113714562251
47.19859929964983,-0.1370265369314066
47.22361180590295,-0.16052093555145874
47.248624312156075,-0.24085470590879837
47.2736368184092,-0.28981623762550235
47.29864932466233,-0.3430839750532256
47.323661830915455,-0.3671793090311813
47.34867433716858,-0.3688185764674039
47.37368684342171,-0.44754451028645836
47.398699349674835,-0.4478592914950472
47.42371185592796,-0.5424040667144608
47.44872436218109,-0.551383466324648
47.473736868434216,-0.6423613758307949
47.49874937468734,-0.6406264582539465
47.52376188094047,-0.7674183487083412
47.548774387193596,-0.7601291570341903
47.57378689344672,-0.8550458481543721
47.59879939969985,-0.8868220254523205
47.62381190595298,-0.9267530803429904
47.6488244122061,-0.9328637109720201
47.67383691845923,-1.0349506170740508
47.69884942471236,-1.0235760430026095
47.723861930965484,-1.0377384701689083
47.74887443721861,-1.1122081706417268
47.77388694347174,-1.1833859688033468
47.798899449724864,-1.200427505884899
47.82391195597799,-1.2825834214875216
47.84892446223112,-1.3070336207747588
47.873936968484244,-1.3209603547314748
47.89894947473737,-1.3974571669475753
47.9239619809905,-1.3539626173277086
47.948974487243625,-1.3756834745423183
47.97398699349675,-1.4362799365717591
47.99899949974988,-1.4548679448899973
48.024012006003,-1.4850771003982615
48.049024512256125,-1.5591120388659478
48.07403701850925,-1.6256764592794632
48.09904952476238,-1.5797448681893715
48.124062031015505,-1.6691773453837955
48.14907453726863,-1.6344511807998634
48.17408704352176,-1.728901982114645
48.199099549774886,-1.6784477674560558
48.22411205602801,-1.7771462441723256
48.24912456228114,-1.7495529508755108
48.274137068534266,-1.8229356921202795
48.29914957478739,-1.843193834407079
48.32416208104052,-1.8084607512961974
48.349174587293646,-1.8094225564071655
48.37418709354677,-1.8859629385507368
48.3991995997999,-1.8803206768166527
48.42421210605303,-1.8732207501395524
48.44922461230615,-1.8807991169106142
48.47423711855928,-1.890901317827562
48.49924962481241,-1.9472336321846542
48.524262131065534,-1.8926519378969733
48.54927463731866,-1.9430177657437289
48.57428714357179,-1.9678937251634083
48.599299649824914,-1.9415092014532704
48.62431215607804,-1.9014271730109755
48.64932466233117,-1.9835384081533989
48.674337168584294,-1.9038951817691012
48.69934967483742,-1.9807049000823767
48.72436218109055,-1.9177808733653527
48.749374687343675,-1.9703379981850915
48.7743871935968,-1.909980617673246
48.79939969984993,-1.954747453949199
48.82441220610305,-1.9345079451236409
48.849424712356175,-1.8868272743721115
48.8744372186093,-1.9214734881501292
48.89944972486243,-1.8836958878684937
48.924462231115555,-1.859828945107717
48.94947473736868,-1.8625425998790126
48.97448724362181,-1.9195719887372098
48.999499749874936,-1.8435173792281232
49.02451225612806,-1.8499850522138834
49.04952476238119,-1.8052757416208587
49.074537268634316,-1.840424832744839
49.09954977488744,-1.7806410160596178
49.12456228114057,-1.7970074544392798
49.149574787393696,-1.7287175700674686
49.17458729364682,-1.7716992117822594
49.19959979989995,-1.6696957956051368
49.22461230615308,-1.6614840998252391
49.2496248124062,-1.6359033313793347
49.27463731865933,-1.5768233221495747
49.29964982491246,-1.6126743251679374
49.324662331165584,-1.6132049686916756
49.34967483741871,-1.5321069619751253
49.37468734367184,-1.5097463791199388
49.399699849924964,-1.4316714640050483
49.42471235617809,-1.3959513808272361
49.44972486243122,-1.3971722092613608
49.474737368684345,-1.3633587372534433
49.49974987493747,-1.3263791971674939
49.5247623811906,-1.339904900151366
49.549774887443725,-1.2482855843983283
49.57478739369685,-1.2553175361469107
49.59979989994998,-1.185831522961486
49.6248124062031,-1.09599062303529
49.649824912456225,-1.131208579444094
49.67483741870935,-1.0900896545700267
49.69984992496248,-1.0704062695700896
49.724862431215605,-1.0269491533768937
49.74987493746873,-0.9150122579222424
49.77488744372186,-0.8958958586775304
49.799899949974986,-0.8439921857765527
49.82491245622811,-0.7655797727693476
49.84992496248124,-0.7934373774089747
49.874937468734366,-0.6782865759562346
49.89994997498749,-0.6782161359599652
49.92496248124062,-0.6121337946328151
49.949974987493746,-0.6205503658172538
49.97498749374687,-0.4820872605527827
50.0,-0.4366120212811039
