x,y
0.0,0.05732442132793312
0.02501250625312656,0.12180227512460282
0.05002501250625312,0.11014912397490495
0.0750375187593797,0.15292562306165522
0.10005002501250625,0.2062975831609737
0.12506253126563283,0.3467717712571737
0.1500750375187594,0.34758748145958207
0.17508754377188596,0.400549039970441
0.2001000500250125,0.4959745182939684
0.22511255627813906,0.5416069923457618
0.25012506253126565,0.548345857166225
0.2751375687843922,0.5722693880088782
0.3001500750375188,0.6676772901413588
0.32516258129064535,0.67323962954461
0.3501750875437719,0.7718034552373085
0.3751875937968984,0.8007392786715033
0.400200100050025,0.7978615208021308
0.42521260630315155,0.9245549177888115
0.4502251125562781,0.9411768518642608
0.4752376188094047,0.9904515659749019
0.5002501250625313,0.9688674653971479
0.5252626313156579,1.0325379173696339
0.5502751375687844,1.1327187850813554
0.575287643821911,1.141041086344323
0.6003001500750376,1.2143562503359764
0.6253126563281641,1.2326676755534385
0.6503251625812907,1.2207392404373196
0.6753376688344173,1.2609881691090712
0.7003501750875438,1.2941068363984822
0.7253626813406704,1.3410380351676183
0.7503751875937968,1.4460232297669569
0.7753876938469234,1.471483040066334
0.80040020010005,1.4891816727594647
0.8254127063531765,1.5053519757439102
0.8504252126063031,1.5701808550166672
0.8754377188594297,1.5583992600036967
0.9004502251125562,1.6070147595871767
0.9254627313656828,1.6541428204432118
0.9504752376188094,1.7000995984139446
0.9754877438719359,1.659014210365997
1.0005002501250626,1.7792109004556402
1.0255127563781892,1.784259688172583
1.0505252626313157,1.7518753874080006
1.0755377688844423,1.840281527023578
1.1005502751375689,1.8254151145590842
1.1255627813906954,1.8408453863997432
1.150575287643822,1.8423690497415124
1.1755877938969486,1.8566645613573534
1.2006003001500751,1.8708228308140813
1.2256128064032017,1.9513854918519973
1.2506253126563283,1.9030463415136387
1.2756378189094548,1.968328556410082
1.3006503251625814,1.9464725223477228
1.325662831415708,1.9896754397582612
1.3506753376688345,1.9718331031538319
1.375687843921961,2.045916220851146
1.4007003501750876,2.0163603570950883
1.4257128564282142,1.9943721334806908
1.4507253626813408,2.025256149153225
1.4757378689344671,2.0083261557768135
1.5007503751875937,2.0583749771118067
1.5257628814407203,2.0014141620311934
1.5507753876938468,2.013241223623395
1.5757878939469734,2.0803371838083606
1.6008004002001,2.010395917397234
1.6258129064532265,2.075678088420535
1.650825412706353,2.0194971660665617
1.6758379189594796,2.014719268660337
1.7008504252126062,2.06138698475558
1.7258629314657328,1.982963460339544
1.7508754377188593,2.0282951357341132
1.775887943971986,2.0314976737485275
1.8009004502251125,1.98002981022897
1.825912956478239,1.9864261657592173
1.8509254627313656,1.951001085113157
1.8759379689844922,1.969298608294449
1.9009504752376187,1.8964653723258684
1.9259629814907453,1.8884811362247211
1.9509754877438719,1.9543387985256495
1.9759879939969984,1.8902580105186733
2.001000500250125,1.8241515852807784
2.0260130065032516,1.842879036452663
2.0510255127563783,1.7917600111485712
2.0760380190095047,1.7586247649825684
2.1010505252626315,1.8074552085268711
2.126063031515758,1.761810346823082
2.1510755377688846,1.7319976351052433
2.176088044022011,1.6448624663479783
2.2011005502751377,1.6519453757566716
2.226113056528264,1.6787358370615892
2.251125562781391,1.649116057707597
2.276138069034517,1.6047118726298735
2.301150575287644,1.4907173126442363
2.3261630815407703,1.4773731303584003
2.351175587793897,1.457483644352744
2.3761880940470235,1.4032696482642468
2.4012006003001503,1.394335834647079
2.4262131065532766,1.343665585593657
2.4512256128064034,1.3370648780782686
2.4762381190595297,1.2914242022933873
2.5012506253126565,1.239529550903901
2.526263131565783,1.2455042659618152
2.5512756378189096,1.205511129922018
2.576288144072036,1.1707626109789042
2.6013006503251628,1.1246138068339484
2.626313156578289,0.9963081610899517
2.651325662831416,0.9661482143046202
2.6763381690845423,0.9181410004215501
2.701350675337669,0.8713808902274708
2.7263631815907954,0.8723445376247234
2.751375687843922,0.7933046773640626
2.7763881940970485,0.7589633208208871
2.8014007003501753,0.7385988852825712
2.8264132066033016,0.7188671695132935
2.8514257128564284,0.6326439889509313
2.8764382191095548,0.5325476475421625
2.9014507253626816,0.5287629394902661
2.926463231615808,0.430322015081205
2.9514757378689342,0.44218965267486376
2.976488244122061,0.35189708013325544
3.0015007503751874,0.30166306462263487
3.026513256628314,0.2665453255254287
3.0515257628814405,0.26628720317274934
3.0765382691345673,0.20187538206711347
3.1015507753876936,0.08083849954108865
3.1265632816408204,0.07116910507957541
3.1515757878939468,0.04819913393564072
3.1765882941470736,-0.05622328415469652
3.2016008004002,-0.054279570444991376
3.2266133066533267,-0.10414901015997753
3.251625812906453,-0.1684014327870306
3.27663831915958,-0.17881743780923448
3.301650825412706,-0.29402655168755354
3.326663331665833,-0.2989701572133689
3.3516758379189593,-0.40414497066598826
3.376688344172086,-0.4052719603717295
3.4017008504252124,-0.4776609669569534
3.426713356678339,-0.5502809002301003
3.4517258629314655,-0.5281307148520208
3.4767383691845923,-0.5989184138396957
3.5017508754377187,-0.648485341395974
3.5267633816908455,-0.676064959573007
3.551775887943972,-0.7194644671606711
3.5767883941970986,-0.7847588757111897
3.601800900450225,-0.8218012850732505
3.6268134067033517,-0.8725810189000062
3.651825912956478,-0.9190870334757866
3.676838419209605,-0.9437345833005112
3.701850925462731,-0.9756587856716072
3.726863431715858,-1.089968656666498
3.7518759379689843,-1.1308996372059974
3.776888444222111,-1.1523323828551044
3.8019009504752375,-1.1622844189900745
3.8269134567283642,-1.1919715665427828
3.8519259629814906,-1.2539267249439898
3.8769384692346174,-1.3020093638568866
3.9019509754877437,-1.305583467944937
3.9269634817408705,-1.3558959860158986
3.951975987993997,-1.386943434777664
3.9769884942471236,-1.4126829019392546
4.00200100050025,-1.4905250306609497
4.027013506753376,-1.5227468202036916
4.052026013006503,-1.5261960226655147
4.07703851925963,-1.5125430779083384
4.102051025512757,-1.599444648126903
4.127063531765883,-1.662424575305528
4.152076038019009,-1.685738753668703
4.177088544272136,-1.6785628969168103
4.202101050525263,-1.7268937872472574
4.227113556778389,-1.6748415581076397
4.252126063031516,-1.727898334807641
4.277138569284642,-1.7321918953800894
4.302151075537769,-1.7932426935159427
4.327163581790895,-1.8318355284350052
4.352176088044022,-1.840634849747611
4.377188594297149,-1.8065571165579437
4.4022011005502755,-1.8142097971720428
4.427213606803401,-1.8558184624351082
4.452226113056528,-1.853645494607899
4.477238619309655,-1.883675567328032
4.502251125562782,-1.8754292760428426
4.527263631815908,-1.8997437871892435
4.552276138069034,-1.9154257252748208
4.577288644322161,-1.9460243915684372
4.602301150575288,-1.8967670782855397
4.627313656828414,-1.9359113912090031
4.652326163081541,-1.9427974256078477
4.6773386693346675,-1.972911870242627
4.702351175587794,-1.9762648990824572
4.72736368184092,-1.958651004468338
4.752376188094047,-1.9296538272186385
4.777388694347174,-1.9732184580977605
4.8024012006003005,-1.9695173260693246
4.827413706853426,-1.9540860437843743
4.852426213106553,-1.9336408719135785
4.87743871935968,-1.9585037523956257
4.902451225612807,-1.9388446352849378
4.927463731865933,-1.922567331661855
4.9524762381190595,-1.8615227964911918
4.977488744372186,-1.8551118856169717
5.002501250625313,-1.885000332580447
5.027513756878439,-1.8318159833055099
5.052526263131566,-1.7884464290530728
5.0775387693846925,-1.8267154365852998
5.102551275637819,-1.751251748874905
5.127563781890945,-1.7928350605105865
5.152576288144072,-1.717601682058857
5.177588794397199,-1.7258288576996645
5.2026013006503256,-1.7316375195453233
5.2276138069034515,-1.677181981361053
5.252626313156578,-1.6713309507291128
5.277638819409705,-1.6227514051843008
5.302651325662832,-1.575501866565888
5.327663831915958,-1.6082893009946269
5.3526763381690845,-1.505673256055278
5.377688844422211,-1.5674783628945366
5.402701350675338,-1.532059249469737
5.427713856928464,-1.4341548725199833
5.452726363181591,-1.4473311685376298
5.4777388694347176,-1.3968691960946136
5.502751375687844,-1.3897273645169193
5.52776388194097,-1.3410094781130732
5.552776388194097,-1.2691951480161476
5.577788894447224,-1.242375166535866
5.602801400700351,-1.1806752136915086
5.6278139069534765,-1.214634315278233
5.652826413206603,-1.0862045805325256
5.67783891945973,-1.1367726593810872
5.702851425712857,-1.0788996647910212
5.727863931965983,-1.0381100894957311
5.7528764382191095,-0.9200598750549661
5.777888944472236,-0.9245616907165406
5.802901450725363,-0.9206463970028936
5.827913956978489,-0.8740877640149181
5.852926463231616,-0.7903030566236544
5.877938969484743,-0.7528208576260342
5.9029514757378685,-0.6749878811326505
5.927963981990995,-0.645132500416314
5.952976488244122,-0.5973050719581112
5.977988994497249,-0.5474463013615747
6.003001500750375,-0.537255356107204
6.0280140070035015,-0.4972852668534156
6.053026513256628,-0.36261990473359956
6.078039019509755,-0.33223313801427334
6.103051525762881,-0.2876261720531746
6.128064032016008,-0.23725602364595139
6.153076538269135,-0.2486202115188978
6.178089044522261,-0.11063529919869415
6.203101550775387,-0.1596252354741978
6.228114057028514,-0.05650349927158176
6.253126563281641,0.01845590081526914
6.278139069534768,0.07673412634069136
6.3031515757878935,0.06478773797606234
6.32816408204102,0.17435365792783492
6.353176588294147,0.22069578709669274
6.378189094547274,0.2807445904930479
6.4032016008004,0.2602412987641396
6.428214107053527,0.3792162299750867
6.453226613306653,0.3638774578561552
6.47823911955978,0.48052222161199803
6.503251625812906,0.5170553725282854
6.528264132066033,0.5455104070094157
6.55327663831916,0.5908752926878512
6.578289144572286,0.6105331509040148
6.603301650825412,0.6771336798191155
6.628314157078539,0.7283813042819968
6.653326663331666,0.7487517958629066
6.678339169584793,0.7725500435804714
6.703351675837919,0.816214515974081
6.728364182091045,0.8811171369165879
6.753376688344172,0.9817547672901857
6.778389194597299,1.0411161179162338
6.803401700850425,1.0338289073881495
6.828414207103552,1.0556701186893562
6.853426713356678,1.1487099513949675
6.878439219609805,1.1331941418455336
6.903451725862931,1.1691338550050565
6.928464232116058,1.266772315721163
6.953476738369185,1.2990825518836673
6.9784892446223115,1.3324987995435642
7.003501750875437,1.3298830398747785
7.028514257128564,1.363774746221948
7.053526763381691,1.49217060635343
7.078539269634818,1.510641643851432
7.103551775887944,1.464691774911939
7.12856428214107,1.5364690346479426
7.153576788394197,1.577499170271798
7.178589294647324,1.64864569589013
7.20360180090045,1.6750173303044007
7.228614307153577,1.6652931570885663
7.2536268134067035,1.6940132427895591
7.27863931965983,1.7596384926504445
7.303651825912956,1.7555825640032687
7.328664332166083,1.7726727193116476
7.35367683841921,1.8416270060952158
7.3786893446723365,1.8137190291099559
7.403701850925462,1.8362816208501738
7.428714357178589,1.855530075419543
7.453726863431716,1.927587648881454
7.478739369684843,1.896377552280162
7.503751875937969,1.92870560744269
7.5287643821910955,1.9731160601365956
7.553776888444222,1.9823635190808588
7.578789394697349,1.9488554328984695
7.603801900950475,2.01430285668891
7.628814407203602,2.032628128190239
7.6538269134567285,2.0464711868471506
7.678839419709855,2.0008450421840127
7.703851925962981,2.064040624812399
7.728864432216108,2.0106981004854974
7.753876938469235,2.043073825672836
7.7788894447223615,2.005669205392386
7.8039019509754874,2.08593491809906
7.828914457228614,2.0103200430101538
7.853926963481741,2.0598977305623043
7.878939469734868,2.082118093012855
7.903951975987994,2.069774703047294
7.9289644822411205,2.0622646782509446
7.953976988494247,2.0299405139930973
7.978989494747374,2.050895179341853
8.0040020010005,1.9845889517963133
8.029014507253628,1.9787297735311868
8.054027013506753,1.9959641997716744
8.07903951975988,1.9894270848450397
8.104052026013006,1.9445221361067617
8.129064532266133,1.9528467947333055
8.15407703851926,1.9729134947747398
8.179089544772387,1.985515038307846
8.204102051025513,1.9534758305931244
8.22911455727864,1.8848573195307434
8.254127063531765,1.919338133039169
8.279139569784892,1.839705170127337
8.304152076038019,1.8817058294125062
8.329164582291146,1.8530851791757126
8.354177088544272,1.7617207003563904
8.379189594797399,1.7427998805925584
8.404202101050526,1.7881623412020011
8.429214607303653,1.7135811625498136
8.454227113556778,1.6549397939860768
8.479239619809904,1.6787566170930792
8.504252126063031,1.644087886907205
8.529264632316158,1.6461124647182903
8.554277138569285,1.5947038558932933
8.579289644822412,1.5681523472964645
8.604302151075538,1.5507990966980354
8.629314657328665,1.5002320374462166
8.65432716358179,1.4252383422385373
8.679339669834917,1.4096431861799705
8.704352176088044,1.3542568641441524
8.72936468234117,1.2913961937514598
8.754377188594297,1.25169138487224
8.779389694847424,1.3004043538918342
8.804402201100551,1.20244465610957
8.829414707353676,1.1721683792372661
8.854427213606803,1.1467985553090339
8.87943971985993,1.0465415859175766
8.904452226113056,1.0532297107162858
8.929464732366183,0.9620641237258074
8.95447723861931,0.9169536393055585
8.979489744872437,0.9060259490439666
9.004502251125563,0.8490764458241228
9.029514757378688,0.8583653584709369
9.054527263631815,0.7511943862371495
9.079539769884942,0.717412474205321
9.104552276138069,0.7124899103537163
9.129564782391196,0.6364144384644802
9.154577288644322,0.5559183496505227
9.17958979489745,0.48571803799345337
9.204602301150576,0.47397269903637684
9.229614807403701,0.46180232443920327
9.254627313656828,0.3424449757780397
9.279639819909955,0.34239732103049947
9.304652326163081,0.3175114023595038
9.329664832416208,0.27483235353020696
9.354677338669335,0.21891942367959585
9.379689844922462,0.18818839939508517
9.404702351175589,0.1307190230573046
9.429714857428714,0.06190820095416922
9.45472736368184,-0.040686405612475524
9.479739869934967,-0.03180929276747173
9.504752376188094,-0.14975936671584356
9.52976488244122,-0.13668271257888373
9.554777388694347,-0.23659066474085239
9.579789894947474,-0.2511430164047275
9.604802401200601,-0.30860271026856445
9.629814907453726,-0.35076926044312257
9.654827413706853,-0.4210406708848307
9.67983991995998,-0.4975067903237097
9.704852426213106,-0.5370609985736827
9.729864932466233,-0.5112980931638039
9.75487743871936,-0.5599504179184542
9.779889944972487,-0.6594242474194548
9.804902451225614,-0.6613764023887158
9.829914957478739,-0.7441748663290874
9.854927463731865,-0.8151037961616938
9.879939969984992,-0.8249043274027665
9.904952476238119,-0.8921044431105947
9.929964982491246,-0.9456455747903854
9.954977488744372,-0.96095495943274
9.9799899949975,-0.9547818996138867
10.005002501250626,-1.0858840324412455
10.030015007503751,-1.038868055094887
10.055027513756878,-1.1115951707334726
10.080040020010005,-1.1858093647722405
10.105052526263131,-1.2458653380240012
10.130065032516258,-1.223291011133879
10.155077538769385,-1.2355045680184662
10.180090045022512,-1.297978887931121
10.205102551275639,-1.394535627689893
10.230115057528764,-1.4270538347440573
10.25512756378189,-1.39774977035797
10.280140070035017,-1.4770531678766043
10.305152576288144,-1.4716684455522335
10.33016508254127,-1.5108912938975192
10.355177588794398,-1.594433712115985
10.380190095047524,-1.6145326896010403
10.405202601300651,-1.654709459816489
10.430215107553776,-1.6017917832206008
10.455227613806903,-1.7086035090927112
10.48024012006003,-1.7011278910828622
10.505252626313156,-1.67630921067332
10.530265132566283,-1.7453997377211783
10.55527763881941,-1.788069572073746
10.580290145072537,-1.7953463324224654
10.605302651325664,-1.8250090015111107
10.630315157578789,-1.793115202808694
10.655327663831915,-1.8355157245170475
10.680340170085042,-1.9007039985828291
10.705352676338169,-1.839184894161689
10.730365182591296,-1.8840815268630793
10.755377688844423,-1.9224059887302412
10.78039019509755,-1.9170945036800464
10.805402701350676,-1.9473994787872646
10.830415207603801,-1.8834689427158533
10.855427713856928,-1.9573164289951857
10.880440220110055,-1.9805973353423
10.905452726363182,-1.9311418904075692
10.930465232616308,-1.958198165622
10.955477738869435,-1.952560016801776
10.980490245122562,-1.9117709174381028
11.005502751375689,-1.9922391405503177
11.030515257628814,-1.9857392679715833
11.05552776388194,-1.9168899026313084
11.080540270135067,-1.8936042410662337
11.105552776388194,-1.891682612000847
11.13056528264132,-1.88212251236058
11.155577788894448,-1.9675799741453635
11.180590295147574,-1.9612149266692993
11.205602801400701,-1.8677904444043667
11.230615307653826,-1.9099647029628153
11.255627813906953,-1.867149492070498
11.28064032016008,-1.8803486183264442
11.305652826413207,-1.8883638289104223
11.330665332666333,-1.8089042458578357
11.35567783891946,-1.7954735518914864
11.380690345172587,-1.8322993787535995
11.405702851425714,-1.7849331920228677
11.430715357678839,-1.783066769826283
11.455727863931966,-1.7273525757530666
11.480740370185092,-1.747629558795479
11.505752876438219,-1.6710955971835844
11.530765382691346,-1.6945580134472045
11.555777888944473,-1.652197248576361
11.5807903951976,-1.5797814984299983
11.605802901450726,-1.5620468419180038
11.630815407703851,-1.5583879377099472
11.655827913956978,-1.5692088660134453
11.680840420210105,-1.505955117481251
11.705852926463232,-1.4802161872086068
11.730865432716358,-1.3966741696925173
11.755877938969485,-1.3737165437545744
11.780890445222612,-1.370298963051903
11.805902951475737,-1.2860961119602154
11.830915457728864,-1.3267165782130332
11.85592796398199,-1.2276937985814877
11.880940470235117,-1.2123609741455168
11.905952976488244,-1.1403702771719277
11.930965482741371,-1.1606559291741645
11.955977988994498,-1.1285789975201692
11.980990495247624,-1.0408073942415195
12.00600300150075,-0.9954603308230952
12.031015507753876,-0.9912833382557067
12.056028014007003,-0.9664131653538381
12.08104052026013,-0.9180366112825222
12.106053026513257,-0.8038566240270651
12.131065532766383,-0.7688391091069607
12.15607803901951,-0.737346206920449
12.181090545272637,-0.6861132986618512
12.206103051525762,-0.6343047037452604
12.231115557778889,-0.5735714275288469
12.256128064032016,-0.5952029421238932
12.281140570285142,-0.532321431555199
12.30615307653827,-0.44510454662983995
12.331165582791396,-0.44962313601954834
12.356178089044523,-0.3800197035262159
12.38119059529765,-0.31285126272053393
12.406203101550775,-0.3033021061113711
12.431215607803901,-0.2667273773570445
12.456228114057028,-0.21674966925949532
12.481240620310155,-0.15937517762703687
12.506253126563282,-0.09793933605000446
12.531265632816408,-0.04900672482817835
12.556278139069535,-0.0011401352737209595
12.581290645322662,0.09541258553714023
12.606303151575787,0.11939105088502538
12.631315657828914,0.1341958340486593
12.65632816408204,0.19885302219749537
12.681340670335167,0.2738974805388427
12.706353176588294,0.307056683529134
12.731365682841421,0.42230585960699873
12.756378189094548,0.38152538695042504
12.781390695347675,0.435127292744433
12.8064032016008,0.48426142687007717
12.831415707853926,0.6096492711857379
12.856428214107053,0.5817932365157794
12.88144072036018,0.6366942267227257
12.906453226613307,0.6864343144202525
12.931465732866434,0.8139161808487918
12.95647823911956,0.8509963344489215
12.981490745372687,0.8936804843651702
13.006503251625812,0.9445338644216184
13.031515757878939,0.9532276552131591
13.056528264132066,1.0398196334456908
13.081540770385192,1.0616666824274859
13.10655327663832,1.084264440040517
13.131565782891446,1.1368087387813475
13.156578289144573,1.138986624278254
13.1815907953977,1.2536782698958615
13.206603301650825,1.2716228608381983
13.231615807903951,1.2593687513122596
13.256628314157078,1.3472570618412734
13.281640820410205,1.3210267800526312
13.306653326663332,1.395681712924255
13.331665832916459,1.4532132966473437
13.356678339169585,1.426552633350787
13.381690845422712,1.4879170914758506
13.406703351675837,1.5702938094932695
13.431715857928964,1.5830255655876144
13.45672836418209,1.645484947983305
13.481740870435218,1.6575045522210068
13.506753376688344,1.630721092714159
13.531765882941471,1.739189201581127
13.556778389194598,1.7094425910054776
13.581790895447725,1.7607666427181352
13.60680340170085,1.7552850778116151
13.631815907953976,1.7892971240241073
13.656828414207103,1.8686838801117474
13.68184092046023,1.8411286198018781
13.706853426713357,1.903875636978167
13.731865932966484,1.8401666956528597
13.75687843921961,1.8938969411473288
13.781890945472737,1.8795635293443858
13.806903451725862,1.9887390969593859
13.831915957978989,1.9094858040653502
13.856928464232116,1.956248693853284
13.881940970485243,1.9432299437236065
13.90695347673837,1.9628927909945477
13.931965982991496,2.053292342142006
13.956978489244623,2.0264947381591707
13.98199099549775,2.0631375337585007
14.007003501750875,2.026326789404004
14.032016008004002,2.0487537882855524
14.057028514257128,1.998436693495916
14.082041020510255,2.0056683723647417
14.107053526763382,2.045401671550728
14.132066033016509,2.0390942744687006
14.157078539269635,2.0481125805682185
14.182091045522762,2.096482736319707
14.207103551775887,2.0638566909722473
14.232116058029014,2.0757611856559017
14.25712856428214,2.031105255487222
14.282141070535268,2.0692254489782886
14.307153576788394,2.056688799489123
14.332166083041521,2.00268193525702
14.357178589294648,1.9539126120170947
14.382191095547775,2.0079284043440127
14.4072036018009,2.004484343151186
14.432216108054027,1.925824447024228
14.457228614307153,1.9092089641026013
14.48224112056028,1.95254504597371
14.507253626813407,1.9427337561620446
14.532266133066534,1.858234985308171
14.55727863931966,1.9229894480750354
14.582291145572787,1.850639835245734
14.607303651825912,1.8013919572266388
14.632316158079039,1.787262659251256
14.657328664332166,1.7464385531845208
14.682341170585293,1.7832907273051646
14.70735367683842,1.7630586190212054
14.732366183091546,1.6850468513736074
14.757378689344673,1.6819182880410781
14.782391195597798,1.6090829687399477
14.807403701850925,1.657968110168949
14.832416208104052,1.6189585462826677
14.857428714357178,1.5630864572772734
14.882441220610305,1.513077318707884
14.907453726863432,1.5174360979036219
14.932466233116559,1.4703032949284216
14.957478739369686,1.4575792700828334
14.98249124562281,1.3354089150774366
15.007503751875937,1.3821261335419313
15.032516258129064,1.3415318244027767
15.057528764382191,1.2584277786686353
15.082541270635318,1.2173707502898108
15.107553776888444,1.205309400709156
15.132566283141571,1.154981397035906
15.157578789394698,1.1013984773873577
15.182591295647823,1.0456151144435297
15.20760380190095,1.015713801433139
15.232616308154077,0.932713805452602
15.257628814407203,0.9536008849852378
15.28264132066033,0.9173552170775323
15.307653826913457,0.8477858928054678
15.332666333166584,0.8050725287987908
15.35767883941971,0.7219721818384066
15.382691345672836,0.7390710258583217
15.407703851925962,0.6439451289461166
15.43271635817909,0.5657497294997815
15.457728864432216,0.5366243795079233
15.482741370685343,0.4850726156495106
15.50775387693847,0.4731717893872504
15.532766383191596,0.4205477508694064
15.557778889444723,0.3674319684659896
15.582791395697848,0.3406742697888106
15.607803901950975,0.28629502808767526
15.632816408204102,0.21047140150505217
15.657828914457228,0.19838702102077388
15.682841420710355,0.10950418360230812
15.707853926963482,0.08031863926951112
15.732866433216609,0.014098950321564184
15.757878939469736,-0.08271579671527947
15.78289144572286,-0.09791573144607185
15.807903951975987,-0.1546728794521098
15.832916458229114,-0.20467018572040757
15.857928964482241,-0.25699954720578
15.882941470735368,-0.25189267067512644
15.907953976988495,-0.3481963827708686
15.932966483241621,-0.3898614980815785
15.957978989494748,-0.41619716239941634
15.982991495747873,-0.4802907069299172
16.008004002001,-0.5429058229366132
16.03301650825413,-0.5944667257252645
16.058029014507255,-0.6462836055968588
16.08304152076038,-0.7213906413832647
16.108054027013505,-0.7438911111879561
16.133066533266632,-0.7990765696353176
16.15807903951976,-0.8305853789051804
16.183091545772886,-0.8747835964004073
16.208104052026012,-0.8635538525914401
16.23311655827914,-0.9855285193875665
16.258129064532266,-0.9691365996479713
16.283141570785393,-1.0456133250641568
16.30815407703852,-1.1237525621289892
16.333166583291646,-1.141748905247974
16.358179089544773,-1.1967557725599023
16.3831915957979,-1.2036578920765635
16.408204102051027,-1.2421789666090872
16.433216608304154,-1.2828023218968132
16.45822911455728,-1.3049127575566544
16.483241620810404,-1.3983155666363962
16.50825412706353,-1.3617806641706716
16.533266633316657,-1.4105836831169667
16.558279139569784,-1.473548695070748
16.58329164582291,-1.469106329392686
16.608304152076037,-1.4953377177904907
16.633316658329164,-1.5396432102009188
16.65832916458229,-1.5670414824424777
16.683341670835418,-1.607622660693314
16.708354177088545,-1.6065352001214428
16.73336668334167,-1.6501691006608015
16.758379189594798,-1.65077298496757
16.783391695847925,-1.6758258263826145
16.808404202101052,-1.6854396593573717
16.83341670835418,-1.7973071298679753
16.858429214607305,-1.7691607939430358
16.88344172086043,-1.8287329294747203
16.908454227113555,-1.8440600969083594
16.933466733366682,-1.8560682717341388
16.95847923961981,-1.8897995654575415
16.983491745872936,-1.8353451761807706
17.008504252126063,-1.8506284180983925
17.03351675837919,-1.861698649561319
17.058529264632316,-1.8715166051816299
17.083541770885443,-1.9379128073962648
17.10855427713857,-1.951676780372528
17.133566783391696,-1.9723010932711964
17.158579289644823,-1.8952896331622937
17.18359179589795,-1.9748915070881439
17.208604302151077,-1.9651371363580534
17.233616808404204,-1.9672779679170058
17.25862931465733,-1.9557550898160803
17.283641820910454,-1.9009192071574357
17.30865432716358,-1.9415711436863816
17.333666833416707,-1.9315355664448801
17.358679339669834,-1.9085073149411544
17.38369184592296,-1.9466971229723131
17.408704352176088,-1.902760725987113
17.433716858429214,-1.9647799110939952
17.45872936468234,-1.9372444428598898
17.483741870935468,-1.9082232643522494
17.508754377188595,-1.8820920173833509
17.53376688344172,-1.9213681131491072
17.55877938969485,-1.8934456013183179
17.583791895947975,-1.8424594720818726
17.608804402201102,-1.8404240619180345
17.63381690845423,-1.8231894206726946
17.658829414707352,-1.7607434582286694
17.68384192096048,-1.7383134959998912
17.708854427213605,-1.782756865221718
17.733866933466732,-1.7062483340441656
17.75887943971986,-1.7527751001464265
17.783891945972986,-1.6506799296319294
17.808904452226113,-1.6751684086392788
17.83391695847924,-1.6952086153753534
17.858929464732366,-1.6173113580768568
17.883941970985493,-1.5502206971606145
17.90895447723862,-1.582886668760552
17.933966983491747,-1.4996960757052031
17.958979489744873,-1.4588806215247123
17.983991995998,-1.4652627797387427
18.009004502251127,-1.4715228255372246
18.034017008504254,-1.4489533160602963
18.059029514757377,-1.3989814557876934
18.084042021010504,-1.3849643235289653
18.10905452726363,-1.3026456415693088
18.134067033516757,-1.2679976711509229
18.159079539769884,-1.183672280531658
18.18409204602301,-1.1753055443664306
18.209104552276138,-1.1047562888807554
18.234117058529264,-1.1543289330516733
18.25912956478239,-1.0737313563550672
18.284142071035518,-1.0264924632967665
18.309154577288645,-1.0008902884016015
18.33416708354177,-0.8906941834262536
18.3591795897949,-0.9408357155780772
18.384192096048025,-0.8069952635237729
18.409204602301152,-0.8193703955904282
18.43421710855428,-0.7778751399952661
18.459229614807402,-0.740775620564841
18.48424212106053,-0.6384898398694903
18.509254627313656,-0.6117161278427669
18.534267133566782,-0.5594018193891782
18.55927963981991,-0.4965018824393981
18.584292146073036,-0.45649526699791315
18.609304652326163,-0.39898710858534636
18.63431715857929,-0.3471579559517592
18.659329664832416,-0.30562043627338953
18.684342171085543,-0.2933724818288181
18.70935467733867,-0.25296566977462615
18.734367183591797,-0.1843610474435366
18.759379689844923,-0.1744473735387529
18.78439219609805,-0.11947284763033726
18.809404702351177,-0.046603640658659524
18.834417208604304,-0.012187245775175583
18.859429714857427,0.03198851571678006
18.884442221110554,0.16141156991785988
18.90945472736368,0.1335485943889089
18.934467233616807,0.16988534407912914
18.959479739869934,0.29317592399956544
18.98449224612306,0.2950493072929939
19.009504752376188,0.32094838225338346
19.034517258629315,0.4170630698297687
19.05952976488244,0.47018796490197123
19.084542271135568,0.5233639107203697
19.109554777388695,0.5775371693384891
19.13456728364182,0.6170232774332961
19.15957978989495,0.6768812729230663
19.184592296148075,0.7027121709881786
19.209604802401202,0.7675314892783248
19.23461730865433,0.7886223513565516
19.259629814907452,0.832372927481948
19.28464232116058,0.8430940721723964
19.309654827413706,0.9739204469801592
19.334667333666832,0.9730590068446505
19.35967983991996,1.0588808723687915
19.384692346173086,1.1052987391609816
19.409704852426213,1.1303746784221613
19.43471735867934,1.180282422047007
19.459729864932466,1.2406570244308475
19.484742371185593,1.2211772877082663
19.50975487743872,1.2413547585089961
19.534767383691847,1.3377808616345623
19.559779889944974,1.304135536490287
19.5847923961981,1.3523211011308431
19.609804902451227,1.4713487327791912
19.634817408704354,1.4425865144561554
19.659829914957477,1.471479544184168
19.684842421210604,1.519474836350145
19.70985492746373,1.525825284654111
19.734867433716857,1.5819928152938676
19.759879939969984,1.5844002114442595
19.78489244622311,1.7030662319553342
19.809904952476238,1.7026314216565255
19.834917458729365,1.7115782196800815
19.85992996498249,1.7480235085215938
19.884942471235618,1.7550570274026123
19.909954977488745,1.7553335441867408
19.93496748374187,1.822314882380056
19.959979989995,1.8246523145924665
19.984992496248125,1.8643136311064956
20.010005002501252,1.911548684705933
20.03501750875438,1.949495427610375
20.060030015007502,1.9068635222461554
20.08504252126063,1.9433652832626278
20.110055027513756,1.9420569562693384
20.135067533766883,2.0130725008540784
20.16008004002001,2.010210156301831
20.185092546273136,1.992709946539321
20.210105052526263,2.0264724293356173
20.23511755877939,2.0226366536559515
20.260130065032516,1.9902942574537978
20.285142571285643,2.0182958532742603
20.31015507753877,2.0392761066281406
20.335167583791897,2.0860535222015653
20.360180090045024,2.038378992395949
20.38519259629815,2.0679336540018474
20.410205102551277,2.0286266030977016
20.435217608804404,2.0438951722644414
20.460230115057527,2.0045049404004223
20.485242621310654,2.0464846941147736
20.51025512756378,2.0890145897063523
20.535267633816908,1.9998587061906032
20.560280140070034,2.034453399965969
20.58529264632316,2.0680852015378415
20.610305152576288,2.0200663838386728
20.635317658829415,2.04774849892699
20.66033016508254,1.9860742592693925
20.68534267133567,1.9718075469050158
20.710355177588795,1.9205984402893301
20.735367683841922,1.9554760765876193
20.76038019009505,1.9784912381361173
20.785392696348175,1.9210767034300493
20.810405202601302,1.9342678590828792
20.835417708854425,1.85270364390498
20.860430215107552,1.8915411811786238
20.88544272136068,1.881213872459486
20.910455227613806,1.8624134589765222
20.935467733866933,1.8186719694522382
20.96048024012006,1.7345861924731292
20.985492746373186,1.7551702506072338
21.010505252626313,1.7552582929576386
21.03551775887944,1.729139993292064
21.060530265132567,1.6089286875521414
21.085542771385693,1.6251529906524183
21.11055527763882,1.5483097476975116
21.135567783891947,1.5963062952053066
21.160580290145074,1.5465399151776087
21.1855927963982,1.536221162633179
21.210605302651327,1.4246411806468977
21.23561780890445,1.3754200674931236
21.260630315157577,1.340327150148851
21.285642821410704,1.3317921094473897
21.31065532766383,1.3135159833393943
21.335667833916958,1.2985038543985783
21.360680340170084,1.2404314524591262
21.38569284642321,1.2245341192766375
21.410705352676338,1.1189344301797635
21.435717858929465,1.140630110757304
21.46073036518259,1.0188524497849534
21.48574287143572,1.0080968403347135
21.510755377688845,0.9956335547757318
21.535767883941972,0.8968975912902379
21.5607803901951,0.8573743358229325
21.585792896448226,0.7895394002052297
21.610805402701352,0.7666195973198485
21.635817908954476,0.7464922125161741
21.660830415207602,0.7250348901691557
21.68584292146073,0.6172353813603968
21.710855427713856,0.5902761450785041
21.735867933966983,0.5182128841338206
21.76088044022011,0.4825896364433141
21.785892946473236,0.5027787098209118
21.810905452726363,0.43919282256347136
21.83591795897949,0.3902772680682392
21.860930465232617,0.2665829090323252
21.885942971485743,0.26794253743984114
21.91095547773887,0.25854547074351864
21.935967983991997,0.16848795663428678
21.960980490245124,0.13098655604138723
21.98599299649825,0.05560014748429961
22.011005502751377,-0.017590436020363236
22.0360180090045,-0.04872495169989419
22.061030515257627,-0.1274141227635247
22.086043021510754,-0.09236704420942088
22.11105552776388,-0.22240527007764505
22.136068034017008,-0.23760689827068487
22.161080540270135,-0.24594866375335817
22.18609304652326,-0.3268582961077352
22.211105552776388,-0.37343388685613227
22.236118059029515,-0.4204280010042113
22.26113056528264,-0.5158066471828274
22.28614307153577,-0.5527116165020928
22.311155577788895,-0.5848270551313964
22.336168084042022,-0.6069718814843872
22.36118059029515,-0.6766998943558353
22.386193096548276,-0.7429126319461244
22.411205602801402,-0.7828044491362904
22.436218109054526,-0.7998451275166634
22.461230615307652,-0.8437043313947762
22.48624312156078,-0.9034001538633374
22.511255627813906,-0.9088914705456488
22.536268134067033,-1.014319685271979
22.56128064032016,-1.0783237242023298
22.586293146573286,-1.0820026091221249
22.611305652826413,-1.0915351367175712
22.63631815907954,-1.107596927417605
22.661330665332667,-1.2020293970809952
22.686343171585793,-1.268800225487548
22.71135567783892,-1.2480348639593
22.736368184092047,-1.3169075889658148
22.761380690345174,-1.3511631942248554
22.7863931965983,-1.3536017484644514
22.811405702851427,-1.364500251775706
22.83641820910455,-1.4595061683323773
22.861430715357677,-1.4654114998204053
22.886443221610804,-1.5235609353152875
22.91145572786393,-1.512936194909445
22.936468234117058,-1.5268914143849526
22.961480740370185,-1.6108414549889543
22.98649324662331,-1.6440253060970684
23.011505752876438,-1.615876673098132
23.036518259129565,-1.7230499361244191
23.06153076538269,-1.6910625837995246
23.08654327163582,-1.7432953856478535
23.111555777888945,-1.7784076251792993
23.136568284142072,-1.7405183271809441
23.1615807903952,-1.8165523763534748
23.186593296648326,-1.824019691895966
23.211605802901452,-1.838856610190108
23.236618309154576,-1.856343060079418
23.261630815407702,-1.8886261084195082
23.28664332166083,-1.8917854676835109
23.311655827913956,-1.9114145625820271
23.336668334167083,-1.870873014570495
23.36168084042021,-1.958654954024121
23.386693346673336,-1.940194225015861
23.411705852926463,-1.8797532601871076
23.43671835917959,-1.9477272218159922
23.461730865432717,-1.9473659396348832
23.486743371685844,-1.917743670286473
23.51175587793897,-1.9036677021415898
23.536768384192097,-1.915314806157972
23.561780890445224,-1.9301405660884223
23.58679339669835,-1.9976414277260162
23.611805902951474,-1.9455323991191553
23.6368184092046,-1.9580264509982
23.661830915457728,-1.9431317521504778
23.686843421710854,-1.9139395479957328
23.71185592796398,-1.9755303128068629
23.736868434217108,-1.9082082356586985
23.761880940470235,-1.9487845796085654
23.78689344672336,-1.9353222812725117
23.81190595297649,-1.876741221712542
23.836918459229615,-1.9080514585095925
23.861930965482742,-1.8793950939758395
23.88694347173587,-1.8169208008965831
23.911955977988995,-1.7962103796348134
23.936968484242122,-1.830024623963437
23.96198099049525,-1.744367429037459
23.986993496748376,-1.7594867937255196
24.0120060030015,-1.7042428500373645
24.037018509254626,-1.7610271510859536
24.062031015507753,-1.677708636317005
24.08704352176088,-1.7244226396246405
24.112056028014006,-1.6749110254309412
24.137068534267133,-1.6544870630315358
24.16208104052026,-1.6122498580740539
24.187093546773387,-1.6215524389070632
24.212106053026513,-1.57783441410345
24.23711855927964,-1.5072641572083638
24.262131065532767,-1.4305147347654585
24.287143571785894,-1.4487692852044733
24.31215607803902,-1.4597633973482973
24.337168584292147,-1.3876911108799388
24.362181090545274,-1.3013687292386258
24.3871935967984,-1.325647714994798
24.412206103051524,-1.235054775578612
24.43721860930465,-1.2116360663273735
24.462231115557778,-1.1668551839230847
24.487243621810904,-1.19569993283446
24.51225612806403,-1.079077711739975
24.537268634317158,-1.046419537811038
24.562281140570285,-1.0265028724759626
24.58729364682341,-1.0167100091820984
24.61230615307654,-0.9048011899776843
24.637318659329665,-0.9327867436127909
24.662331165582792,-0.8905180698993934
24.68734367183592,-0.8522404151516512
24.712356178089045,-0.7501551831588859
24.737368684342172,-0.7692010750837541
24.7623811905953,-0.705448153846496
24.787393696848426,-0.6596064247478725
24.81240620310155,-0.6055161718904964
24.837418709354676,-0.5768526315928213
24.862431215607803,-0.4372053626697369
24.88744372186093,-0.47426396245770486
24.912456228114056,-0.3855418000692141
24.937468734367183,-0.3267104366023736
24.96248124062031,-0.30823504618796066
24.987493746873437,-0.1995135468428907
25.012506253126563,-0.23497237603620924
25.03751875937969,-0.14595365947978695
25.062531265632817,-0.13750479049024916
25.087543771885944,0.0062123287246190345
25.11255627813907,-0.002687513420694239
25.137568784392197,0.05676063851783009
25.162581290645324,0.0867881265342598
25.18759379689845,0.13822506229073153
25.212606303151574,0.16814972080843307
25.2376188094047,0.29793463303341194
25.262631315657828,0.3169731156695282
25.287643821910955,0.3702978567497421
25.31265632816408,0.36095257914657525
25.337668834417208,0.4458031641762753
25.362681340670335,0.48221091898747603
25.38769384692346,0.5058402801210585
25.41270635317659,0.6306829036227684
25.437718859429715,0.6589548008720061
25.462731365682842,0.7378748801223367
25.48774387193597,0.7324275139889176
25.512756378189096,0.796077904039321
25.537768884442222,0.8663662189424032
25.56278139069535,0.8748772064275288
25.587793896948476,0.9609371700245041
25.6128064032016,0.9656984915655954
25.637818909454726,1.0587377202442125
25.662831415707853,1.0168732937795437
25.68784392196098,1.0712251443166771
25.712856428214106,1.1835765283488464
25.737868934467233,1.1964105093484987
25.76288144072036,1.1925598230479977
25.787893946973487,1.3169775927319696
25.812906453226613,1.3395139478342273
25.83791895947974,1.3566391891925011
25.862931465732867,1.3585934420735921
25.887943971985994,1.459180924680763
25.91295647823912,1.5065676614587582
25.937968984492247,1.4444712284547887
25.962981490745374,1.5212299341346347
25.9879939969985,1.5843604581953818
26.013006503251624,1.6088670653587263
26.03801900950475,1.6289130013005713
26.063031515757878,1.6246803641555065
26.088044022011005,1.6934452509662374
26.11305652826413,1.7259138463658403
26.138069034517258,1.7504565074284313
26.163081540770385,1.7979929297329313
26.18809404702351,1.8064095128785398
26.21310655327664,1.8326321596356336
26.238119059529765,1.8246352798616818
26.263131565782892,1.879724012009156
26.28814407203602,1.8580320382722915
26.313156578289146,1.9410737267835858
26.338169084542272,1.9461210938857907
26.3631815907954,1.9499016592018616
26.388194097048526,1.9894097038988727
26.41320660330165,2.003390542456094
26.438219109554776,1.9718558510328705
26.463231615807903,1.9789431806951179
26.48824412206103,2.0144059371357823
26.513256628314156,2.052579927756787
26.538269134567283,2.061644168405257
26.56328164082041,2.04093741727795
26.588294147073537,2.0195213915041843
26.613306653326664,2.071422966170228
26.63831915957979,2.005695185439438
26.663331665832917,2.0789645907161463
26.688344172086044,2.0606774656935083
26.71335667833917,2.0600626406587246
26.738369184592298,2.0724012260377833
26.763381690845424,2.070362530900308
26.788394197098548,2.0330972317458422
26.813406703351674,2.0531038770830126
26.8384192096048,2.0247460149251757
26.863431715857928,2.0215323501279157
26.888444222111055,1.9767391525723796
26.91345672836418,2.049382084293899
26.93846923461731,1.9482458459471936
26.963481740870435,1.9386221124716656
26.988494247123562,1.9825470442170663
27.01350675337669,1.9406746528257361
27.038519259629815,1.9517756739818006
27.063531765882942,1.9597128891973674
27.08854427213607,1.9148621884242274
27.113556778389196,1.9168350852759652
27.138569284642323,1.855147608837903
27.16358179089545,1.8104629373861856
27.188594297148573,1.7724735118106938
27.2136068034017,1.8214296891537576
27.238619309654826,1.7645140001922237
27.263631815907953,1.7463136391523766
27.28864432216108,1.7350165716832289
27.313656828414207,1.7256635531004685
27.338669334667333,1.6996363372447876
27.36368184092046,1.631771015424653
27.388694347173587,1.597657017978443
27.413706853426714,1.556509175514369
27.43871935967984,1.569065645657886
27.463731865932967,1.4647968794779125
27.488744372186094,1.4221397976601584
27.51375687843922,1.4500232938628497
27.538769384692348,1.3809784049095755
27.563781890945474,1.3483191664143521
27.588794397198598,1.3532416003372834
27.613806903451724,1.3130080475470651
27.63881940970485,1.2739498438469001
27.663831915957978,1.1705974507105394
27.688844422211105,1.1421957933578049
27.71385692846423,1.091253536380896
27.73886943471736,1.1096914805090656
27.763881940970485,1.0083397881141007
27.788894447223612,1.00121005277895
27.81390695347674,0.9281120612905107
27.838919459729865,0.8564171028954506
27.863931965982992,0.8457236333994675
27.88894447223612,0.8465453331924518
27.913956978489246,0.7800545764975967
27.938969484742373,0.7327784149144088
27.9639819909955,0.6643260768200614
27.988994497248623,0.6442694150043692
28.01400700350175,0.5175294313299031
28.039019509754876,0.5128416755937169
28.064032016008003,0.4822916041783242
28.08904452226113,0.4376312849013184
28.114057028514257,0.37408620353805666
28.139069534767383,0.2913250221949968
28.16408204102051,0.2931879310523457
28.189094547273637,0.2474476325187936
28.214107053526764,0.17848399560823053
28.23911955977989,0.12497632401669097
28.264132066033017,0.11237808680239507
28.289144572286144,-0.017616544497240424
28.31415707853927,0.006964437259508113
28.339169584792398,-0.0677885213705883
28.364182091045524,-0.127836774839022
28.389194597298648,-0.1736817721972208
28.414207103551774,-0.21080100773291297
28.4392196098049,-0.29073152331092184
28.464232116058028,-0.28734864612457156
28.489244622311155,-0.36468621730121986
28.51425712856428,-0.38746716936775105
28.53926963481741,-0.4436555839739945
28.564282141070535,-0.5593369698541295
28.589294647323662,-0.5417957178672295
28.61430715357679,-0.6216791865351565
28.639319659829916,-0.6953798098278862
28.664332166083042,-0.7349216681030377
28.68934467233617,-0.7651380282449507
28.714357178589296,-0.8027023076781827
28.739369684842423,-0.8228226664867455
28.76438219109555,-0.8792953602039665
28.789394697348673,-0.9429131677226592
28.8144072036018,-0.9996584577166124
28.839419709854926,-0.9857481625884181
28.864432216108053,-1.0589292651398705
28.88944472236118,-1.153917873544556
28.914457228614307,-1.094930731173846
28.939469734867433,-1.1371397133355563
28.96448224112056,-1.2048366816366747
28.989494747373687,-1.25867540248499
29.014507253626814,-1.3426468887545806
29.03951975987994,-1.3511025602755953
29.064532266133067,-1.3547769877552582
29.089544772386194,-1.3771905963767759
29.11455727863932,-1.4398480870320063
29.139569784892448,-1.5027070860992755
29.164582291145575,-1.5183508858724908
29.189594797398698,-1.5102441620905214
29.214607303651825,-1.6119082184704385
29.23961980990495,-1.5609195470211672
29.264632316158078,-1.6593548270020453
29.289644822411205,-1.633943986665191
29.31465732866433,-1.703115961106458
29.33966983491746,-1.7465523215636052
29.364682341170585,-1.7598652395958219
29.389694847423712,-1.791609182152324
29.41470735367684,-1.7197060243528663
29.439719859929966,-1.7476115629182791
29.464732366183092,-1.8502545570675675
29.48974487243622,-1.8107130734597017
29.514757378689346,-1.8738270348353092
29.539769884942473,-1.8687270356276628
29.564782391195596,-1.854884459272744
29.589794897448723,-1.923706302628493
29.61480740370185,-1.9046384543163126
29.639819909954976,-1.9337656896603752
29.664832416208103,-1.9115512414393019
29.68984492246123,-1.964199271579854
29.714857428714357,-1.9450634706049152
29.739869934967484,-1.9224404332655838
29.76488244122061,-1.9254203217127557
29.789894947473737,-1.9155205811502911
29.814907453726864,-1.9135415349768987
29.83991995997999,-1.9261432564103416
29.864932466233117,-1.9401303732703357
29.889944972486244,-1.9446716789302603
29.91495747873937,-1.958871786591397
29.939969984992498,-1.9073632176178188
29.96498249124562,-1.8909722951033703
29.989994997498748,-1.8955056173979128
30.015007503751875,-1.9510118515309025
30.040020010005,-1.87750363639377
30.06503251625813,-1.9418843375424428
30.090045022511255,-1.926350436111095
30.115057528764382,-1.876138174046116
30.14007003501751,-1.9115671398707457
30.165082541270635,-1.8405939108796057
30.190095047523762,-1.8485271447473073
30.21510755377689,-1.8499936961324428
30.240120060030016,-1.8120474335270937
30.265132566283143,-1.7534885242297098
30.29014507253627,-1.753431922234994
30.315157578789396,-1.7499002658791203
30.340170085042523,-1.7158182578059602
30.365182591295646,-1.6819923296585735
30.390195097548773,-1.6814216021184836
30.4152076038019,-1.6725646683276785
30.440220110055026,-1.5722649038700205
30.465232616308153,-1.5842734118356325
30.49024512256128,-1.5378121970180867
30.515257628814407,-1.4821197797932961
30.540270135067534,-1.4507553321918587
30.56528264132066,-1.4362433449447143
30.590295147573787,-1.3911975693009964
30.615307653826914,-1.4134482341612848
30.64032016008004,-1.3985594634115528
30.665332666333168,-1.333596490385266
30.690345172586294,-1.3172155214341092
30.71535767883942,-1.2025878463889998
30.740370185092548,-1.1956464508962914
30.76538269134567,-1.1894581103179587
30.790395197598798,-1.115671535280943
30.815407703851925,-1.0617768350416161
30.84042021010505,-1.003934356762351
30.86543271635818,-0.9928725004501208
30.890445222611305,-0.9666950464099304
30.915457728864432,-0.891676442878551
30.94047023511756,-0.817295805850831
30.965482741370685,-0.8181212463454266
30.990495247623812,-0.781278155532634
31.01550775387694,-0.7380794041482396
31.040520260130066,-0.7179987908600407
31.065532766383193,-0.666883543793409
31.09054527263632,-0.565604728348879
31.115557778889446,-0.5084499270378051
31.140570285142573,-0.5304767136897685
31.165582791395696,-0.46278033471385355
31.190595297648823,-0.4000145125665181
31.21560780390195,-0.31976197217544106
31.240620310155077,-0.28609732326174936
31.265632816408203,-0.2716075230425559
31.29064532266133,-0.1506790329008773
31.315657828914457,-0.17046502831109947
31.340670335167584,-0.12675584090949293
31.36568284142071,-0.016871620186237085
31.390695347673837,-0.024455136855763705
31.415707853926964,0.04811469007134179
31.44072036018009,0.07011887459180799
31.465732866433218,0.18417550327085622
31.490745372686344,0.15200361196079717
31.51575787893947,0.2616919637973938
31.540770385192598,0.3425759266022227
31.56578289144572,0.34943471587419794
31.590795397698848,0.4269686479059587
31.615807903951975,0.4319235534399051
31.6408204102051,0.5284807639534257
31.66583291645823,0.5633976435577626
31.690845422711355,0.5477282065954179
31.715857928964482,0.6342375909406828
31.74087043521761,0.6749822312974613
31.765882941470736,0.7622629682951628
31.790895447723862,0.7997452243616683
31.81590795397699,0.876393830514253
31.840920460230116,0.8941504695297102
31.865932966483243,0.9325619534154953
31.89094547273637,0.9630527948267147
31.915957978989496,0.9758733995352442
31.940970485242623,1.0117136034679897
31.965982991495746,1.1416187697889735
31.990995497748873,1.1370546978567593
32.016008004002,1.18716934916158
32.04102051025513,1.2229056209937224
32.06603301650826,1.24186676776257
32.091045522761384,1.3315116144757495
32.11605802901451,1.3485731159854226
32.14107053526764,1.4010358241960916
32.16608304152076,1.3686513098943156
32.191095547773884,1.420087657916857
32.21610805402701,1.5052952423470607
32.24112056028014,1.5070909543777498
32.266133066533264,1.5361645363949825
32.29114557278639,1.5612281597987758
32.31615807903952,1.591784568250493
32.341170585292645,1.6719079338576308
32.36618309154577,1.7078121163865698
32.3911955977989,1.7290868579039327
32.416208104052025,1.6980364747643797
32.44122061030515,1.807185630404167
32.46623311655828,1.7708090015524012
32.491245622811405,1.8211366555132178
32.51625812906453,1.8636240726157594
32.54127063531766,1.8985450002135893
32.566283141570786,1.830659716592599
32.59129564782391,1.94079197133572
32.61630815407704,1.919212787049215
32.641320660330166,1.9177957560850092
32.66633316658329,1.9385069266719517
32.69134567283642,1.9540916013888385
32.716358179089546,1.9773576755576654
32.74137068534267,1.9891027843813411
32.7663831915958,2.0481213235448656
32.79139569784893,2.0417123926716516
32.81640820410205,1.9867655102250703
32.84142071035518,2.0368791020209174
32.86643321660831,2.0401615715684787
32.891445722861434,2.062330963028376
32.91645822911456,2.0155920714323385
32.94147073536768,2.07387423303122
32.96648324162081,2.042796515877897
32.991495747873934,2.034267192891129
33.01650825412706,2.004609277886626
33.04152076038019,2.0511807765755785
33.066533266633314,2.0533086262369697
33.09154577288644,1.991391683827467
33.11655827913957,2.054828275044787
33.141570785392695,2.0025342654139173
33.16658329164582,1.9979126029721996
33.19159579789895,1.9987091853014693
33.216608304152075,2.040971203325778
33.2416208104052,1.9903591867464128
33.26663331665833,1.9326934370840088
33.291645822911455,1.9443805013760824
33.31665832916458,1.9438948997987093
33.34167083541771,1.9130719614122322
33.366683341670836,1.9233752749782622
33.39169584792396,1.8952349210064732
33.41670835417709,1.899961033975022
33.441720860430216,1.8816867416146827
33.46673336668334,1.8078506472513736
33.49174587293647,1.786944450885701
33.516758379189596,1.751691875324634
33.54177088544272,1.7564202602641361
33.56678339169585,1.7594504900308925
33.59179589794898,1.6787108674499391
33.616808404202104,1.6518231296319164
33.64182091045523,1.6295560749847593
33.66683341670836,1.631101204642589
33.691845922961484,1.5744281826092161
33.71685842921461,1.5214232614772836
33.74187093546773,1.4972697190213446
33.76688344172086,1.4523963200012342
33.791895947973984,1.4589135785701037
33.81690845422711,1.3859665756252428
33.84192096048024,1.4109072861802776
33.866933466733364,1.2830866341154838
33.89194597298649,1.326323871413432
33.91695847923962,1.2740682144488176
33.941970985492745,1.2522384311551455
33.96698349174587,1.1185817970709493
33.991995997999,1.0721249524876857
34.017008504252125,1.0900843938130425
34.04202101050525,1.015674662540856
34.06703351675838,1.0302846613902437
34.092046023011505,0.9168077204585959
34.11705852926463,0.932961418312157
34.14207103551776,0.8078794008534073
34.167083541770886,0.8509120526102218
34.19209604802401,0.7360858135857589
34.21710855427714,0.7217289157613046
34.242121060530266,0.6914033664760654
34.26713356678339,0.5947725397570097
34.29214607303652,0.602836414100246
34.31715857928965,0.4784724783018362
34.34217108554277,0.48717156140251733
34.3671835917959,0.471606900154662
34.39219609804903,0.35852714818900805
34.417208604302154,0.36099232550153904
34.44222111055528,0.23761025912027597
34.46723361680841,0.2352444511541756
34.492246123061534,0.13382987719245407
34.51725862931466,0.16541205733997388
34.54227113556778,0.11330363306418866
34.56728364182091,0.05430436648123774
34.592296148074034,-0.03474086746572712
34.61730865432716,-0.09842009619914519
34.64232116058029,-0.07782894524339141
34.667333666833414,-0.17695660530921417
34.69234617308654,-0.18072003620217902
34.71735867933967,-0.29677566454033866
34.742371185592795,-0.2685465716399795
34.76738369184592,-0.38772563618603334
34.79239619809905,-0.3670240648800065
34.817408704352175,-0.5139305912157808
34.8424212106053,-0.46586143859668727
34.86743371685843,-0.5491143186948578
34.892446223111556,-0.6321127950558886
34.91745872936468,-0.655417870892038
34.94247123561781,-0.6566627273017935
34.967483741870936,-0.7539461198581026
34.99249624812406,-0.7499582258117706
35.01750875437719,-0.8358380072557975
35.042521260630316,-0.8718726845741311
35.06753376688344,-0.9468127738408268
35.09254627313657,-0.9366831534086417
35.1175587793897,-1.057467191913778
35.14257128564282,-1.0161775539378912
35.16758379189595,-1.1145843715009234
35.19259629814908,-1.122915779302413
35.217608804402204,-1.1425030012119364
35.24262131065533,-1.1887562541954548
35.26763381690846,-1.258253084509518
35.292646323161584,-1.2958109504542779
35.317658829414704,-1.3654927727365276
35.34267133566783,-1.3767777940855475
35.36768384192096,-1.4335284422275323
35.392696348174084,-1.4811752231190893
35.41770885442721,-1.4469880501778078
35.44272136068034,-1.5163169303581492
35.467733866933465,-1.522293434741092
35.49274637318659,-1.5675413000171854
35.51775887943972,-1.5628121326705602
35.542771385692845,-1.5732246739195086
35.56778389194597,-1.6142896237323567
35.5927963981991,-1.6495088001383702
35.617808904452225,-1.7007057827048193
35.64282141070535,-1.7132980367257382
35.66783391695848,-1.7156586125480424
35.692846423211606,-1.7422104066995563
35.71785892946473,-1.8111821934462184
35.74287143571786,-1.7918249182892345
35.767883941970986,-1.8695651413240961
35.79289644822411,-1.8841036405056897
35.81790895447724,-1.898873493291895
35.842921460730366,-1.9058590967453455
35.86793396698349,-1.8503654151203248
35.89294647323662,-1.9223248255073027
35.91795897948975,-1.9169937400089476
35.94297148574287,-1.884980333179625
35.967983991996,-1.912036620799954
35.99299649824913,-1.9797830737955062
36.018009004502254,-1.9167314793119583
36.04302151075538,-1.9581985612997812
36.06803401700851,-1.9562118809284006
36.093046523261634,-1.9221739230292023
36.118059029514754,-1.988848118725063
36.14307153576788,-1.9210921742978386
36.16808404202101,-1.9716969363817807
36.193096548274134,-1.9638274579854498
36.21810905452726,-1.9219167579452232
36.24312156078039,-1.9858115129844622
36.268134067033515,-1.9724904458490995
36.29314657328664,-1.9156836727292659
36.31815907953977,-1.8806077024916927
36.343171585792895,-1.9164500879060509
36.36818409204602,-1.940403238645558
36.39319659829915,-1.905514492714976
36.418209104552275,-1.8281422948137593
36.4432216108054,-1.8075404082918698
36.46823411705853,-1.8710958441650045
36.493246623311656,-1.836507673543072
36.51825912956478,-1.8406361448917574
36.54327163581791,-1.730695539828895
36.568284142071036,-1.7490049599008466
36.59329664832416,-1.7192943032288033
36.61830915457729,-1.6942666219432496
36.643321660830416,-1.7247928600757514
36.66833416708354,-1.6354056013469151
36.69334667333667,-1.6888452258516091
36.7183591795898,-1.583010249820029
36.743371685842924,-1.5848949119382194
36.76838419209605,-1.5273502641011212
36.79339669834918,-1.5520216045249662
36.818409204602304,-1.517110127126849
36.84342171085543,-1.5078878702646072
36.86843421710856,-1.391592269466921
36.893446723361684,-1.3733192363283648
36.918459229614804,-1.3780829797383793
36.94347173586793,-1.2888538478997678
36.96848424212106,-1.2888458395830629
36.993496748374184,-1.2582351366818072
37.01850925462731,-1.2160682257197195
37.04352176088044,-1.1201281096715274
37.068534267133565,-1.1522738742102863
37.09354677338669,-1.1011245850041975
37.11855927963982,-1.038254851799105
37.143571785892945,-0.9874695725156716
37.16858429214607,-0.989440182998686
37.1935967983992,-0.9313319756375982
37.218609304652325,-0.9004904855786466
37.24362181090545,-0.8216025197758594
37.26863431715858,-0.796657202889985
37.293646823411706,-0.7744288475634699
37.31865932966483,-0.7398637947381863
37.34367183591796,-0.6120584931452343
37.368684342171086,-0.6305910248712265
37.39369684842421,-0.552442912831701
37.41870935467734,-0.46837643825053427
37.44372186093047,-0.40626096388110955
37.46873436718359,-0.4561468773790982
37.49374687343672,-0.3703616095555854
37.51875937968985,-0.28967865433711554
37.543771885942974,-0.24882779546712777
37.5687843921961,-0.2033187170273823
37.59379689844923,-0.1354813231672259
37.618809404702354,-0.10719402569205981
37.64382191095548,-0.10164817917591956
37.66883441720861,-0.059002840906955636
37.693846923461734,0.03619588201798718
37.718859429714854,0.07357109180115495
37.74387193596798,0.15276402864018446
37.76888444222111,0.19153371351035106
37.793896948474234,0.19269504651715452
37.81890945472736,0.26450446964795693
37.84392196098049,0.34013001464344284
37.868934467233615,0.362390214042556
37.89394697348674,0.4121933864750099
37.91895947973987,0.475010077866148
37.943971985992995,0.5316309076540915
37.96898449224612,0.564315565398041
37.99399699849925,0.6354370556829289
38.019009504752376,0.7278650528037172
38.0440220110055,0.7141239552684161
38.06903451725863,0.7368680777280309
38.094047023511756,0.7764585768126758
38.11905952976488,0.884225782559458
38.14407203601801,0.9343166778360524
38.169084542271136,1.004426954298292
38.19409704852426,1.0032055514976592
38.21910955477739,1.0718189742500481
38.24412206103052,1.0830688058299007
38.26913456728364,1.0994488104894158
38.29414707353677,1.1531390814465259
38.3191595797899,1.178848696365932
38.344172086043024,1.2138935355353866
38.36918459229615,1.2917844160851983
38.39419709854928,1.292464937260793
38.419209604802404,1.3716121803426393
38.44422211105553,1.4051229430010992
38.46923461730866,1.42476137483648
38.49424712356178,1.4285496351951716
38.519259629814904,1.4949883048535773
38.54427213606803,1.5001332320445604
38.56928464232116,1.5539343386686961
38.594297148574285,1.6358185843455124
38.61930965482741,1.6453914158803797
38.64432216108054,1.7149555234158937
38.669334667333665,1.6909174391402224
38.69434717358679,1.6807600625896204
38.71935967983992,1.8006198839238783
38.744372186093045,1.8241982523987037
38.76938469234617,1.7638656706766007
38.7943971985993,1.8438061941529473
38.819409704852426,1.8421424520809506
38.84442221110555,1.8816138976856818
38.86943471735868,1.8523399597544123
38.894447223611806,1.8666308157912364
38.91945972986493,1.894985725648779
38.94447223611806,1.9583813852397605
38.969484742371186,1.911802587316969
38.99449724862431,1.9330132774319568
39.01950975487744,1.9548179798880394
39.04452226113057,2.029910849210083
39.06953476738369,2.0406226293012777
39.09454727363682,1.9940607493380942
39.11955977988995,2.0614025680034898
39.144572286143074,2.030635669409341
39.1695847923962,2.0464558085594997
39.19459729864933,2.00857682648524
39.219609804902454,1.9993443804134496
39.24462231115558,2.0296374791288083
39.26963481740871,2.0267519869663437
39.29464732366183,2.0493424183434037
39.319659829914954,2.0893637519747075
39.34467233616808,1.9946485745674034
39.36968484242121,2.0471793973329255
39.394697348674335,2.0522672232217336
39.41970985492746,1.9965794595762254
39.44472236118059,2.0152931063511796
39.469734867433715,1.9760845496648258
39.49474737368684,2.0222448291518833
39.51975987993997,1.9838600339105599
39.544772386193095,1.9542097749059122
39.56978489244622,2.005600266755789
39.59479739869935,1.94853196576006
39.619809904952476,1.963831509936199
39.6448224112056,1.9156312498058297
39.66983491745873,1.8663719552352451
39.694847423711856,1.835972853902488
39.71985992996498,1.8101509979334376
39.74487243621811,1.8063492384608621
39.769884942471236,1.786752398312871
39.79489744872436,1.819892040766915
39.81990995497749,1.7438291829772716
39.84492246123062,1.7009867783239685
39.86993496748374,1.7279833027319191
39.89494747373687,1.7133478299307865
39.91995997999,1.614800427290835
39.944972486243124,1.6097155000162569
39.96998499249625,1.5758728371852668
39.99499749874938,1.5002631254953067
40.020010005002504,1.4737276304392755
40.04502251125563,1.4562925947531622
40.07003501750876,1.4629766111447295
40.09504752376188,1.4411928907937814
40.120060030015004,1.3670269207215937
40.14507253626813,1.308892379656652
40.17008504252126,1.3241044285800636
40.195097548774385,1.211596946891623
40.22011005502751,1.1919083825097998
40.24512256128064,1.1366086579834676
40.270135067533765,1.164251014951249
40.29514757378689,1.0669374546929062
40.32016008004002,1.024454592017626
40.345172586293145,1.0458286261800334
40.37018509254627,0.952501435589617
40.3951975987994,0.9003180798303483
40.420210105052526,0.8535876895722578
40.44522261130565,0.797801610533982
40.47023511755878,0.7434528308483564
40.495247623811906,0.7749081195484928
40.52026013006503,0.6827113721305232
40.54527263631816,0.6555900598963066
40.57028514257129,0.6220895227866117
40.59529764882441,0.5360933284186891
40.62031015507754,0.48609622619695425
40.64532266133067,0.39590731138970015
40.670335167583794,0.36094902483341706
40.69534767383692,0.388795989210343
40.72036018009005,0.2630261352852549
40.745372686343174,0.2659739995247239
40.7703851925963,0.22969315490228384
40.79539769884943,0.17097979270977512
40.820410205102554,0.04252226775979098
40.84542271135568,0.06680448175321033
40.87043521760881,-0.03313061180714929
40.89544772386193,-0.0118263572099752
40.920460230115054,-0.10843388151903613
40.94547273636818,-0.13727774234697143
40.97048524262131,-0.24636300923124077
40.995497748874435,-0.2574142316149649
41.02051025512756,-0.2787507704414478
41.04552276138069,-0.3567533160062155
41.070535267633815,-0.3962936784054165
41.09554777388694,-0.4085791840014398
41.12056028014007,-0.49763448945354166
41.145572786393195,-0.5557997110777607
41.17058529264632,-0.636109291123201
41.19559779889945,-0.6657442110509086
41.220610305152576,-0.6998876000872082
41.2456228114057,-0.7073159425112716
41.27063531765883,-0.7939145773318669
41.295647823911956,-0.8631758525874911
41.32066033016508,-0.8709883568540305
41.34567283641821,-0.9415010304034298
41.37068534267134,-0.9255161916173903
41.39569784892446,-0.9879396872348694
41.42071035517759,-1.0522280476523274
41.44572286143072,-1.1186405923885738
41.470735367683844,-1.158015058668225
41.49574787393697,-1.1512266226227372
41.5207603801901,-1.2247943729328483
41.545772886443224,-1.2830565256979354
41.57078539269635,-1.3083429236452266
41.59579789894948,-1.2927897076980486
41.620810405202604,-1.3929378432106443
41.64582291145573,-1.4071529627299555
41.67083541770885,-1.391538473570047
41.69584792396198,-1.439818252995499
41.720860430215104,-1.449426474226206
41.74587293646823,-1.5038407861784246
41.77088544272136,-1.5262101535840502
41.795897948974485,-1.5921439256573373
41.82091045522761,-1.6021421872226393
41.84592296148074,-1.6764292451761786
41.870935467733865,-1.680957239902591
41.89594797398699,-1.7193001528444947
41.92096048024012,-1.6856697340614921
41.945972986493246,-1.7504681426474096
41.97098549274637,-1.7727472365498251
41.9959979989995,-1.7525787522865488
42.021010505252626,-1.8493275982075636
42.04602301150575,-1.866167489930438
42.07103551775888,-1.8266243491271013
42.096048024012006,-1.8038444407594336
42.12106053026513,-1.8699490622639239
42.14607303651826,-1.8722768273835928
42.17108554277139,-1.856496097773394
42.19609804902451,-1.922210529370674
42.22111055527764,-1.9058242186254823
42.24612306153077,-1.8765084234749654
42.271135567783894,-1.9519673060858185
42.29614807403702,-1.9597142814690114
42.32116058029015,-1.897972106857106
42.346173086543274,-1.9199732911636398
42.3711855927964,-1.9739251334824128
42.39619809904953,-1.9258395558788988
42.421210605302655,-1.9447001803235437
42.44622311155578,-1.9539540466908776
42.4712356178089,-1.9114681331084733
42.49624812406203,-1.911217931226246
42.521260630315155,-1.892922113650309
42.54627313656828,-1.882915930048865
42.57128564282141,-1.93474405841834
42.596298149074535,-1.8845178713889665
42.62131065532766,-1.8786088272953714
42.64632316158079,-1.8541653092783206
42.671335667833915,-1.8404849026443013
42.69634817408704,-1.893714847272485
42.72136068034017,-1.904639669864265
42.746373186593296,-1.809968096319517
42.77138569284642,-1.7941427153767144
42.79639819909955,-1.840416513355619
42.821410705352676,-1.7847361904827603
42.8464232116058,-1.7926116437851498
42.87143571785893,-1.7459908623141696
42.896448224112056,-1.7682519226017592
42.92146073036518,-1.6621260392670523
42.94647323661831,-1.6639091796249628
42.97148574287144,-1.6784642408120065
42.99649824912456,-1.5931642469620881
43.02151075537769,-1.6050973457578133
43.04652326163082,-1.5834321100002098
43.071535767883944,-1.5702581970723433
43.09654827413707,-1.452969635852801
43.1215607803902,-1.4257446807879184
43.146573286643324,-1.4267208248318313
43.17158579289645,-1.3823555076145548
43.19659829914958,-1.3518008803501262
43.221610805402705,-1.3648877738644936
43.24662331165583,-1.26856603289115
43.27163581790895,-1.2723540208612918
43.29664832416208,-1.2257441194138428
43.321660830415205,-1.1890749838947352
43.34667333666833,-1.1475706747163006
43.37168584292146,-1.083670086303522
43.396698349174585,-1.033346070101422
43.42171085542771,-0.9830300070018453
43.44672336168084,-0.9624206570058392
43.471735867933965,-0.880409872747647
43.49674837418709,-0.902307208600894
43.52176088044022,-0.8145049427819151
43.546773386693346,-0.8282957330791131
43.57178589294647,-0.791737557133074
43.5967983991996,-0.6913045975841141
43.621810905452726,-0.6699192786554391
43.64682341170585,-0.5595885112315335
43.67183591795898,-0.5591429301544959
43.69684842421211,-0.5136741154424704
43.72186093046523,-0.45629596747043166
43.74687343671836,-0.4118703210073483
43.77188594297149,-0.36414679250012383
43.796898449224614,-0.3153017438410571
43.82191095547774,-0.2846775658920633
43.84692346173087,-0.20148786205192093
43.871935967983994,-0.15009930121135212
43.89694847423712,-0.0820754481333112
43.92196098049025,-0.0334514527366634
43.946973486743374,-0.016399780430333237
43.9719859929965,0.02495130473963101
43.99699849924963,0.0477973442972453
44.022011005502755,0.14432427992216845
44.04702351175588,0.18474509158903704
44.072036018009,0.25785962806809354
44.09704852426213,0.2857483434327406
44.122061030515255,0.31305590836304725
44.14707353676838,0.362144293828113
44.17208604302151,0.4039658386743748
44.197098549274635,0.4272824107281255
44.22211105552776,0.5607293957805056
44.24712356178089,0.5846347625457322
44.272136068034015,0.5839360278555641
44.29714857428714,0.6320976403221047
44.32216108054027,0.7096112270892596
44.347173586793396,0.7929266032749349
44.37218609304652,0.8296731724745321
44.39719859929965,0.8773259511179367
44.422211105552776,0.9187242879038985
44.4472236118059,0.9230956622632518
44.47223611805903,0.990494731249231
44.49724862431216,1.084427234746665
44.52226113056528,1.0556835699674405
44.54727363681841,1.1075133712552843
44.57228614307154,1.1318309724005597
44.597298649324664,1.2516011591468184
44.62231115557779,1.2115171396801099
44.64732366183092,1.272029002308872
44.672336168084044,1.3323633415559204
44.69734867433717,1.3428067535216128
44.7223611805903,1.4035615901854153
44.747373686843424,1.4420329892131527
44.77238619309655,1.4585275977161918
44.79739869934968,1.4558715063893262
44.822411205602805,1.5878712110740176
44.847423711855924,1.6011275848847453
44.87243621810905,1.5876310230884898
44.89744872436218,1.606621125488348
44.922461230615305,1.6323866652645453
44.94747373686843,1.7023917848244798
44.97248624312156,1.7722374947479358
44.997498749374685,1.7927695671220587
45.02251125562781,1.75094427681101
45.04752376188094,1.848279972401084
45.072536268134066,1.8229295708464581
45.09754877438719,1.8637045506514185
45.12256128064032,1.8418138698476478
45.147573786893446,1.9010623071010901
45.17258629314657,1.948274672230816
45.1975987993997,1.8834342371428796
45.222611305652826,1.9646171957817133
45.24762381190595,1.9529216973023587
45.27263631815908,2.0137651565930894
45.29764882441221,1.9554742431640777
45.32266133066533,1.9752373148114164
45.34767383691846,1.9708426337263183
45.37268634317159,2.0264892840235893
45.397698849424714,2.0469429378420045
45.42271135567784,2.024565861022634
45.44772386193097,2.069638588538826
45.472736368184094,2.0599208635239425
45.49774887443722,2.0629850782192998
45.52276138069035,2.054397138847405
45.547773886943475,2.0717977747880347
45.5727863931966,2.097491418432812
45.59779889944973,2.0710577757652953
45.622811405702855,2.092621920768452
45.647823911955975,2.0900271802693413
45.6728364182091,2.068232538083408
45.69784892446223,2.065323266581673
45.722861430715355,1.9749745206184
45.74787393696848,2.053969482738097
45.77288644322161,2.048009942421021
45.797898949474735,1.9805194280453335
45.82291145572786,1.9959638579664236
45.84792396198099,1.975414843437723
45.872936468234116,1.9169198955206275
45.89794897448724,1.94789935122881
45.92296148074037,1.8707136942597609
45.947973986993496,1.89188144798341
45.97298649324662,1.8732715609905286
45.99799899949975,1.8608361484751321
46.023011505752876,1.7877233732620952
46.048024012006,1.771395986017449
46.07303651825913,1.7855912901560431
46.09804902451226,1.7592660430632214
46.12306153076538,1.6899217100955632
46.14807403701851,1.7305012425516377
46.17308654327164,1.6928142666119932
46.198099049524764,1.6394441974070884
46.22311155577789,1.6345555600390187
46.24812406203102,1.6173582730547318
46.273136568284144,1.5975074372003184
46.29814907453727,1.4757642389014853
46.3231615807904,1.5056507801797392
46.348174087043525,1.4080896411890682
46.37318659329665,1.4482354863081373
46.39819909954978,1.407356306278361
46.423211605802905,1.3572633284945743
46.448224112056025,1.2944835600216327
46.47323661830915,1.2548727926442156
46.49824912456228,1.2352625499721293
46.523261630815405,1.2289383745954001
46.54827413706853,1.1010214357186947
46.57328664332166,1.1134037834024118
46.598299149574785,1.0901982672072328
46.62331165582791,1.0279797006411606
46.64832416208104,0.9664360360771145
46.673336668334166,0.9109812725379128
46.69834917458729,0.8422157100256086
46.72336168084042,0.8729479948148788
46.748374187093546,0.8040295503361432
46.77338669334667,0.7104217434273618
46.7983991995998,0.7355210627231561
46.823411705852926,0.6151551777736849
46.84842421210605,0.5521890992952626
46.87343671835918,0.567521621360052
46.89844922461231,0.47372036701534065
46.923461730865434,0.4322563838125318
46.94847423711856,0.3511643225150771
46.97348674337169,0.3630582008042019
46.998499249624814,0.3465027950420109
47.02351175587794,0.28795734379994875
47.04852426213107,0.19395200444835936
47.073536768384194,0.19704264540614358
47.09854927463732,0.09391409562012762
47.12356178089045,0.058681475084415374
47.148574287143575,0.020870131412399406
47.1735867933967,-0.02956037842981267
47.19859929964983,-0.05832990790134515
47.22361180590295,-0.13816354163799932
47.248624312156075,-0.21929954442651706
47.2736368184092,-0.2744003419246179
47.29864932466233,-0.28776183648328035
47.323661830915455,-0.3636501158738336
47.34867433716858,-0.3972309148449933
47.37368684342171,-0.4320749670376557
47.398699349674835,-0.4665710309712549
47.42371185592796,-0.49260321785812544
47.44872436218109,-0.6050218164688865
47.473736868434216,-0.6017406888950878
47.49874937468734,-0.6598007942245436
47.52376188094047,-0.7676573665216789
47.548774387193596,-0.7439774786381712
47.57378689344672,-0.8176173667237386
47.59879939969985,-0.8508556478932165
47.62381190595298,-0.8705631011701025
47.6488244122061,-0.9459530014662215
47.67383691845923,-0.9522316825232068
47.69884942471236,-1.0619785725006712
47.723861930965484,-1.1005861128436272
47.74887443721861,-1.1376600619677233
47.77388694347174,-1.1819038343901935
47.798899449724864,-1.2229045356892587
47.82391195597799,-1.2236993488867158
47.84892446223112,-1.3043535068105543
47.873936968484244,-1.3593903393184368
47.89894947473737,-1.3669706965040778
47.9239619809905,-1.3765669286809252
47.948974487243625,-1.4450108642749957
47.97398699349675,-1.4740398563058892
47.99899949974988,-1.459286960844869
48.024012006003,-1.4830734819223454
48.049024512256125,-1.4987603805128542
48.07403701850925,-1.5992135022041505
48.09904952476238,-1.628783590668526
48.124062031015505,-1.5907813470971028
48.14907453726863,-1.6894785467094353
48.17408704352176,-1.730657572480136
48.199099549774886,-1.7286704273306859
48.22411205602801,-1.7686288093421754
48.24912456228114,-1.7808021013750897
48.274137068534266,-1.7719309181880296
48.29914957478739,-1.8221750047171366
48.32416208104052,-1.8384911326874283
48.349174587293646,-1.8698826172760825
48.37418709354677,-1.8874034947261422
48.3991995997999,-1.8960951010080456
48.42421210605303,-1.9176238695411019
48.44922461230615,-1.8530660701454371
48.47423711855928,-1.9400987016566151
48.49924962481241,-1.9595376950054073
48.524262131065534,-1.8915476211453917
48.54927463731866,-1.9331797782936768
48.57428714357179,-1.93085201001188
48.599299649824914,-1.9872529440314706
48.62431215607804,-1.9518724768278537
48.64932466233117,-1.9947967260381407
48.674337168584294,-1.9901225159333429
48.69934967483742,-1.9566756471001214
48.72436218109055,-1.9680607769107166
48.749374687343675,-1.9342068118891702
48.7743871935968,-1.9174814320450322
48.79939969984993,-1.8923881829588423
48.82441220610305,-1.8943263592722652
48.849424712356175,-1.8955127811857995
48.8744372186093,-1.9423969681008262
48.89944972486243,-1.874297329231278
48.924462231115555,-1.8930215425665102
48.94947473736868,-1.9043243747690113
48.97448724362181,-1.8758488879976933
48.999499749874936,-1.8446202134376415
49.02451225612806,-1.81607845178084
49.04952476238119,-1.8627788067268587
49.074537268634316,-1.8039520401903566
49.09954977488744,-1.7478875747719038
49.12456228114057,-1.8138985351243624
49.149574787393696,-1.747852764362248
49.17458729364682,-1.7552006390114958
49.19959979989995,-1.6814327092236745
49.22461230615308,-1.6354822137897493
49.2496248124062,-1.633385405160505
49.27463731865933,-1.6339905995108948
49.29964982491246,-1.6035287884608784
49.324662331165584,-1.537488488615833
49.34967483741871,-1.577005210364444
49.37468734367184,-1.5216919912258602
49.399699849924964,-1.4702366561162379
49.42471235617809,-1.4828793578333115
49.44972486243122,-1.3609394373863
49.474737368684345,-1.389625750118909
49.49974987493747,-1.355515821469455
49.5247623811906,-1.2611810289587797
49.549774887443725,-1.2803556356938077
49.57478739369685,-1.2609598012797285
49.59979989994998,-1.1403766863783413
49.6248124062031,-1.1880686570253676
49.649824912456225,-1.148584719421403
49.67483741870935,-1.0880589528485736
49.69984992496248,-1.0154961812617034
49.724862431215605,-0.9881495300037209
49.74987493746873,-0.9730324400789054
49.77488744372186,-0.9291246532966096
49.799899949974986,-0.8505650491457573
49.82491245622811,-0.8373672076064549
49.84992496248124,-0.7807946411421288
49.874937468734366,-0.7562118672887418
49.89994997498749,-0.6265568420969323
49.92496248124062,-0.6218730123218373
49.949974987493746,-0.6145252087773803
49.97498749374687,-0.5209133015268484
50.0,-0.4750609841452107
