x,y
0.0,0.0671740727773337
0.02501250625312656,0.0986631413446353
0.05002501250625312,0.19306119993799686
0.0750375187593797,0.16275329274770958
0.10005002501250625,0.26276354512948996
0.12506253126563283,0.3060557833276528
0.1500750375187594,0.34768244449719615
0.17508754377188596,0.37401521388927694
0.2001000500250125,0.4570383834494032
0.22511255627813906,0.5268923129301535
0.25012506253126565,0.5684135117579011
0.2751375687843922,0.6309690221359292
0.3001500750375188,0.6577404054889858
0.32516258129064535,0.6996926787964788
0.3501750875437719,0.7510082024793472
0.3751875937968984,0.7601502896163659
0.400200100050025,0.8289469767861145
0.42521260630315155,0.8682577547258491
0.4502251125562781,0.910025887010564
0.4752376188094047,0.9234460988407653
0.5002501250625313,0.9598053683387526
0.5252626313156579,1.0322056530957298
0.5502751375687844,1.0660182951197565
0.575287643821911,1.1146676764642758
0.6003001500750376,1.1925619403903913
0.6253126563281641,1.2662578485955482
0.6503251625812907,1.2523902628910013
0.6753376688344173,1.3385894141177088
0.7003501750875438,1.3740813798110927
0.7253626813406704,1.4140125670453592
0.7503751875937968,1.4204649681842034
0.7753876938469234,1.4821610821154727
0.80040020010005,1.5125587047391424
0.8254127063531765,1.5560525965076837
0.8504252126063031,1.5323051880313794
0.8754377188594297,1.604848449039738
0.9004502251125562,1.6644335094268026
0.9254627313656828,1.6919145390394437
0.9504752376188094,1.7076017110702009
0.9754877438719359,1.6922843876766374
1.0005002501250626,1.6896672534461632
1.0255127563781892,1.7593875441842886
1.0505252626313157,1.7680952896021491
1.0755377688844423,1.814046911953908
1.1005502751375689,1.827611602924877
1.1255627813906954,1.8640250692185587
1.150575287643822,1.9050346894950283
1.1755877938969486,1.8857676408634902
1.2006003001500751,1.9612089865093583
1.2256128064032017,1.97779641014251
1.2506253126563283,1.935985137744585
1.2756378189094548,1.9342061704930127
1.3006503251625814,1.9645806682496567
1.325662831415708,2.026247512997255
1.3506753376688345,1.9700832139140187
1.375687843921961,1.9949317415595713
1.4007003501750876,2.022879161537351
1.4257128564282142,1.9923377522763623
1.4507253626813408,1.9870355724697264
1.4757378689344671,2.0032690233905175
1.5007503751875937,2.0067135190239664
1.5257628814407203,2.0071066068913037
1.5507753876938468,2.0563725214663555
1.5757878939469734,2.0940753091668673
1.6008004002001,2.053618246652465
1.6258129064532265,2.029618601370963
1.650825412706353,2.0192313390295196
1.6758379189594796,2.0673052588581875
1.7008504252126062,2.0147676408369546
1.7258629314657328,1.980188753443249
1.7508754377188593,2.0348186845518934
1.775887943971986,1.9823693972973075
1.8009004502251125,1.9587256867966085
1.825912956478239,1.9596875961804838
1.8509254627313656,2.0193645563656046
1.8759379689844922,1.9891254971846117
1.9009504752376187,1.9341974741233814
1.9259629814907453,1.875699837289838
1.9509754877438719,1.8733725144703115
1.9759879939969984,1.8980212933164018
2.001000500250125,1.8694862848160023
2.0260130065032516,1.8403062691302137
2.0510255127563783,1.8415216297142778
2.0760380190095047,1.8154063746898064
2.1010505252626315,1.8085645313377985
2.126063031515758,1.7459967879194551
2.1510755377688846,1.7455983408798577
2.176088044022011,1.6931225019089042
2.2011005502751377,1.6963191714807468
2.226113056528264,1.6230287521037206
2.251125562781391,1.5677989459046562
2.276138069034517,1.594358689847079
2.301150575287644,1.5205018030300528
2.3261630815407703,1.4866086376156857
2.351175587793897,1.4797925774161627
2.3761880940470235,1.4564029382889205
2.4012006003001503,1.4446314857137343
2.4262131065532766,1.3236720820446246
2.4512256128064034,1.3721153213650368
2.4762381190595297,1.2367912403105241
2.5012506253126565,1.255178686289034
2.526263131565783,1.2042102299193427
2.5512756378189096,1.1487379736980636
2.576288144072036,1.1255177744111513
2.6013006503251628,1.1098099013770162
2.626313156578289,1.0444828331408107
2.651325662831416,0.9475970549418555
2.6763381690845423,0.9360579993817884
2.701350675337669,0.926005957935969
2.7263631815907954,0.9061062219303794
2.751375687843922,0.7888315577765449
2.7763881940970485,0.7735840709191764
2.8014007003501753,0.6703012398740448
2.8264132066033016,0.6358975094064369
2.8514257128564284,0.6245536942380028
2.8764382191095548,0.5645518791356067
2.9014507253626816,0.5005058161246513
2.926463231615808,0.43426078007097896
2.9514757378689342,0.4152569816766554
2.976488244122061,0.38990501675514094
3.0015007503751874,0.3358717391755957
3.026513256628314,0.23098949793980486
3.0515257628814405,0.26837969643849025
3.0765382691345673,0.20989430588378472
3.1015507753876936,0.10738338515364508
3.1265632816408204,0.06005089736043975
3.1515757878939468,0.0174082826694589
3.1765882941470736,-0.016647889332771622
3.2016008004002,-0.036387457279293434
3.2266133066533267,-0.10577757759177525
3.251625812906453,-0.20737495880117812
3.27663831915958,-0.22207343778776262
3.301650825412706,-0.22478541230281057
3.326663331665833,-0.36239305447122283
3.3516758379189593,-0.32726720942796084
3.376688344172086,-0.42929196667003555
3.4017008504252124,-0.45123955325075266
3.426713356678339,-0.5566009709500216
3.4517258629314655,-0.5815629670157861
3.4767383691845923,-0.5702011294939422
3.5017508754377187,-0.6424295908913967
3.5267633816908455,-0.687585319098289
3.551775887943972,-0.7071473515673246
3.5767883941970986,-0.8305644665708916
3.601800900450225,-0.8647679577527754
3.6268134067033517,-0.8980264615245708
3.651825912956478,-0.927663903584386
3.676838419209605,-0.9678364545107991
3.701850925462731,-0.9630088444509926
3.726863431715858,-1.1038631938984325
3.7518759379689843,-1.1053702216562067
3.776888444222111,-1.1176477938646525
3.8019009504752375,-1.194744433172356
3.8269134567283642,-1.2307435652388077
3.8519259629814906,-1.2986514869944725
3.8769384692346174,-1.276814310929766
3.9019509754877437,-1.3619323034228976
3.9269634817408705,-1.4008965101074038
3.951975987993997,-1.4006570368555482
3.9769884942471236,-1.393654174951982
4.00200100050025,-1.485806961984649
4.027013506753376,-1.5090639602455065
4.052026013006503,-1.5709219686831342
4.07703851925963,-1.5618887919822864
4.102051025512757,-1.5457713585016546
4.127063531765883,-1.6002395355298669
4.152076038019009,-1.6414483531858393
4.177088544272136,-1.655300950801754
4.202101050525263,-1.7290644100482946
4.227113556778389,-1.6853670519922845
4.252126063031516,-1.7324957066487767
4.277138569284642,-1.789273197181282
4.302151075537769,-1.7558424548138623
4.327163581790895,-1.8261723367526725
4.352176088044022,-1.8476738861986242
4.377188594297149,-1.8344804570602744
4.4022011005502755,-1.8786771825268387
4.427213606803401,-1.8315449859274597
4.452226113056528,-1.8531814395036228
4.477238619309655,-1.8506860151547042
4.502251125562782,-1.85938953973022
4.527263631815908,-1.9294738348779177
4.552276138069034,-1.912619187887862
4.577288644322161,-1.9175991180632972
4.602301150575288,-1.900303113824744
4.627313656828414,-1.981380517281163
4.652326163081541,-1.9819276740487106
4.6773386693346675,-1.944729084629706
4.702351175587794,-1.955651041469248
4.72736368184092,-1.9076610868009671
4.752376188094047,-1.8993650524184702
4.777388694347174,-1.9635413161198016
4.8024012006003005,-1.9569412514865003
4.827413706853426,-1.919346755154369
4.852426213106553,-1.9013223276971618
4.87743871935968,-1.9547352988949271
4.902451225612807,-1.865111261351694
4.927463731865933,-1.9106048585567201
4.9524762381190595,-1.910214640009645
4.977488744372186,-1.8638608841763646
5.002501250625313,-1.9062198830241766
5.027513756878439,-1.877852818057822
5.052526263131566,-1.8442615342547717
5.0775387693846925,-1.8407033566519977
5.102551275637819,-1.797843726826478
5.127563781890945,-1.7990601699568467
5.152576288144072,-1.7305759677476629
5.177588794397199,-1.7259699085431452
5.2026013006503256,-1.7103188491314367
5.2276138069034515,-1.7038604576011822
5.252626313156578,-1.6427395839967567
5.277638819409705,-1.5956324231830221
5.302651325662832,-1.5861084448193778
5.327663831915958,-1.6308610358925868
5.3526763381690845,-1.5603930138049964
5.377688844422211,-1.4760528974497786
5.402701350675338,-1.4716075522353214
5.427713856928464,-1.4238917456394784
5.452726363181591,-1.465284246370685
5.4777388694347176,-1.4254454624396777
5.502751375687844,-1.3113975683905716
5.52776388194097,-1.300258145633527
5.552776388194097,-1.236269322292569
5.577788894447224,-1.2702662713858288
5.602801400700351,-1.2285448843177675
5.6278139069534765,-1.147200546189328
5.652826413206603,-1.1772945225530347
5.67783891945973,-1.1051420287635958
5.702851425712857,-1.089984772504689
5.727863931965983,-1.0456692067087814
5.7528764382191095,-0.9275621484904232
5.777888944472236,-0.9401816872901981
5.802901450725363,-0.8591444345543289
5.827913956978489,-0.8165896805780657
5.852926463231616,-0.8014071978417159
5.877938969484743,-0.7328528668924197
5.9029514757378685,-0.7035424948819925
5.927963981990995,-0.5977003685894328
5.952976488244122,-0.6458556650588744
5.977988994497249,-0.5954794846783228
6.003001500750375,-0.5421602321093214
6.0280140070035015,-0.4269860242382745
6.053026513256628,-0.4232871565249004
6.078039019509755,-0.3157815347915113
6.103051525762881,-0.33088610502139015
6.128064032016008,-0.27053470960492265
6.153076538269135,-0.21636978536638554
6.178089044522261,-0.16696607493876936
6.203101550775387,-0.08280696949027433
6.228114057028514,-0.05421690501900855
6.253126563281641,-0.02459099551720051
6.278139069534768,0.001524420841622482
6.3031515757878935,0.05768614299591855
6.32816408204102,0.105355203125391
6.353176588294147,0.15869896890374666
6.378189094547274,0.2649890233079726
6.4032016008004,0.28401297465627845
6.428214107053527,0.3568371131098319
6.453226613306653,0.4186972993369245
6.47823911955978,0.39174031349756055
6.503251625812906,0.49096720388424986
6.528264132066033,0.5594425669026322
6.55327663831916,0.5879954084208299
6.578289144572286,0.6427736470908277
6.603301650825412,0.6797210263456411
6.628314157078539,0.7203510613181299
6.653326663331666,0.8161706806425315
6.678339169584793,0.7923086859550247
6.703351675837919,0.8508381976413495
6.728364182091045,0.9103612026908308
6.753376688344172,0.9092071558630108
6.778389194597299,0.9757885929028746
6.803401700850425,1.0003651675095768
6.828414207103552,1.0567779158691373
6.853426713356678,1.1039174116041293
6.878439219609805,1.1462220157566239
6.903451725862931,1.2386273371723668
6.928464232116058,1.2293095127280569
6.953476738369185,1.3400846503452783
6.9784892446223115,1.3199887041097318
7.003501750875437,1.3498478094617776
7.028514257128564,1.4367870729725571
7.053526763381691,1.4250766606322893
7.078539269634818,1.4850026035938173
7.103551775887944,1.5590490623106164
7.12856428214107,1.5094740648584035
7.153576788394197,1.5426068574469083
7.178589294647324,1.6100035922261966
7.20360180090045,1.6039017420776829
7.228614307153577,1.6425980149869672
7.2536268134067035,1.6631423886258168
7.27863931965983,1.680837895887765
7.303651825912956,1.781020972357921
7.328664332166083,1.7582304374857465
7.35367683841921,1.7696572316707841
7.3786893446723365,1.8479311530703586
7.403701850925462,1.8721152505418226
7.428714357178589,1.8748529262965388
7.453726863431716,1.845239258507892
7.478739369684843,1.9585314225193842
7.503751875937969,1.899177261683451
7.5287643821910955,1.9517004176943933
7.553776888444222,1.9726711264908774
7.578789394697349,1.9276735457928873
7.603801900950475,1.9453217913907404
7.628814407203602,2.0031408700230275
7.6538269134567285,2.0219520890232783
7.678839419709855,2.0336534638762216
7.703851925962981,2.015167959269919
7.728864432216108,1.9871020719696166
7.753876938469235,1.994837165245627
7.7788894447223615,2.0643385576819084
7.8039019509754874,2.0638842310199603
7.828914457228614,1.999881328719039
7.853926963481741,2.088483416345983
7.878939469734868,2.032235731129414
7.903951975987994,2.061603434741715
7.9289644822411205,2.0146133454734025
7.953976988494247,2.0282933306979003
7.978989494747374,1.9987045919149387
8.0040020010005,2.016089947827263
8.029014507253628,2.067176636490785
8.054027013506753,2.0251311726950134
8.07903951975988,2.0178189540682627
8.104052026013006,2.010407364668409
8.129064532266133,2.0102736921367703
8.15407703851926,1.946268032260553
8.179089544772387,1.9334644168849122
8.204102051025513,1.8921333348976013
8.22911455727864,1.8615330901506955
8.254127063531765,1.9116948774310702
8.279139569784892,1.8393058087205814
8.304152076038019,1.8173893741063984
8.329164582291146,1.8747423294871446
8.354177088544272,1.8251640087853458
8.379189594797399,1.7736647160108345
8.404202101050526,1.7113991396833443
8.429214607303653,1.7283600385373412
8.454227113556778,1.7185210510203974
8.479239619809904,1.6560888796158857
8.504252126063031,1.65477561935431
8.529264632316158,1.6455015019751482
8.554277138569285,1.5960494665957947
8.579289644822412,1.5865405734849989
8.604302151075538,1.477803869202417
8.629314657328665,1.4595291577707354
8.65432716358179,1.4748221631030058
8.679339669834917,1.4277578562344073
8.704352176088044,1.337410036794698
8.72936468234117,1.3531048387213762
8.754377188594297,1.29544968244704
8.779389694847424,1.2628556250507297
8.804402201100551,1.2055896035646638
8.829414707353676,1.149390295010312
8.854427213606803,1.1793512483554225
8.87943971985993,1.0742003069132908
8.904452226113056,1.0706536954984534
8.929464732366183,1.0190740416166126
8.95447723861931,0.979986377288064
8.979489744872437,0.9051016030461447
9.004502251125563,0.9002593139468152
9.029514757378688,0.8018663962576988
9.054527263631815,0.7996923715157123
9.079539769884942,0.7531107250657899
9.104552276138069,0.6815318331454646
9.129564782391196,0.6441934233632981
9.154577288644322,0.5744899058212772
9.17958979489745,0.5263838242730368
9.204602301150576,0.5158200620117878
9.229614807403701,0.4656964912896416
9.254627313656828,0.3498569876158313
9.279639819909955,0.34315885924168477
9.304652326163081,0.2893910371358527
9.329664832416208,0.26911636688206464
9.354677338669335,0.16832876625540188
9.379689844922462,0.10457440176645319
9.404702351175589,0.09128094025968653
9.429714857428714,0.08889957365450217
9.45472736368184,-0.020450769646685636
9.479739869934967,-0.032152031179907475
9.504752376188094,-0.13973902990396106
9.52976488244122,-0.16646733980055767
9.554777388694347,-0.2282653217572737
9.579789894947474,-0.273462493202792
9.604802401200601,-0.3014104075767079
9.629814907453726,-0.39736242177800923
9.654827413706853,-0.3972572134369781
9.67983991995998,-0.48801307094353874
9.704852426213106,-0.5463424060061697
9.729864932466233,-0.510669840578857
9.75487743871936,-0.5552772216496741
9.779889944972487,-0.6843163973633649
9.804902451225614,-0.693547324729981
9.829914957478739,-0.7531261608926231
9.854927463731865,-0.7461513858768968
9.879939969984992,-0.8013608002908471
9.904952476238119,-0.918387589803695
9.929964982491246,-0.8876032168148311
9.954977488744372,-0.9379280674188137
9.9799899949975,-0.9951324976036923
10.005002501250626,-1.0963201130954592
10.030015007503751,-1.13227639192988
10.055027513756878,-1.1719806743275827
10.080040020010005,-1.1693875149801092
10.105052526263131,-1.1828054176349163
10.130065032516258,-1.2140870240888908
10.155077538769385,-1.2520238901391048
10.180090045022512,-1.3405846195952975
10.205102551275639,-1.3344365656001727
10.230115057528764,-1.3543353477095048
10.25512756378189,-1.4451322525947632
10.280140070035017,-1.4581636361114187
10.305152576288144,-1.5306806905766248
10.33016508254127,-1.5440919540720492
10.355177588794398,-1.5234437588184782
10.380190095047524,-1.583224278506541
10.405202601300651,-1.6109242819889966
10.430215107553776,-1.606270489148797
10.455227613806903,-1.6367656791643685
10.48024012006003,-1.697938350491651
10.505252626313156,-1.747225943822833
10.530265132566283,-1.7645852080514621
10.55527763881941,-1.713586846795407
10.580290145072537,-1.8055923634839144
10.605302651325664,-1.8331425793688447
10.630315157578789,-1.7762828276776867
10.655327663831915,-1.8615851497518965
10.680340170085042,-1.8995099020329032
10.705352676338169,-1.8934637623003803
10.730365182591296,-1.9028735953912608
10.755377688844423,-1.8491151261403682
10.78039019509755,-1.9433353646498979
10.805402701350676,-1.8728015365501338
10.830415207603801,-1.9410898032240833
10.855427713856928,-1.9058991096421263
10.880440220110055,-1.961790212706532
10.905452726363182,-1.9891502500151261
10.930465232616308,-1.99456122155666
10.955477738869435,-1.9531069875874998
10.980490245122562,-1.957482367799253
11.005502751375689,-1.9904361623520925
11.030515257628814,-1.991744205370508
11.05552776388194,-1.9275969707897878
11.080540270135067,-1.9787516008688908
11.105552776388194,-1.9473899061087996
11.13056528264132,-1.8861280346690212
11.155577788894448,-1.9040245424805518
11.180590295147574,-1.9595493116072762
11.205602801400701,-1.912196695371504
11.230615307653826,-1.8860459168873902
11.255627813906953,-1.9066185193394412
11.28064032016008,-1.8800387897651312
11.305652826413207,-1.806186423976811
11.330665332666333,-1.7941949749915886
11.35567783891946,-1.8262480636486764
11.380690345172587,-1.8167031724624807
11.405702851425714,-1.8159969047889515
11.430715357678839,-1.7910352402717222
11.455727863931966,-1.7377218899193643
11.480740370185092,-1.6793327120935406
11.505752876438219,-1.6459267391781693
11.530765382691346,-1.6631383233847397
11.555777888944473,-1.689086477230779
11.5807903951976,-1.5702849624140438
11.605802901450726,-1.6163319175785262
11.630815407703851,-1.5975501262366945
11.655827913956978,-1.5108405349440446
11.680840420210105,-1.4977258569503495
11.705852926463232,-1.4337247311342545
11.730865432716358,-1.415944934915366
11.755877938969485,-1.4011135336780838
11.780890445222612,-1.353002067478731
11.805902951475737,-1.369194323057532
11.830915457728864,-1.2616717771152492
11.85592796398199,-1.2701433682841525
11.880940470235117,-1.1923186632413325
11.905952976488244,-1.1961171477534753
11.930965482741371,-1.1003024295515316
11.955977988994498,-1.0850182339784646
11.980990495247624,-1.0945324666208989
12.00600300150075,-0.9869453426271902
12.031015507753876,-0.9706963364772361
12.056028014007003,-0.9757696948385655
12.08104052026013,-0.8801121800815433
12.106053026513257,-0.8313765695944345
12.131065532766383,-0.7640870391736353
12.15607803901951,-0.7688527013851917
12.181090545272637,-0.6758090169748139
12.206103051525762,-0.6737145702363294
12.231115557778889,-0.6270192725039458
12.256128064032016,-0.5637844604282956
12.281140570285142,-0.4639890574235288
12.30615307653827,-0.4526088299085564
12.331165582791396,-0.4139596918807127
12.356178089044523,-0.3918757847346489
12.38119059529765,-0.2990026060053914
12.406203101550775,-0.3039775500625262
12.431215607803901,-0.20468759019838847
12.456228114057028,-0.21823515543291785
12.481240620310155,-0.1642392537904913
12.506253126563282,-0.04912699225526106
12.531265632816408,-0.0696686895792679
12.556278139069535,0.010517855032670748
12.581290645322662,0.04690548908375991
12.606303151575787,0.12373062940212065
12.631315657828914,0.1573192292580761
12.65632816408204,0.2316625452199605
12.681340670335167,0.27957877966074945
12.706353176588294,0.28396093138436085
12.731365682841421,0.376857621113262
12.756378189094548,0.45380497511273554
12.781390695347675,0.45263929036393835
12.8064032016008,0.5234373588680584
12.831415707853926,0.563345076573204
12.856428214107053,0.6622536123462742
12.88144072036018,0.6200899418796416
12.906453226613307,0.6902543048355758
12.931465732866434,0.7490402537507515
12.95647823911956,0.7777514970716688
12.981490745372687,0.8067195675892109
13.006503251625812,0.936589325529306
13.031515757878939,0.9854722354070874
13.056528264132066,1.038517148647841
13.081540770385192,1.052333223478697
13.10655327663832,1.0681186300439476
13.131565782891446,1.0809184415974304
13.156578289144573,1.1457535422727245
13.1815907953977,1.2285960799285391
13.206603301650825,1.2649185612928955
13.231615807903951,1.3189107476214756
13.256628314157078,1.2997277261509765
13.281640820410205,1.3585425124513375
13.306653326663332,1.4066566350593563
13.331665832916459,1.4403155036627602
13.356678339169585,1.4780814054534899
13.381690845422712,1.5149761826846324
13.406703351675837,1.516277307183033
13.431715857928964,1.5517018659221473
13.45672836418209,1.6060199094944714
13.481740870435218,1.6113957306482884
13.506753376688344,1.622442628150086
13.531765882941471,1.667744813044289
13.556778389194598,1.7262766729284622
13.581790895447725,1.7316497488138094
13.60680340170085,1.7433311883940026
13.631815907953976,1.7816424326968974
13.656828414207103,1.7956247972138386
13.68184092046023,1.8888380870001746
13.706853426713357,1.9048287724399817
13.731865932966484,1.861971502876066
13.75687843921961,1.9085447549109271
13.781890945472737,1.946775523490155
13.806903451725862,1.9160543063640056
13.831915957978989,1.9409275118597948
13.856928464232116,2.0209797564011573
13.881940970485243,1.9469784319697763
13.90695347673837,2.0309731011493777
13.931965982991496,2.048145623117709
13.956978489244623,2.008354582222847
13.98199099549775,2.0125938516051036
14.007003501750875,2.050243784301907
14.032016008004002,2.070491969826472
14.057028514257128,2.0444568133869816
14.082041020510255,2.009886483191392
14.107053526763382,2.0849390744474
14.132066033016509,2.053994646037537
14.157078539269635,2.008673585751662
14.182091045522762,2.092692908284446
14.207103551775887,2.0820427082287507
14.232116058029014,2.0655853049072603
14.25712856428214,2.0155676630051693
14.282141070535268,2.016577166237656
14.307153576788394,2.0407067617528876
14.332166083041521,2.021335572524753
14.357178589294648,2.0404223026275456
14.382191095547775,2.027442683842431
14.4072036018009,1.959660705886103
14.432216108054027,1.9178205264846584
14.457228614307153,1.954249851376852
14.48224112056028,1.9408296453003338
14.507253626813407,1.8826621299075528
14.532266133066534,1.867863800235869
14.55727863931966,1.8474086800278355
14.582291145572787,1.8593383705457052
14.607303651825912,1.8673862875027392
14.632316158079039,1.7805447322497248
14.657328664332166,1.8316708479602086
14.682341170585293,1.7790690345404045
14.70735367683842,1.7028632800206815
14.732366183091546,1.7170684260434599
14.757378689344673,1.6524800375985158
14.782391195597798,1.6297908932491947
14.807403701850925,1.6274954424036265
14.832416208104052,1.635755415804744
14.857428714357178,1.58754690725464
14.882441220610305,1.532190966016044
14.907453726863432,1.4533743095572662
14.932466233116559,1.4982113237377614
14.957478739369686,1.3731266433722646
14.98249124562281,1.3814466506951844
15.007503751875937,1.3285104275313706
15.032516258129064,1.3490175227047634
15.057528764382191,1.2499267932671052
15.082541270635318,1.2256905361110533
15.107553776888444,1.147248680282736
15.132566283141571,1.171288579011824
15.157578789394698,1.0663152075071034
15.182591295647823,1.0757033582256792
15.20760380190095,1.0566870128273238
15.232616308154077,0.9308297568106843
15.257628814407203,0.9446798086917398
15.28264132066033,0.8799438272873737
15.307653826913457,0.8239217678770956
15.332666333166584,0.8116975731327256
15.35767883941971,0.7040820061739916
15.382691345672836,0.7039844694310331
15.407703851925962,0.6747234888340411
15.43271635817909,0.5711262529786612
15.457728864432216,0.5337100996923104
15.482741370685343,0.4554567461201065
15.50775387693847,0.4914585704954032
15.532766383191596,0.43337363854081157
15.557778889444723,0.30853301367623603
15.582791395697848,0.2633959022004237
15.607803901950975,0.22264707416168708
15.632816408204102,0.22727368531030057
15.657828914457228,0.1497065947868439
15.682841420710355,0.09651511703324767
15.707853926963482,0.08953679650468342
15.732866433216609,-0.029967949186951524
15.757878939469736,-0.006773399836259672
15.78289144572286,-0.05619372504724651
15.807903951975987,-0.12723509684533696
15.832916458229114,-0.19679126540231864
15.857928964482241,-0.26686750982561663
15.882941470735368,-0.26037828538158214
15.907953976988495,-0.3368416170973242
15.932966483241621,-0.36993629347161877
15.957978989494748,-0.48361568201958066
15.982991495747873,-0.46017655896098797
16.008004002001,-0.5138919270817073
16.03301650825413,-0.6125910396289306
16.058029014507255,-0.6748964701798599
16.08304152076038,-0.6964012759598306
16.108054027013505,-0.7030321419850571
16.133066533266632,-0.727594130164108
16.15807903951976,-0.8241316900712929
16.183091545772886,-0.8832131295714384
16.208104052026012,-0.9413213585729946
16.23311655827914,-0.9805620944041897
16.258129064532266,-0.9475805139751287
16.283141570785393,-1.0036018253870405
16.30815407703852,-1.0999102349311682
16.333166583291646,-1.0983274229269617
16.358179089544773,-1.204103961089806
16.3831915957979,-1.2300880847247475
16.408204102051027,-1.2344204973478694
16.433216608304154,-1.276899959362166
16.45822911455728,-1.2898171062197994
16.483241620810404,-1.344383672111844
16.50825412706353,-1.38818618857697
16.533266633316657,-1.39011858112597
16.558279139569784,-1.4098658859601279
16.58329164582291,-1.5265566355014268
16.608304152076037,-1.4879455055745547
16.633316658329164,-1.5039565497867255
16.65832916458229,-1.5739430383543909
16.683341670835418,-1.6510526440934106
16.708354177088545,-1.648394560700205
16.73336668334167,-1.6608873147959777
16.758379189594798,-1.6486338974289831
16.783391695847925,-1.7463460855822501
16.808404202101052,-1.7803239122647483
16.83341670835418,-1.786449358896224
16.858429214607305,-1.7781262755001246
16.88344172086043,-1.7805322107791675
16.908454227113555,-1.7755716518020956
16.933466733366682,-1.7948458824768945
16.95847923961981,-1.8871284047977335
16.983491745872936,-1.859523585644028
17.008504252126063,-1.8671036951803148
17.03351675837919,-1.845966410820245
17.058529264632316,-1.940228549047948
17.083541770885443,-1.880683548654025
17.10855427713857,-1.9213105197878027
17.133566783391696,-1.8850831218013528
17.158579289644823,-1.9822425099318095
17.18359179589795,-1.9908530065163828
17.208604302151077,-1.974151578063968
17.233616808404204,-1.9001824049769587
17.25862931465733,-1.912966119276338
17.283641820910454,-1.9024721108503997
17.30865432716358,-1.9182408119267762
17.333666833416707,-1.956981885570506
17.358679339669834,-1.8957716695726936
17.38369184592296,-1.9123459153567721
17.408704352176088,-1.9741312546510956
17.433716858429214,-1.9256728037831836
17.45872936468234,-1.9377341917873165
17.483741870935468,-1.953409864754965
17.508754377188595,-1.8801265565568077
17.53376688344172,-1.9050315803695854
17.55877938969485,-1.8291172116968566
17.583791895947975,-1.8180540140200578
17.608804402201102,-1.8777466492467965
17.63381690845423,-1.8510816737131301
17.658829414707352,-1.7813497518479355
17.68384192096048,-1.8284109045668504
17.708854427213605,-1.8047661820440624
17.733866933466732,-1.7262637682042243
17.75887943971986,-1.755510215718809
17.783891945972986,-1.652462293070295
17.808904452226113,-1.6458666125651997
17.83391695847924,-1.6247635251831518
17.858929464732366,-1.623547806459307
17.883941970985493,-1.5734313789547187
17.90895447723862,-1.5933784681913667
17.933966983491747,-1.5533447572747976
17.958979489744873,-1.553836757442185
17.983991995998,-1.467128639275477
18.009004502251127,-1.4022400987484471
18.034017008504254,-1.4294044562035033
18.059029514757377,-1.3784539510168066
18.084042021010504,-1.290583734549593
18.10905452726363,-1.2955137284660219
18.134067033516757,-1.2305729845042577
18.159079539769884,-1.2446633212184277
18.18409204602301,-1.167318278403361
18.209104552276138,-1.1834517865517942
18.234117058529264,-1.143695938094844
18.25912956478239,-1.0840224174145197
18.284142071035518,-0.9762996182016588
18.309154577288645,-1.0046428222701744
18.33416708354177,-0.8906301769239992
18.3591795897949,-0.9402841690727574
18.384192096048025,-0.8329834488405937
18.409204602301152,-0.8316161194214646
18.43421710855428,-0.7092010112631058
18.459229614807402,-0.6684877405459272
18.48424212106053,-0.6893258054884851
18.509254627313656,-0.592384046602434
18.534267133566782,-0.5709031801284487
18.55927963981991,-0.5677940140918589
18.584292146073036,-0.49959688545191855
18.609304652326163,-0.4538640889192277
18.63431715857929,-0.38994076297407
18.659329664832416,-0.28238259425257467
18.684342171085543,-0.30436274220545495
18.70935467733867,-0.18239985401804815
18.734367183591797,-0.14644115023933058
18.759379689844923,-0.17012618327596166
18.78439219609805,-0.04790558285322534
18.809404702351177,-0.04019333957318739
18.834417208604304,-0.008895794245475198
18.859429714857427,0.08929969631170623
18.884442221110554,0.07406821565138433
18.90945472736368,0.21285031837554708
18.934467233616807,0.1788030870306879
18.959479739869934,0.3034055059321348
18.98449224612306,0.27914645683542233
19.009504752376188,0.3719494321889024
19.034517258629315,0.4273366666081656
19.05952976488244,0.5010230866237915
19.084542271135568,0.562432633505124
19.109554777388695,0.5769846731891226
19.13456728364182,0.5744360352516572
19.15957978989495,0.6717930408678223
19.184592296148075,0.6857211815889223
19.209604802401202,0.774373231934866
19.23461730865433,0.802445439896835
19.259629814907452,0.8135164054659615
19.28464232116058,0.9087557372322133
19.309654827413706,0.8892345269445201
19.334667333666832,1.0039376759667689
19.35967983991996,0.9958024520378631
19.384692346173086,1.040356622219108
19.409704852426213,1.0789999705385696
19.43471735867934,1.1176961421179505
19.459729864932466,1.2449993233136276
19.484742371185593,1.2137078886021977
19.50975487743872,1.2606057494794551
19.534767383691847,1.3470347673395187
19.559779889944974,1.3808206295318297
19.5847923961981,1.3827629124242997
19.609804902451227,1.4334452953295207
19.634817408704354,1.434532123527515
19.659829914957477,1.5002128073322045
19.684842421210604,1.520110672121121
19.70985492746373,1.5169587237438495
19.734867433716857,1.6286266769344875
19.759879939969984,1.601480498747628
19.78489244622311,1.666064043627276
19.809904952476238,1.6532924942023486
19.834917458729365,1.725980928862863
19.85992996498249,1.76084954851045
19.884942471235618,1.7871632552783987
19.909954977488745,1.7824777219157057
19.93496748374187,1.8300160043216078
19.959979989995,1.826795574745283
19.984992496248125,1.8247843215848751
20.010005002501252,1.861726536031934
20.03501750875438,1.8829505318164144
20.060030015007502,1.9578180438792963
20.08504252126063,1.9135584930310692
20.110055027513756,1.9847931162751487
20.135067533766883,1.945311262528467
20.16008004002001,2.010028896532132
20.185092546273136,2.004559213056491
20.210105052526263,1.9693335049773348
20.23511755877939,2.0589355417005244
20.260130065032516,1.974517243084256
20.285142571285643,2.0780585229628894
20.31015507753877,2.0279921249765254
20.335167583791897,2.02184888879279
20.360180090045024,2.077110757366512
20.38519259629815,2.071051864055705
20.410205102551277,2.0650683239913437
20.435217608804404,2.016140932121196
20.460230115057527,2.0238383146503853
20.485242621310654,2.067675615652064
20.51025512756378,2.020369791657938
20.535267633816908,2.0343553856100183
20.560280140070034,2.0666985697024076
20.58529264632316,2.0404088967918956
20.610305152576288,2.023467507088148
20.635317658829415,1.968542890597616
20.66033016508254,2.0020984167278026
20.68534267133567,1.9388119840848996
20.710355177588795,2.000787082768796
20.735367683841922,1.9109940341396336
20.76038019009505,1.9532977845801878
20.785392696348175,1.8918064569687019
20.810405202601302,1.8735827811703993
20.835417708854425,1.8807473232799163
20.860430215107552,1.852911110078997
20.88544272136068,1.8822050509916248
20.910455227613806,1.8204827970960107
20.935467733866933,1.7899035364957936
20.96048024012006,1.7566668499990052
20.985492746373186,1.7459183237843856
21.010505252626313,1.7351678968410913
21.03551775887944,1.712606563685613
21.060530265132567,1.6531673309985013
21.085542771385693,1.6353400805570073
21.11055527763882,1.5543123960743352
21.135567783891947,1.53808545123513
21.160580290145074,1.5609976629940785
21.1855927963982,1.5321899597495805
21.210605302651327,1.4508473198857996
21.23561780890445,1.4687482783956596
21.260630315157577,1.357118350152073
21.285642821410704,1.3792993910828042
21.31065532766383,1.29088703646634
21.335667833916958,1.2636787022942322
21.360680340170084,1.2662646897454677
21.38569284642321,1.189278172097682
21.410705352676338,1.1366027687134304
21.435717858929465,1.1104825274869539
21.46073036518259,1.042551887371553
21.48574287143572,1.046544050825406
21.510755377688845,0.9489757083472674
21.535767883941972,0.8858805478612451
21.5607803901951,0.8943471822772517
21.585792896448226,0.792649776859054
21.610805402701352,0.7552738911935554
21.635817908954476,0.7184782522577815
21.660830415207602,0.6498268517259479
21.68584292146073,0.6673001358671502
21.710855427713856,0.6291508303261262
21.735867933966983,0.5601640566483735
21.76088044022011,0.4806736996300906
21.785892946473236,0.49265687312635925
21.810905452726363,0.4258073028031708
21.83591795897949,0.3966445282935803
21.860930465232617,0.2731441710061493
21.885942971485743,0.2935578707445867
21.91095547773887,0.19312097361628827
21.935967983991997,0.14644858332764332
21.960980490245124,0.10945090771580171
21.98599299649825,0.06969826432876274
22.011005502751377,0.047239434336079904
22.0360180090045,-0.007722319474991454
22.061030515257627,-0.09892797800260081
22.086043021510754,-0.18135542574008187
22.11105552776388,-0.17182044120562662
22.136068034017008,-0.2714648617867642
22.161080540270135,-0.28264251404131524
22.18609304652326,-0.3862398416692062
22.211105552776388,-0.396487155726151
22.236118059029515,-0.45741288251771633
22.26113056528264,-0.4998693534941816
22.28614307153577,-0.5228758558663248
22.311155577788895,-0.6261810506556035
22.336168084042022,-0.6624087109531664
22.36118059029515,-0.6744444215522835
22.386193096548276,-0.765954180991398
22.411205602801402,-0.7601833106213758
22.436218109054526,-0.8233722217186881
22.461230615307652,-0.8365588480189238
22.48624312156078,-0.8510472323014262
22.511255627813906,-0.9164278162029377
22.536268134067033,-0.9517850927616747
22.56128064032016,-1.0706847079519168
22.586293146573286,-1.0959531351948493
22.611305652826413,-1.0891915893077124
22.63631815907954,-1.1314539505702552
22.661330665332667,-1.1755008130524807
22.686343171585793,-1.2003734660959535
22.71135567783892,-1.2426215324738408
22.736368184092047,-1.30496039083196
22.761380690345174,-1.3650656523855584
22.7863931965983,-1.3427943356196954
22.811405702851427,-1.3830973990772968
22.83641820910455,-1.4116177748920868
22.861430715357677,-1.5012551325673662
22.886443221610804,-1.532316195174897
22.91145572786393,-1.5169351381752434
22.936468234117058,-1.6069271132987697
22.961480740370185,-1.6170590585815017
22.98649324662331,-1.5888489372950079
23.011505752876438,-1.6493312999081648
23.036518259129565,-1.6703288373216796
23.06153076538269,-1.7296854091215443
23.08654327163582,-1.7512068359964634
23.111555777888945,-1.7581291888035542
23.136568284142072,-1.763896549670231
23.1615807903952,-1.7800231417632344
23.186593296648326,-1.792440163502741
23.211605802901452,-1.8154031441364193
23.236618309154576,-1.8496847181633524
23.261630815407702,-1.8395108570420946
23.28664332166083,-1.8498169060354026
23.311655827913956,-1.9318465714524433
23.336668334167083,-1.9494267593617947
23.36168084042021,-1.9495185194804892
23.386693346673336,-1.9536858077050907
23.411705852926463,-1.966501755506742
23.43671835917959,-1.8899588663581595
23.461730865432717,-1.928711135767339
23.486743371685844,-1.9764972854946947
23.51175587793897,-1.9829129820775437
23.536768384192097,-1.944053880088436
23.561780890445224,-1.9349841034431554
23.58679339669835,-1.9109327415613913
23.611805902951474,-1.9435817155538584
23.6368184092046,-1.9528179740337712
23.661830915457728,-1.9838218862180332
23.686843421710854,-1.9099869677233157
23.71185592796398,-1.9690015877478273
23.736868434217108,-1.8801011227023268
23.761880940470235,-1.9450259825693583
23.78689344672336,-1.8913251606188988
23.81190595297649,-1.8821380069493339
23.836918459229615,-1.8756028613179632
23.861930965482742,-1.8542293641732064
23.88694347173587,-1.7958095819405682
23.911955977988995,-1.8093240164629465
23.936968484242122,-1.8135626866561934
23.96198099049525,-1.8172763456564178
23.986993496748376,-1.7398276247919995
24.0120060030015,-1.7015622106760757
24.037018509254626,-1.7647959340405401
24.062031015507753,-1.7127494169198014
24.08704352176088,-1.633284246261285
24.112056028014006,-1.6965723320476567
24.137068534267133,-1.6743066261077577
24.16208104052026,-1.5582966461370305
24.187093546773387,-1.5600193691362199
24.212106053026513,-1.5459833497866484
24.23711855927964,-1.5453712883446349
24.262131065532767,-1.45131776135346
24.287143571785894,-1.4317478039812563
24.31215607803902,-1.451499027931181
24.337168584292147,-1.3632211107223169
24.362181090545274,-1.3897451059907637
24.3871935967984,-1.2667746482441475
24.412206103051524,-1.2695530328439182
24.43721860930465,-1.2029654454057992
24.462231115557778,-1.146249131515849
24.487243621810904,-1.1391861080108996
24.51225612806403,-1.1184620370479819
24.537268634317158,-1.0449597703939808
24.562281140570285,-1.0172387256950688
24.58729364682341,-0.9581838925498904
24.61230615307654,-0.9688673868374892
24.637318659329665,-0.8929451207443264
24.662331165582792,-0.8097254181070701
24.68734367183592,-0.7841336707772709
24.712356178089045,-0.739934946868673
24.737368684342172,-0.6933738676502929
24.7623811905953,-0.6921745037613063
24.787393696848426,-0.6462332546883601
24.81240620310155,-0.5489051690422813
24.837418709354676,-0.5486111476091469
24.862431215607803,-0.4799649130729267
24.88744372186093,-0.39636840547445246
24.912456228114056,-0.42192361302496734
24.937468734367183,-0.37189103777379506
24.96248124062031,-0.2907088291815605
24.987493746873437,-0.2887777594963117
25.012506253126563,-0.14729482853514814
25.03751875937969,-0.18057722689554356
25.062531265632817,-0.11773815943637417
25.087543771885944,-0.007305647464701984
25.11255627813907,0.018987492256029484
25.137568784392197,0.09787302749261227
25.162581290645324,0.11608007115814267
25.18759379689845,0.19486078191987716
25.212606303151574,0.24720329204188246
25.2376188094047,0.21640227964336234
25.262631315657828,0.2697549459756353
25.287643821910955,0.40592045838316637
25.31265632816408,0.45126177135585094
25.337668834417208,0.44617430414257814
25.362681340670335,0.48863107592661476
25.38769384692346,0.5535382015475832
25.41270635317659,0.5758627360067687
25.437718859429715,0.6987822502276374
25.462731365682842,0.6757136349298766
25.48774387193597,0.7775873631899877
25.512756378189096,0.828331326424638
25.537768884442222,0.8545890761222925
25.56278139069535,0.8823428127728152
25.587793896948476,0.9413800361167264
25.6128064032016,1.0054008812180637
25.637818909454726,0.9759981248474509
25.662831415707853,1.0272100961489836
25.68784392196098,1.0931907039729443
25.712856428214106,1.1438599297116667
25.737868934467233,1.1602584659393118
25.76288144072036,1.233617322425933
25.787893946973487,1.2561362373856424
25.812906453226613,1.312348278644005
25.83791895947974,1.3296994406088034
25.862931465732867,1.3391845761253827
25.887943971985994,1.447039817925415
25.91295647823912,1.4850393322547255
25.937968984492247,1.5206187114223293
25.962981490745374,1.5170659745702224
25.9879939969985,1.5434345168200865
26.013006503251624,1.5709405495726023
26.03801900950475,1.6229726386271466
26.063031515757878,1.6137649805436955
26.088044022011005,1.7043649879801464
26.11305652826413,1.6972984901033492
26.138069034517258,1.6976539864686162
26.163081540770385,1.7812012999101086
26.18809404702351,1.814748962940835
26.21310655327664,1.8464445993401375
26.238119059529765,1.8341549524067973
26.263131565782892,1.8820318411079069
26.28814407203602,1.8700699778028773
26.313156578289146,1.9106321667676938
26.338169084542272,1.9628093778097577
26.3631815907954,1.9814803109960164
26.388194097048526,1.9614637317968944
26.41320660330165,1.952673408129136
26.438219109554776,1.9507797517793166
26.463231615807903,1.9762112695067555
26.48824412206103,1.9881442639175089
26.513256628314156,2.025824803000737
26.538269134567283,2.0152737193370442
26.56328164082041,2.034814968950317
26.588294147073537,2.048885321329004
26.613306653326664,2.01705537769386
26.63831915957979,2.001156301363175
26.663331665832917,2.039481041750339
26.688344172086044,2.0785508949737266
26.71335667833917,2.051986319407078
26.738369184592298,2.087536869316331
26.763381690845424,2.018711368091784
26.788394197098548,2.037811962208458
26.813406703351674,1.9941940417964492
26.8384192096048,1.9837001225059627
26.863431715857928,2.0402453360239328
26.888444222111055,2.041482814005543
26.91345672836418,2.0509550588677747
26.93846923461731,2.0318854625759655
26.963481740870435,1.9343524769449874
26.988494247123562,2.014578095215027
27.01350675337669,1.920183116017696
27.038519259629815,1.899702516821825
27.063531765882942,1.9231228449265398
27.08854427213607,1.8941480165999114
27.113556778389196,1.8987115219409874
27.138569284642323,1.8661653336623858
27.16358179089545,1.8605668855407222
27.188594297148573,1.8115150480980058
27.2136068034017,1.7475683737936254
27.238619309654826,1.7453395462496588
27.263631815907953,1.7837268690160175
27.28864432216108,1.7338776376577216
27.313656828414207,1.6489451440386425
27.338669334667333,1.6526999580150088
27.36368184092046,1.6144690833436923
27.388694347173587,1.6245822175248192
27.413706853426714,1.6067282133536305
27.43871935967984,1.497066416582582
27.463731865932967,1.494273150663675
27.488744372186094,1.4712527030479563
27.51375687843922,1.4596824362221565
27.538769384692348,1.4312916425184752
27.563781890945474,1.3810863129142532
27.588794397198598,1.2775782705231031
27.613806903451724,1.3138715558918985
27.63881940970485,1.2440087502687665
27.663831915957978,1.154325590851624
27.688844422211105,1.1695930334272233
27.71385692846423,1.1189803439370245
27.73886943471736,1.1032829273149964
27.763881940970485,1.0435890515887285
27.788894447223612,0.9693868654335165
27.81390695347674,0.889873913306232
27.838919459729865,0.9260687774678372
27.863931965982992,0.8229975104146281
27.88894447223612,0.7639839322927643
27.913956978489246,0.7505915912303178
27.938969484742373,0.7457307739181345
27.9639819909955,0.7027475543811408
27.988994497248623,0.6456625832736526
28.01400700350175,0.5274663980849275
28.039019509754876,0.5611812627793721
28.064032016008003,0.49847661045967107
28.08904452226113,0.43166683888714064
28.114057028514257,0.41239594123854595
28.139069534767383,0.31279760057113215
28.16408204102051,0.2607777028531361
28.189094547273637,0.2054004886006221
28.214107053526764,0.1798666510447015
28.23911955977989,0.09967790069964375
28.264132066033017,0.029705250077275768
28.289144572286144,0.06350152463090913
28.31415707853927,-0.065531159217746
28.339169584792398,-0.06008898566873533
28.364182091045524,-0.08075846864175716
28.389194597298648,-0.16216023412275482
28.414207103551774,-0.20406388432946926
28.4392196098049,-0.32281133022603686
28.464232116058028,-0.3220591169065715
28.489244622311155,-0.41463236250914365
28.51425712856428,-0.43393009575526786
28.53926963481741,-0.448916328155685
28.564282141070535,-0.555279937915535
28.589294647323662,-0.5685410011362393
28.61430715357679,-0.5930265822723942
28.639319659829916,-0.6605901816861908
28.664332166083042,-0.6979226260960258
28.68934467233617,-0.8005254441812745
28.714357178589296,-0.846091792582094
28.739369684842423,-0.8581773220293393
28.76438219109555,-0.8805757146863916
28.789394697348673,-0.9715722135425185
28.8144072036018,-1.0093443816133263
28.839419709854926,-0.9821857970668086
28.864432216108053,-1.0684481486574726
28.88944472236118,-1.121780122226269
28.914457228614307,-1.125863716726601
28.939469734867433,-1.1780413756643833
28.96448224112056,-1.176362215888659
28.989494747373687,-1.3027775267302155
29.014507253626814,-1.3022038356826011
29.03951975987994,-1.3187417423197512
29.064532266133067,-1.3357232848799867
29.089544772386194,-1.3995988299547115
29.11455727863932,-1.485407744352496
29.139569784892448,-1.4429965695462372
29.164582291145575,-1.49424421238973
29.189594797398698,-1.4864630128758072
29.214607303651825,-1.5894731805945914
29.23961980990495,-1.5546058113370105
29.264632316158078,-1.6098616081891082
29.289644822411205,-1.6633478877211845
29.31465732866433,-1.6260526154223627
29.33966983491746,-1.729381506514867
29.364682341170585,-1.7631343210469683
29.389694847423712,-1.7854336290546704
29.41470735367684,-1.7911067757704102
29.439719859929966,-1.8267077835791106
29.464732366183092,-1.8531828483713717
29.48974487243622,-1.847458554786594
29.514757378689346,-1.8466399703750191
29.539769884942473,-1.8078058473526335
29.564782391195596,-1.8949235712440995
29.589794897448723,-1.91379443221167
29.61480740370185,-1.8700365132264423
29.639819909954976,-1.9415817630258827
29.664832416208103,-1.9498640121148099
29.68984492246123,-1.9130052724716622
29.714857428714357,-1.9638018438984366
29.739869934967484,-1.9848932252496234
29.76488244122061,-1.9862155575975327
29.789894947473737,-1.9689303141191128
29.814907453726864,-1.933931419382863
29.83991995997999,-1.9165735461208173
29.864932466233117,-1.9583987373470935
29.889944972486244,-1.928970147372246
29.91495747873937,-1.9576383636615153
29.939969984992498,-1.9017914149338446
29.96498249124562,-1.9401618237658533
29.989994997498748,-1.9762865556586877
30.015007503751875,-1.8829005156104237
30.040020010005,-1.8867461917785961
30.06503251625813,-1.9462068069983272
30.090045022511255,-1.862579298721234
30.115057528764382,-1.8625584537633024
30.14007003501751,-1.8155207073126216
30.165082541270635,-1.8015793761594492
30.190095047523762,-1.857504766411195
30.21510755377689,-1.8511319170213338
30.240120060030016,-1.8442607971977427
30.265132566283143,-1.7412544925809141
30.29014507253627,-1.750005088005452
30.315157578789396,-1.72634383046113
30.340170085042523,-1.706107593980419
30.365182591295646,-1.6906114749080345
30.390195097548773,-1.6415883588756
30.4152076038019,-1.6187898829083225
30.440220110055026,-1.56205098183372
30.465232616308153,-1.5957061430393926
30.49024512256128,-1.512408778506966
30.515257628814407,-1.4839727444385622
30.540270135067534,-1.4996852285966626
30.56528264132066,-1.420979760357105
30.590295147573787,-1.4540752381806081
30.615307653826914,-1.3753057700046243
30.64032016008004,-1.3446267070892903
30.665332666333168,-1.268284659746682
30.690345172586294,-1.260346284816217
30.71535767883942,-1.2000501978300704
30.740370185092548,-1.1943343455507784
30.76538269134567,-1.1117008225004057
30.790395197598798,-1.121945726123189
30.815407703851925,-1.0851382272728096
30.84042021010505,-1.0617254923612967
30.86543271635818,-1.0130067937581488
30.890445222611305,-1.003022092168317
30.915457728864432,-0.9341969496990297
30.94047023511756,-0.9018261177375669
30.965482741370685,-0.7744986335200731
30.990495247623812,-0.7369875969672741
31.01550775387694,-0.7145055907647989
31.040520260130066,-0.6541629565355216
31.065532766383193,-0.6660562503112195
31.09054527263632,-0.6194677903452765
31.115557778889446,-0.572686690578989
31.140570285142573,-0.45797537556077156
31.165582791395696,-0.4708964527050023
31.190595297648823,-0.42013874713422067
31.21560780390195,-0.3032452309754161
31.240620310155077,-0.2917069143187475
31.265632816408203,-0.204667668849269
31.29064532266133,-0.21246289179033967
31.315657828914457,-0.19215571872107515
31.340670335167584,-0.10359129700346895
31.36568284142071,-0.010272683316291747
31.390695347673837,-0.01515560156676219
31.415707853926964,0.07882363361571658
31.44072036018009,0.0601452134600557
31.465732866433218,0.17595002738428356
31.490745372686344,0.2364889998583214
31.51575787893947,0.21823205120077452
31.540770385192598,0.2815553437413722
31.56578289144572,0.30695266329012105
31.590795397698848,0.35737740803749923
31.615807903951975,0.3996625218267947
31.6408204102051,0.47083978606138693
31.66583291645823,0.5938978456212581
31.690845422711355,0.6148848576856318
31.715857928964482,0.6846419018818596
31.74087043521761,0.7192291257396294
31.765882941470736,0.763236218515303
31.790895447723862,0.8269185311206656
31.81590795397699,0.8668074004342411
31.840920460230116,0.842259443580419
31.865932966483243,0.9080599646245708
31.89094547273637,0.9449834822284617
31.915957978989496,1.0419798626085275
31.940970485242623,1.065562005590018
31.965982991495746,1.142973180107885
31.990995497748873,1.161241960972066
32.016008004002,1.2087528439621882
32.04102051025513,1.254174792274365
32.06603301650826,1.2251847641289513
32.091045522761384,1.348304047006828
32.11605802901451,1.3591152338407606
32.14107053526764,1.3397884903253157
32.16608304152076,1.374169073972492
32.191095547773884,1.4297021421930003
32.21610805402701,1.483005307710624
32.24112056028014,1.5553731886580306
32.266133066533264,1.5071037952558437
32.29114557278639,1.556459858764995
32.31615807903952,1.5677481399518773
32.341170585292645,1.653212253462441
32.36618309154577,1.6520201263485064
32.3911955977989,1.7468196751984226
32.416208104052025,1.7337341434684432
32.44122061030515,1.7274232394143723
32.46623311655828,1.8312808060796755
32.491245622811405,1.7662082059512176
32.51625812906453,1.8360336578439505
32.54127063531766,1.8402656223707965
32.566283141570786,1.919716193968745
32.59129564782391,1.9418325001181722
32.61630815407704,1.8747045088142598
32.641320660330166,1.8828535869986767
32.66633316658329,1.9309788188199082
32.69134567283642,1.9712365666883005
32.716358179089546,2.005086729156815
32.74137068534267,1.949185151988944
32.7663831915958,2.0164057118326655
32.79139569784893,1.9908833726133606
32.81640820410205,2.0005995598888964
32.84142071035518,2.051523753324303
32.86643321660831,2.0194779344030707
32.891445722861434,2.0346276654524176
32.91645822911456,2.025204702495886
32.94147073536768,2.045115570078768
32.96648324162081,2.091507596034699
32.991495747873934,2.0520783669976534
33.01650825412706,2.081848107021423
33.04152076038019,2.0191986086254246
33.066533266633314,2.0645505866994767
33.09154577288644,2.0066919514983894
33.11655827913957,2.023558926488651
33.141570785392695,2.056486819254953
33.16658329164582,1.9702521371601671
33.19159579789895,2.0284614585343066
33.216608304152075,1.9868938638256672
33.2416208104052,2.005350681790168
33.26663331665833,1.9232316875489588
33.291645822911455,1.9889081948031673
33.31665832916458,1.987233652863293
33.34167083541771,1.884575096912729
33.366683341670836,1.9478327390352184
33.39169584792396,1.872873024031437
33.41670835417709,1.8317704920007618
33.441720860430216,1.8698492732623375
33.46673336668334,1.8324922730772966
33.49174587293647,1.8479163302243264
33.516758379189596,1.8212110490649591
33.54177088544272,1.702615477527098
33.56678339169585,1.731052291135158
33.59179589794898,1.6524308262194936
33.616808404202104,1.6282129286768465
33.64182091045523,1.600867030311691
33.66683341670836,1.5963949904119732
33.691845922961484,1.549227543116703
33.71685842921461,1.5548399021135224
33.74187093546773,1.4924522310606656
33.76688344172086,1.506582171689209
33.791895947973984,1.4080583723972213
33.81690845422711,1.3992763945047084
33.84192096048024,1.3673038213871
33.866933466733364,1.3379783189004184
33.89194597298649,1.296303105518323
33.91695847923962,1.2917800058291522
33.941970985492745,1.2527711390844851
33.96698349174587,1.1732611965270057
33.991995997999,1.1558730864058229
34.017008504252125,1.0863493551782955
34.04202101050525,1.0773584001936243
34.06703351675838,1.0003247019126826
34.092046023011505,0.9772918983598071
34.11705852926463,0.8607954295620099
34.14207103551776,0.8265531274623714
34.167083541770886,0.8365165260017391
34.19209604802401,0.7447955662174072
34.21710855427714,0.7115160369016181
34.242121060530266,0.6839402187116447
34.26713356678339,0.612843036962526
34.29214607303652,0.5389740523864402
34.31715857928965,0.5633502746626172
34.34217108554277,0.42994228198110973
34.3671835917959,0.4297768191774337
34.39219609804903,0.35337097086772173
34.417208604302154,0.3759508139686021
34.44222111055528,0.2960935230977146
34.46723361680841,0.2151747632727627
34.492246123061534,0.21288277275492107
34.51725862931466,0.09358977905802494
34.54227113556778,0.12433685685520193
34.56728364182091,-0.0019253287806331974
34.592296148074034,0.023509033356332545
34.61730865432716,-0.07697709831218777
34.64232116058029,-0.13304898637459517
34.667333666833414,-0.12401048824294006
34.69234617308654,-0.18008290505790117
34.71735867933967,-0.2736032906848961
34.742371185592795,-0.2706877289137489
34.76738369184592,-0.3688954986534233
34.79239619809905,-0.42147198461457663
34.817408704352175,-0.45796416829602643
34.8424212106053,-0.5485431675338611
34.86743371685843,-0.5354058954860386
34.892446223111556,-0.589933287703197
34.91745872936468,-0.6472716788058546
34.94247123561781,-0.6829283565383534
34.967483741870936,-0.769139684660315
34.99249624812406,-0.8000465995971878
35.01750875437719,-0.8421797684527087
35.042521260630316,-0.8441920721869397
35.06753376688344,-0.9634254196003937
35.09254627313657,-0.9434083092151653
35.1175587793897,-0.9871766141658291
35.14257128564282,-1.0958444093255058
35.16758379189595,-1.1018986760050247
35.19259629814908,-1.113119197719359
35.217608804402204,-1.1534123595813612
35.24262131065533,-1.2293866217148561
35.26763381690846,-1.2226791342625343
35.292646323161584,-1.2807808621517427
35.317658829414704,-1.3675755074073797
35.34267133566783,-1.3541086168069585
35.36768384192096,-1.388294362812655
35.392696348174084,-1.434647505858314
35.41770885442721,-1.4378549949107322
35.44272136068034,-1.4774874586177793
35.467733866933465,-1.517613390556664
35.49274637318659,-1.5511802833840214
35.51775887943972,-1.5890509402338175
35.542771385692845,-1.6272279969724843
35.56778389194597,-1.5953940107164124
35.5927963981991,-1.7070316011555253
35.617808904452225,-1.6724288649823709
35.64282141070535,-1.6894974547017891
35.66783391695848,-1.784842728407124
35.692846423211606,-1.7926235889909035
35.71785892946473,-1.7820549126755512
35.74287143571786,-1.7887103914992695
35.767883941970986,-1.7829088614519162
35.79289644822411,-1.8112810783578204
35.81790895447724,-1.8234949735975277
35.842921460730366,-1.8562987781332367
35.86793396698349,-1.9137922191874637
35.89294647323662,-1.9138375969658554
35.91795897948975,-1.935315242274357
35.94297148574287,-1.9181842966482145
35.967983991996,-1.9570789427428814
35.99299649824913,-1.966107694390571
36.018009004502254,-1.9617033658111784
36.04302151075538,-1.9756285683596955
36.06803401700851,-1.9673177644598558
36.093046523261634,-1.9745145777385176
36.118059029514754,-1.9781213133253797
36.14307153576788,-1.9622672941934571
36.16808404202101,-1.9867500956273714
36.193096548274134,-1.9251998699863606
36.21810905452726,-1.9857463406606182
36.24312156078039,-1.9654415302876966
36.268134067033515,-1.9662684145919616
36.29314657328664,-1.931058624963186
36.31815907953977,-1.9272633868244327
36.343171585792895,-1.8709601103690257
36.36818409204602,-1.8462281947203958
36.39319659829915,-1.866362010875192
36.418209104552275,-1.8633260406877508
36.4432216108054,-1.8878197535415062
36.46823411705853,-1.8465346631160187
36.493246623311656,-1.8014985968799317
36.51825912956478,-1.8167095596336866
36.54327163581791,-1.776130621964952
36.568284142071036,-1.714668082845848
36.59329664832416,-1.6988892415970172
36.61830915457729,-1.7417676192161164
36.643321660830416,-1.644934763230289
36.66833416708354,-1.6376040261388907
36.69334667333667,-1.6847044152676716
36.7183591795898,-1.6185350571748556
36.743371685842924,-1.5926005028502872
36.76838419209605,-1.5458716227940024
36.79339669834918,-1.4915201187885234
36.818409204602304,-1.4520349792840197
36.84342171085543,-1.4432679336758267
36.86843421710856,-1.4148432147194683
36.893446723361684,-1.387434910685258
36.918459229614804,-1.3948040081977118
36.94347173586793,-1.2802531601230447
36.96848424212106,-1.2821706566627944
36.993496748374184,-1.2433137400304455
37.01850925462731,-1.16407601010149
37.04352176088044,-1.2034262220026262
37.068534267133565,-1.1158626911389253
37.09354677338669,-1.0745937332577298
37.11855927963982,-1.0396481022589457
37.143571785892945,-0.985903659147225
37.16858429214607,-0.9766045591217599
37.1935967983992,-0.966597249035889
37.218609304652325,-0.8788998542220328
37.24362181090545,-0.8240312375469706
37.26863431715858,-0.8280958893898264
37.293646823411706,-0.776258640323209
37.31865932966483,-0.6844964333266801
37.34367183591796,-0.6302567855419159
37.368684342171086,-0.5893674220487696
37.39369684842421,-0.5490491220080006
37.41870935467734,-0.49683252797295147
37.44372186093047,-0.44886349581106133
37.46873436718359,-0.37962949650038236
37.49374687343672,-0.38271301283496545
37.51875937968985,-0.3536685615185044
37.543771885942974,-0.22167327427318934
37.5687843921961,-0.1659447680381548
37.59379689844923,-0.19115023684600693
37.618809404702354,-0.07085234992404597
37.64382191095548,-0.04324742206497294
37.66883441720861,-0.03386543652000894
37.693846923461734,-0.0053459997703480784
37.718859429714854,0.10862839189090706
37.74387193596798,0.17785155489081522
37.76888444222111,0.21038058487664077
37.793896948474234,0.2834307752189772
37.81890945472736,0.2926090587070624
37.84392196098049,0.3776773005012293
37.868934467233615,0.40802835961648354
37.89394697348674,0.439128148675471
37.91895947973987,0.4814651547193979
37.943971985992995,0.5552819386322045
37.96898449224612,0.6042546531025667
37.99399699849925,0.6146784021048659
38.019009504752376,0.7049641776986425
38.0440220110055,0.7738738850890363
38.06903451725863,0.7959939041352472
38.094047023511756,0.8377276022863441
38.11905952976488,0.8264659292633698
38.14407203601801,0.9255520774354131
38.169084542271136,0.9636308176529224
38.19409704852426,1.0067106938277584
38.21910955477739,1.0684620842999972
38.24412206103052,1.1180622728167968
38.26913456728364,1.1370758467512743
38.29414707353677,1.1591737543152265
38.3191595797899,1.1795944548387745
38.344172086043024,1.267498231937194
38.36918459229615,1.2626644964894522
38.39419709854928,1.2891469142987613
38.419209604802404,1.4032088979720803
38.44422211105553,1.4338094195873439
38.46923461730866,1.428839954705604
38.49424712356178,1.44666452172475
38.519259629814904,1.5380334150690815
38.54427213606803,1.5731863025356678
38.56928464232116,1.5803273301502507
38.594297148574285,1.5972265904919012
38.61930965482741,1.635264742593514
38.64432216108054,1.6674604668944188
38.669334667333665,1.7353100020047063
38.69434717358679,1.7540830979112823
38.71935967983992,1.7185127503350188
38.744372186093045,1.7971098502194214
38.76938469234617,1.8446956057620798
38.7943971985993,1.782952816222169
38.819409704852426,1.8170064079560648
38.84442221110555,1.8553322588869499
38.86943471735868,1.8447009954185107
38.894447223611806,1.8730990441222732
38.91945972986493,1.9003617914001791
38.94447223611806,1.8978623723224224
38.969484742371186,1.9790289469280238
38.99449724862431,1.983144569858706
39.01950975487744,1.9403746886573903
39.04452226113057,2.0421337879494414
39.06953476738369,2.0580863237079625
39.09454727363682,1.9945624790214156
39.11955977988995,2.068552385085551
39.144572286143074,2.000477064318258
39.1695847923962,2.0612386996528302
39.19459729864933,2.070703596453928
39.219609804902454,2.002290983168914
39.24462231115558,2.0500344171314966
39.26963481740871,2.009880564160512
39.29464732366183,2.078094100085483
39.319659829914954,2.0107404878756387
39.34467233616808,2.062634397445584
39.36968484242121,2.061889552121176
39.394697348674335,2.071475681264436
39.41970985492746,2.0005333691182194
39.44472236118059,1.9898470979848042
39.469734867433715,2.0496593104202576
39.49474737368684,2.027766826636486
39.51975987993997,1.9835984243160607
39.544772386193095,1.9272001660766216
39.56978489244622,1.9635711834732068
39.59479739869935,1.9181103931623722
39.619809904952476,1.8923918537137154
39.6448224112056,1.9099837584116595
39.66983491745873,1.921223615127667
39.694847423711856,1.8980276163716694
39.71985992996498,1.842306262394644
39.74487243621811,1.8016655884039985
39.769884942471236,1.7769330510819084
39.79489744872436,1.8205292564234201
39.81990995497749,1.7456685570832267
39.84492246123062,1.7380206973576258
39.86993496748374,1.6930378601381362
39.89494747373687,1.6464542645602764
39.91995997999,1.6858478733609181
39.944972486243124,1.5921001855461057
39.96998499249625,1.5920295665711652
39.99499749874938,1.5248308032363376
40.020010005002504,1.5173628623167101
40.04502251125563,1.476892115780927
40.07003501750876,1.468116444431313
40.09504752376188,1.4370707978775425
40.120060030015004,1.3379598919319564
40.14507253626813,1.353339149908435
40.17008504252126,1.2710435286399722
40.195097548774385,1.241561507577004
40.22011005502751,1.2091630993077143
40.24512256128064,1.144145127610974
40.270135067533765,1.166439669598951
40.29514757378689,1.1101052133592464
40.32016008004002,1.081814489399822
40.345172586293145,0.9783153217894284
40.37018509254627,0.9446823144498437
40.3951975987994,0.9135306217218409
40.420210105052526,0.909958383326173
40.44522261130565,0.8273925321849801
40.47023511755878,0.7538688779598254
40.495247623811906,0.6907963162501651
40.52026013006503,0.713133039942714
40.54527263631816,0.6169770662427733
40.57028514257129,0.5883454663617111
40.59529764882441,0.5460259895849532
40.62031015507754,0.45784225463439315
40.64532266133067,0.46230218262378164
40.670335167583794,0.3913222311375007
40.69534767383692,0.3714763211129032
40.72036018009005,0.31307826245192333
40.745372686343174,0.22020624623048893
40.7703851925963,0.17180238201231474
40.79539769884943,0.15799031758450321
40.820410205102554,0.08390853896855949
40.84542271135568,0.046616367250714524
40.87043521760881,0.010456134729549336
40.89544772386193,-0.04776596610115173
40.920460230115054,-0.09682698102313257
40.94547273636818,-0.17847318405921553
40.97048524262131,-0.19332094114151982
40.995497748874435,-0.26503771979638024
41.02051025512756,-0.30499061635378777
41.04552276138069,-0.31126980364690005
41.070535267633815,-0.41380931111543917
41.09554777388694,-0.4759468820429824
41.12056028014007,-0.4562081160620179
41.145572786393195,-0.5050732680012917
41.17058529264632,-0.6011160259007473
41.19559779889945,-0.6348002267270364
41.220610305152576,-0.6510158818096182
41.2456228114057,-0.6920737093628231
41.27063531765883,-0.7815658229616737
41.295647823911956,-0.8041571528286536
41.32066033016508,-0.90499665365109
41.34567283641821,-0.9082890123368349
41.37068534267134,-0.973086617600665
41.39569784892446,-0.988004872871898
41.42071035517759,-1.0434822135498918
41.44572286143072,-1.0801115101843746
41.470735367683844,-1.0802743837614501
41.49574787393697,-1.1373482488474103
41.5207603801901,-1.241936879962671
41.545772886443224,-1.2584039818184551
41.57078539269635,-1.305397378368179
41.59579789894948,-1.330059618449324
41.620810405202604,-1.3429729584380452
41.64582291145573,-1.4052004596129586
41.67083541770885,-1.4378866265311117
41.69584792396198,-1.420504326342841
41.720860430215104,-1.5175643040360134
41.74587293646823,-1.4930237445050665
41.77088544272136,-1.540093136831851
41.795897948974485,-1.569681954890761
41.82091045522761,-1.6355849487920409
41.84592296148074,-1.6033494029216564
41.870935467733865,-1.6175378076527733
41.89594797398699,-1.7226980275573751
41.92096048024012,-1.6978801345657089
41.945972986493246,-1.778280424690322
41.97098549274637,-1.7162194852098742
41.9959979989995,-1.7862243976624899
42.021010505252626,-1.784628143944663
42.04602301150575,-1.8402364702887837
42.07103551775888,-1.848876152690159
42.096048024012006,-1.832509004650831
42.12106053026513,-1.8468251203084682
42.14607303651826,-1.8459128337123467
42.17108554277139,-1.9133996347860882
42.19609804902451,-1.9320485188587453
42.22111055527764,-1.896104550264567
42.24612306153077,-1.9145175545553847
42.271135567783894,-1.9338707024458124
42.29614807403702,-1.9668573059463466
42.32116058029015,-1.975076674812459
42.346173086543274,-1.9128483401464769
42.3711855927964,-1.9142993420413439
42.39619809904953,-1.9006887826394316
42.421210605302655,-1.9518775039015794
42.44622311155578,-1.9853067073123114
42.4712356178089,-1.9890084139869486
42.49624812406203,-1.9758881422585233
42.521260630315155,-1.9596563536991292
42.54627313656828,-1.962768743008025
42.57128564282141,-1.8954268517109367
42.596298149074535,-1.9014964629493207
42.62131065532766,-1.95194058947114
42.64632316158079,-1.873415589518839
42.671335667833915,-1.8461275134604165
42.69634817408704,-1.8296952700260225
42.72136068034017,-1.808581104147215
42.746373186593296,-1.7973549730719574
42.77138569284642,-1.815021148042583
42.79639819909955,-1.7835100240113397
42.821410705352676,-1.7442622216588353
42.8464232116058,-1.7633960046829755
42.87143571785893,-1.7609349915433024
42.896448224112056,-1.704058573058562
42.92146073036518,-1.6685926177044763
42.94647323661831,-1.7047913954218514
42.97148574287144,-1.6906311110638068
42.99649824912456,-1.6540869207574227
43.02151075537769,-1.58178795020723
43.04652326163082,-1.5809155478046875
43.071535767883944,-1.5061016070007196
43.09654827413707,-1.462565755970824
43.1215607803902,-1.4262070520362835
43.146573286643324,-1.480031009930462
43.17158579289645,-1.381861896342491
43.19659829914958,-1.3995281114756293
43.221610805402705,-1.353002477555535
43.24662331165583,-1.2781795595104886
43.27163581790895,-1.2890370713251877
43.29664832416208,-1.2364576772198945
43.321660830415205,-1.1300299475088382
43.34667333666833,-1.0930055514531496
43.37168584292146,-1.0640687804699545
43.396698349174585,-1.0977603406609902
43.42171085542771,-1.041613440466083
43.44672336168084,-1.0024340659193451
43.471735867933965,-0.9106594233464655
43.49674837418709,-0.8877127877545667
43.52176088044022,-0.8722547263981876
43.546773386693346,-0.8257128273295724
43.57178589294647,-0.7087811355142817
43.5967983991996,-0.6757274031111601
43.621810905452726,-0.6572357380017847
43.64682341170585,-0.6513493950570826
43.67183591795898,-0.6013453164749473
43.69684842421211,-0.5032980284445645
43.72186093046523,-0.4978394452281809
43.74687343671836,-0.4211107153301662
43.77188594297149,-0.3491667794641807
43.796898449224614,-0.32037026576228306
43.82191095547774,-0.23686924409708437
43.84692346173087,-0.18367983492303064
43.871935967983994,-0.15598336181023786
43.89694847423712,-0.09096317011255582
43.92196098049025,-0.026826914734542698
43.946973486743374,-0.04503358847962191
43.9719859929965,0.043707871779563874
43.99699849924963,0.10887810718219622
44.022011005502755,0.10329770392559917
44.04702351175588,0.1325089445572727
44.072036018009,0.23526347187984664
44.09704852426213,0.2376778862264343
44.122061030515255,0.35337962176370574
44.14707353676838,0.3446473279185347
44.17208604302151,0.39319792948313587
44.197098549274635,0.4674069919059395
44.22211105552776,0.4767375216012469
44.24712356178089,0.5495697001331684
44.272136068034015,0.647637388594704
44.29714857428714,0.6330778440312232
44.32216108054027,0.7122850328947615
44.347173586793396,0.7349208541387438
44.37218609304652,0.7870361755916768
44.39719859929965,0.8882537888863362
44.422211105552776,0.9307014911197768
44.4472236118059,0.9676783711074912
44.47223611805903,1.0311238664005562
44.49724862431216,1.0460347086558384
44.52226113056528,1.112476642591262
44.54727363681841,1.1351446930716
44.57228614307154,1.1219229451313764
44.597298649324664,1.2054402039624286
44.62231115557779,1.2381962685770271
44.64732366183092,1.257113797997313
44.672336168084044,1.3555566245690507
44.69734867433717,1.3778053090074007
44.7223611805903,1.3672052564638904
44.747373686843424,1.484720297106229
44.77238619309655,1.4759800222528907
44.79739869934968,1.4562671089017565
44.822411205602805,1.5602145476408746
44.847423711855924,1.565747396217749
44.87243621810905,1.5995941297916283
44.89744872436218,1.5972017279690176
44.922461230615305,1.6649339074665248
44.94747373686843,1.6833246657677086
44.97248624312156,1.7510714841662374
44.997498749374685,1.7611292376412535
45.02251125562781,1.8049433469895502
45.04752376188094,1.8275981087063475
45.072536268134066,1.8464215374127033
45.09754877438719,1.8012225043276817
45.12256128064032,1.8918292919584139
45.147573786893446,1.9154934897793976
45.17258629314657,1.9040874677208517
45.1975987993997,1.9733804333948823
45.222611305652826,1.9122444943294024
45.24762381190595,1.9474690457301145
45.27263631815908,2.014926610329954
45.29764882441221,1.9626048517766919
45.32266133066533,2.000246239182681
45.34767383691846,2.0219942275242566
45.37268634317159,1.9937070389207234
45.397698849424714,2.0615684557027447
45.42271135567784,1.9912780929885248
45.44772386193097,2.0297590082841794
45.472736368184094,2.0785919970789952
45.49774887443722,2.0401949298188446
45.52276138069035,2.016929383324639
45.547773886943475,2.0317785259152803
45.5727863931966,2.047821542656433
45.59779889944973,2.0514142081756517
45.622811405702855,2.0154355096175354
45.647823911955975,2.0593018058485675
45.6728364182091,2.0730025935355085
45.69784892446223,2.0003034574901846
45.722861430715355,2.0706024472244446
45.74787393696848,1.991187989137326
45.77288644322161,1.9681726878292771
45.797898949474735,2.028403930398434
45.82291145572786,1.9909199277498089
45.84792396198099,2.006307306618469
45.872936468234116,1.994278146577772
45.89794897448724,1.9350363475084957
45.92296148074037,1.9381215197012172
45.947973986993496,1.9172538670291153
45.97298649324662,1.9209555782069638
45.99799899949975,1.8920370620694122
46.023011505752876,1.8161694418775842
46.048024012006,1.7694485516286675
46.07303651825913,1.8020899290573325
46.09804902451226,1.7530972565363212
46.12306153076538,1.7561056333580518
46.14807403701851,1.7349079818195077
46.17308654327164,1.64610494234977
46.198099049524764,1.6097028181013817
46.22311155577789,1.6448903654749785
46.24812406203102,1.557770727224867
46.273136568284144,1.5558896448388495
46.29814907453727,1.509531196819477
46.3231615807904,1.5077210686562508
46.348174087043525,1.4007037038689625
46.37318659329665,1.4353293363492874
46.39819909954978,1.3345003822763544
46.423211605802905,1.3458033351900223
46.448224112056025,1.295804214593945
46.47323661830915,1.3021730438931967
46.49824912456228,1.2692465584127584
46.523261630815405,1.1985536859614405
46.54827413706853,1.1368886106891465
46.57328664332166,1.0939716803642139
46.598299149574785,1.0773531654187487
46.62331165582791,0.9769578894985892
46.64832416208104,0.9414568691102054
46.673336668334166,0.8979545285659565
46.69834917458729,0.8416860924599074
46.72336168084042,0.8104049573218037
46.748374187093546,0.8111307305086473
46.77338669334667,0.7155548463191063
46.7983991995998,0.6652021503736855
46.823411705852926,0.6229917086156914
46.84842421210605,0.5544558026064018
46.87343671835918,0.5564171462155713
46.89844922461231,0.5067427926673252
46.923461730865434,0.4080607285929347
46.94847423711856,0.36682774905845633
46.97348674337169,0.374080797698163
46.998499249624814,0.3073487999572564
47.02351175587794,0.20495794958079308
47.04852426213107,0.24821563943658992
47.073536768384194,0.1995641025883457
47.09854927463732,0.12709518427626748
47.12356178089045,0.02428800025746827
47.148574287143575,0.01771611494507394
47.1735867933967,-0.020419268717722455
47.19859929964983,-0.1396281811104487
47.22361180590295,-0.10631537074643022
47.248624312156075,-0.1816111798476217
47.2736368184092,-0.22608421883348723
47.29864932466233,-0.34671000084290327
47.323661830915455,-0.38927839394497893
47.34867433716858,-0.42010038625606266
47.37368684342171,-0.4490111093265503
47.398699349674835,-0.4723277945646565
47.42371185592796,-0.5810919742408407
47.44872436218109,-0.5451616672228963
47.473736868434216,-0.6430587048022179
47.49874937468734,-0.634487623621663
47.52376188094047,-0.734066987302092
47.548774387193596,-0.7443794006915034
47.57378689344672,-0.8238804541891998
47.59879939969985,-0.8996592603377969
47.62381190595298,-0.8776969344068326
47.6488244122061,-0.9945229227438456
47.67383691845923,-0.9611039538716069
47.69884942471236,-1.0256273591711593
47.723861930965484,-1.0604130766854372
47.74887443721861,-1.0834189616377032
47.77388694347174,-1.1572730314654984
47.798899449724864,-1.223434841569829
47.82391195597799,-1.2401521258075443
47.84892446223112,-1.259819868415701
47.873936968484244,-1.2937065114750521
47.89894947473737,-1.3830981813396641
47.9239619809905,-1.4034633123775557
47.948974487243625,-1.3858000100009455
47.97398699349675,-1.493711625662507
47.99899949974988,-1.4958516626739147
48.024012006003,-1.4696764605062829
48.049024512256125,-1.5913670491277652
48.07403701850925,-1.5971070766346858
48.09904952476238,-1.589886802753506
48.124062031015505,-1.6288684996967118
48.14907453726863,-1.6782152101914873
48.17408704352176,-1.6774036209017467
48.199099549774886,-1.6602996305228424
48.22411205602801,-1.7164642600555062
48.24912456228114,-1.762793906427963
48.274137068534266,-1.746161214149608
48.29914957478739,-1.792853837696428
48.32416208104052,-1.8566684843949297
48.349174587293646,-1.8638160398601178
48.37418709354677,-1.886831420416212
48.3991995997999,-1.9078283703717709
48.42421210605303,-1.8693273514154596
48.44922461230615,-1.8533291119007418
48.47423711855928,-1.9450420656447298
48.49924962481241,-1.9396368101078532
48.524262131065534,-1.910594576006523
48.54927463731866,-1.9552926902591128
48.57428714357179,-1.956571465328862
48.599299649824914,-1.9658305198512935
48.62431215607804,-1.94925720516249
48.64932466233117,-1.9835005901801612
48.674337168584294,-1.9260744423716372
48.69934967483742,-1.9286200966338218
48.72436218109055,-1.984198314449921
48.749374687343675,-1.9509092760103461
48.7743871935968,-1.9058694468531658
48.79939969984993,-1.926331482268394
48.82441220610305,-1.958774988714663
48.849424712356175,-1.9090693967667483
48.8744372186093,-1.9102338092002271
48.89944972486243,-1.9290764172022246
48.924462231115555,-1.8968687285534944
48.94947473736868,-1.8404313248370323
48.97448724362181,-1.8240056741324588
48.999499749874936,-1.8345111588724299
49.02451225612806,-1.8697821219509
49.04952476238119,-1.822661220245797
49.074537268634316,-1.8569953280970406
49.09954977488744,-1.7797788477366654
49.12456228114057,-1.7553869860218612
49.149574787393696,-1.6999585743313903
49.17458729364682,-1.6816239914895026
49.19959979989995,-1.658175626971642
49.22461230615308,-1.6803847880943472
49.2496248124062,-1.6194898719220054
49.27463731865933,-1.6575585059831384
49.29964982491246,-1.5479106532857714
49.324662331165584,-1.5797279574736318
49.34967483741871,-1.4956862467947187
49.37468734367184,-1.4720295958955567
49.399699849924964,-1.4769650721739072
49.42471235617809,-1.45046065744954
49.44972486243122,-1.3966381886092294
49.474737368684345,-1.368889158131245
49.49974987493747,-1.335250506387052
49.5247623811906,-1.3428450717926126
49.549774887443725,-1.2446997967438955
49.57478739369685,-1.2522000192409424
49.59979989994998,-1.2086339970001914
49.6248124062031,-1.1000435927443346
49.649824912456225,-1.1009008898373382
49.67483741870935,-1.0574011321770218
49.69984992496248,-1.0171564696979007
49.724862431215605,-0.9406981792094765
49.74987493746873,-0.9060149387077383
49.77488744372186,-0.8977716457033081
49.799899949974986,-0.8671924261977927
49.82491245622811,-0.783848476848459
49.84992496248124,-0.7894018159129783
49.874937468734366,-0.6802409820916437
49.89994997498749,-0.6533866030604248
49.92496248124062,-0.5796662163203832
49.949974987493746,-0.6016041465619273
49.97498749374687,-0.49513026807792704
50.0,-0.5046910545763047
