x,y
0.0,0.0344764310336945
0.02501250625312656,0.13924814134201208
0.05002501250625312,0.11666462248289736
0.0750375187593797,0.1674151552931806
0.10005002501250625,0.2613758263603738
0.12506253126563283,0.27661952505937704
0.1500750375187594,0.35144536025690704
0.17508754377188596,0.34850863216481404
0.2001000500250125,0.44404884434400127
0.22511255627813906,0.5248210486108379
0.25012506253126565,0.5013045025209217
0.2751375687843922,0.6009715967250825
0.3001500750375188,0.6347291177300058
0.32516258129064535,0.6949934181739778
0.3501750875437719,0.7414632324870291
0.3751875937968984,0.803060620446878
0.400200100050025,0.8031099224244719
0.42521260630315155,0.8491454018193471
0.4502251125562781,0.9290037753512851
0.4752376188094047,0.9895654228764095
0.5002501250625313,0.9686507696292828
0.5252626313156579,1.0266851678240239
0.5502751375687844,1.1010529477601736
0.575287643821911,1.0907737902763703
0.6003001500750376,1.2229061280737543
0.6253126563281641,1.17454413701172
0.6503251625812907,1.2420238827941004
0.6753376688344173,1.2675550381712777
0.7003501750875438,1.3722620464556476
0.7253626813406704,1.396681418674669
0.7503751875937968,1.407690389810819
0.7753876938469234,1.4494918223455853
0.80040020010005,1.4490766809059779
0.8254127063531765,1.5508394861973227
0.8504252126063031,1.5549027980127428
0.8754377188594297,1.6268409526846006
0.9004502251125562,1.6045051399280625
0.9254627313656828,1.6879173569435502
0.9504752376188094,1.6557681600920096
0.9754877438719359,1.7343249195834913
1.0005002501250626,1.7521176350497978
1.0255127563781892,1.7314004136491459
1.0505252626313157,1.7560625372361
1.0755377688844423,1.785413389808778
1.1005502751375689,1.8253866583666993
1.1255627813906954,1.8439601541555988
1.150575287643822,1.9199092405503526
1.1755877938969486,1.8800679853280167
1.2006003001500751,1.89045088946799
1.2256128064032017,1.9522680611126866
1.2506253126563283,1.9738598780445953
1.2756378189094548,1.9736786453351607
1.3006503251625814,1.9679526497056963
1.325662831415708,2.020847354378889
1.3506753376688345,1.9986420460456285
1.375687843921961,2.0410473580262147
1.4007003501750876,2.062397150792115
1.4257128564282142,2.0472792838788068
1.4507253626813408,2.0446361282374372
1.4757378689344671,2.0850889511867323
1.5007503751875937,1.9978894233512563
1.5257628814407203,2.014029143187583
1.5507753876938468,2.0562055455687425
1.5757878939469734,2.0246559360492813
1.6008004002001,2.0780843740034323
1.6258129064532265,2.0210120721119242
1.650825412706353,2.08374839057463
1.6758379189594796,2.0839214887842354
1.7008504252126062,2.042255223290908
1.7258629314657328,2.0734124383399135
1.7508754377188593,2.038953331755786
1.775887943971986,2.056205375717634
1.8009004502251125,1.9817929685285514
1.825912956478239,1.9481126990319753
1.8509254627313656,2.0151589170777466
1.8759379689844922,1.9437091162740157
1.9009504752376187,1.9690457097149634
1.9259629814907453,1.9391515767723937
1.9509754877438719,1.9229974610745002
1.9759879939969984,1.8539080007495607
2.001000500250125,1.8750835035806037
2.0260130065032516,1.8799212168294603
2.0510255127563783,1.7769752460343737
2.0760380190095047,1.8128103795715713
2.1010505252626315,1.7399609430025746
2.126063031515758,1.7804529943085032
2.1510755377688846,1.7500898416303436
2.176088044022011,1.7297756197257663
2.2011005502751377,1.6770147843061816
2.226113056528264,1.646371646005384
2.251125562781391,1.6337968434190269
2.276138069034517,1.5923900763214283
2.301150575287644,1.5006173520050126
2.3261630815407703,1.5261757106422438
2.351175587793897,1.4686934068029678
2.3761880940470235,1.396127829146952
2.4012006003001503,1.4437876412569826
2.4262131065532766,1.3647638113899456
2.4512256128064034,1.3567957915962492
2.4762381190595297,1.278820775064778
2.5012506253126565,1.2480134289909737
2.526263131565783,1.1878573647874209
2.5512756378189096,1.1836391567380735
2.576288144072036,1.1564121810778474
2.6013006503251628,1.1130339608366113
2.626313156578289,1.0476699650463064
2.651325662831416,0.9969717080204109
2.6763381690845423,0.9044208544784299
2.701350675337669,0.9279146317996634
2.7263631815907954,0.8309541405415335
2.751375687843922,0.8159382791248895
2.7763881940970485,0.7232970379329662
2.8014007003501753,0.7321450820051851
2.8264132066033016,0.6531540812667072
2.8514257128564284,0.5726543620539828
2.8764382191095548,0.5595060122668006
2.9014507253626816,0.5658102620800503
2.926463231615808,0.4586559413362608
2.9514757378689342,0.4773596026580638
2.976488244122061,0.4260858492189616
3.0015007503751874,0.37009720539286617
3.026513256628314,0.32537511282158904
3.0515257628814405,0.19802501922137822
3.0765382691345673,0.1504733053964699
3.1015507753876936,0.09360489265078825
3.1265632816408204,0.03250414065536789
3.1515757878939468,0.01183329823612193
3.1765882941470736,-0.038811815566806546
3.2016008004002,-0.024488985452762166
3.2266133066533267,-0.1314311406705821
3.251625812906453,-0.125742905139632
3.27663831915958,-0.19020791150984273
3.301650825412706,-0.312392911476473
3.326663331665833,-0.35785712049181423
3.3516758379189593,-0.3824048591617015
3.376688344172086,-0.40071974902063845
3.4017008504252124,-0.4887931966959393
3.426713356678339,-0.5408137325397995
3.4517258629314655,-0.5569131095930339
3.4767383691845923,-0.5956258373917229
3.5017508754377187,-0.6642784256949024
3.5267633816908455,-0.7201274070804817
3.551775887943972,-0.7283698372572799
3.5767883941970986,-0.7654159486808404
3.601800900450225,-0.8475909036283475
3.6268134067033517,-0.9257072630167541
3.651825912956478,-0.9323557490475757
3.676838419209605,-0.9704783651929785
3.701850925462731,-1.0048749108448602
3.726863431715858,-1.0262943363466994
3.7518759379689843,-1.0714965854951624
3.776888444222111,-1.1315471433885513
3.8019009504752375,-1.1374389898902562
3.8269134567283642,-1.2645518931859265
3.8519259629814906,-1.264374645728156
3.8769384692346174,-1.2804651084429926
3.9019509754877437,-1.2932045525320859
3.9269634817408705,-1.3772579191876086
3.951975987993997,-1.4086114637327334
3.9769884942471236,-1.3840272471541952
4.00200100050025,-1.472869682444733
4.027013506753376,-1.5386660610884049
4.052026013006503,-1.5587708569232885
4.07703851925963,-1.5302276982473446
4.102051025512757,-1.567518432206345
4.127063531765883,-1.5703924746848907
4.152076038019009,-1.6071185574748863
4.177088544272136,-1.6660631939212684
4.202101050525263,-1.693127724713474
4.227113556778389,-1.7277822712058233
4.252126063031516,-1.7188331535595995
4.277138569284642,-1.7782104007123192
4.302151075537769,-1.8190365066749286
4.327163581790895,-1.7672964865435505
4.352176088044022,-1.7906931089391047
4.377188594297149,-1.7934448575644133
4.4022011005502755,-1.892239279782318
4.427213606803401,-1.8807618731232019
4.452226113056528,-1.8747689820335325
4.477238619309655,-1.8586644180202285
4.502251125562782,-1.9369850390067926
4.527263631815908,-1.8773377840135415
4.552276138069034,-1.9085829270784607
4.577288644322161,-1.9576013392216327
4.602301150575288,-1.9322335418095962
4.627313656828414,-1.8938770857910598
4.652326163081541,-1.974967344588478
4.6773386693346675,-1.9616918866428195
4.702351175587794,-1.962448198567805
4.72736368184092,-1.9001823391921533
4.752376188094047,-1.9714283242012178
4.777388694347174,-1.954981781143611
4.8024012006003005,-1.9897881144298617
4.827413706853426,-1.9383001931963342
4.852426213106553,-1.8968381075289766
4.87743871935968,-1.895567863028244
4.902451225612807,-1.9209737963084106
4.927463731865933,-1.937727952956969
4.9524762381190595,-1.8911680793380607
4.977488744372186,-1.9063985449203378
5.002501250625313,-1.8489139488484307
5.027513756878439,-1.8331504228771476
5.052526263131566,-1.830427449550426
5.0775387693846925,-1.771540791116331
5.102551275637819,-1.8184784113721904
5.127563781890945,-1.7587920281485672
5.152576288144072,-1.771195824582064
5.177588794397199,-1.6921160640656443
5.2026013006503256,-1.697442857418253
5.2276138069034515,-1.7274059626360083
5.252626313156578,-1.7135878646991727
5.277638819409705,-1.6126830839229818
5.302651325662832,-1.6291716187277971
5.327663831915958,-1.542791159850905
5.3526763381690845,-1.5301395742365995
5.377688844422211,-1.5301678912523853
5.402701350675338,-1.491094435440129
5.427713856928464,-1.4976594884550811
5.452726363181591,-1.4365598438931955
5.4777388694347176,-1.3760470510141078
5.502751375687844,-1.3499754256870649
5.52776388194097,-1.3011630407828054
5.552776388194097,-1.3033375071988598
5.577788894447224,-1.2233408495205829
5.602801400700351,-1.1847529742909404
5.6278139069534765,-1.1889789999722502
5.652826413206603,-1.140987900985779
5.67783891945973,-1.10899754843244
5.702851425712857,-1.0559554640732989
5.727863931965983,-1.0037523041000835
5.7528764382191095,-0.9990375710379358
5.777888944472236,-0.870595340165272
5.802901450725363,-0.889383031038668
5.827913956978489,-0.8664111388924649
5.852926463231616,-0.7362661248973357
5.877938969484743,-0.7222549657188039
5.9029514757378685,-0.6894121201888279
5.927963981990995,-0.6086646258492981
5.952976488244122,-0.5796716632864274
5.977988994497249,-0.5944941165870781
6.003001500750375,-0.5229527217371621
6.0280140070035015,-0.4365821910207883
6.053026513256628,-0.38521384832483063
6.078039019509755,-0.3429834035955359
6.103051525762881,-0.3268746558019617
6.128064032016008,-0.20963766695613256
6.153076538269135,-0.2363786768619557
6.178089044522261,-0.14650334484806915
6.203101550775387,-0.14009900905968325
6.228114057028514,-0.02670339707033302
6.253126563281641,0.002921451176516515
6.278139069534768,0.01956735956231969
6.3031515757878935,0.058421704585710665
6.32816408204102,0.12453620889538014
6.353176588294147,0.19563301779493286
6.378189094547274,0.2164863678202682
6.4032016008004,0.25862079049070485
6.428214107053527,0.3252645266062197
6.453226613306653,0.43506020121988703
6.47823911955978,0.4116815931611859
6.503251625812906,0.4515210843281589
6.528264132066033,0.4907242314334915
6.55327663831916,0.6156307505087705
6.578289144572286,0.6119928136480222
6.603301650825412,0.7062231533653642
6.628314157078539,0.6912085882716522
6.653326663331666,0.7503767406517902
6.678339169584793,0.7804983782738929
6.703351675837919,0.8407531761732037
6.728364182091045,0.901900094659303
6.753376688344172,0.9426078356302765
6.778389194597299,0.9962168010394373
6.803401700850425,1.0213279907612924
6.828414207103552,1.068435240275556
6.853426713356678,1.1751762454237724
6.878439219609805,1.1854250882798107
6.903451725862931,1.21722652004448
6.928464232116058,1.2415327667887812
6.953476738369185,1.3189936694206459
6.9784892446223115,1.3327500026102876
7.003501750875437,1.3975298459228127
7.028514257128564,1.402013613521658
7.053526763381691,1.4272419015884121
7.078539269634818,1.5193853618469297
7.103551775887944,1.512794189646826
7.12856428214107,1.5628733554657648
7.153576788394197,1.603109622442362
7.178589294647324,1.5887878810031195
7.20360180090045,1.630735786678616
7.228614307153577,1.6296531795307805
7.2536268134067035,1.7070306558371762
7.27863931965983,1.7655469555826366
7.303651825912956,1.7723106613679405
7.328664332166083,1.736523076759428
7.35367683841921,1.8489987724490222
7.3786893446723365,1.8195134569804352
7.403701850925462,1.8578166911181826
7.428714357178589,1.8716324833502023
7.453726863431716,1.9404854004135086
7.478739369684843,1.9094891751833518
7.503751875937969,1.9039825912972443
7.5287643821910955,1.9050300154823119
7.553776888444222,1.9601735109470628
7.578789394697349,2.0170084002845026
7.603801900950475,1.9879507954730309
7.628814407203602,2.0455561261778246
7.6538269134567285,2.012038479525976
7.678839419709855,2.0596072100943914
7.703851925962981,2.024366912963459
7.728864432216108,1.9965169010916077
7.753876938469235,2.0642944638128866
7.7788894447223615,2.058507603257146
7.8039019509754874,2.0491975929806308
7.828914457228614,2.008861492936671
7.853926963481741,2.0343951094764017
7.878939469734868,2.0069408047071176
7.903951975987994,2.0537513010067205
7.9289644822411205,2.0420724340770353
7.953976988494247,2.0629596865165323
7.978989494747374,2.0739655941022024
8.0040020010005,2.035767563089855
8.029014507253628,1.9771941666348813
8.054027013506753,2.0291395643274552
8.07903951975988,1.9666860470725196
8.104052026013006,1.9861003530298063
8.129064532266133,1.987329460828995
8.15407703851926,1.9167714822207003
8.179089544772387,1.9168580354024816
8.204102051025513,1.9448052225138055
8.22911455727864,1.8751675274101862
8.254127063531765,1.8709910773688712
8.279139569784892,1.852743328824424
8.304152076038019,1.846086574079366
8.329164582291146,1.8671534975005464
8.354177088544272,1.7704656845795292
8.379189594797399,1.7409698088657062
8.404202101050526,1.7668735424895181
8.429214607303653,1.6809361923971644
8.454227113556778,1.6622722430330363
8.479239619809904,1.6725380512041703
8.504252126063031,1.6597189142029884
8.529264632316158,1.5854991088807329
8.554277138569285,1.5923065105521281
8.579289644822412,1.5015779989550468
8.604302151075538,1.5466562077020176
8.629314657328665,1.4750983737333632
8.65432716358179,1.4564499756148743
8.679339669834917,1.4428551776269034
8.704352176088044,1.404476259438301
8.72936468234117,1.37258570201696
8.754377188594297,1.2438987342712118
8.779389694847424,1.3005206917659002
8.804402201100551,1.227775203235572
8.829414707353676,1.2033343722612657
8.854427213606803,1.153240545455584
8.87943971985993,1.1011763983573857
8.904452226113056,1.020903029187951
8.929464732366183,1.0378137650141066
8.95447723861931,0.9582092721051089
8.979489744872437,0.9542765223310954
9.004502251125563,0.8555556917891588
9.029514757378688,0.8218817972622293
9.054527263631815,0.7442294561319878
9.079539769884942,0.6794243951710325
9.104552276138069,0.675050542262051
9.129564782391196,0.5969890479264564
9.154577288644322,0.6189647190915419
9.17958979489745,0.5494231707513209
9.204602301150576,0.47076173587726694
9.229614807403701,0.4654689786827291
9.254627313656828,0.33907797717153393
9.279639819909955,0.35399859253933946
9.304652326163081,0.3291710355376235
9.329664832416208,0.20694776549212743
9.354677338669335,0.19895241616403456
9.379689844922462,0.15618072126714608
9.404702351175589,0.07359708881203653
9.429714857428714,0.023857528747808096
9.45472736368184,-0.012229362356224134
9.479739869934967,-0.04166326723480883
9.504752376188094,-0.11186765667184764
9.52976488244122,-0.17471904896404342
9.554777388694347,-0.24050979086156243
9.579789894947474,-0.3046826239538585
9.604802401200601,-0.2892506143001119
9.629814907453726,-0.38658415729611434
9.654827413706853,-0.40472835416309033
9.67983991995998,-0.48758960044808103
9.704852426213106,-0.5476318614539716
9.729864932466233,-0.5445155906374534
9.75487743871936,-0.5868361167544298
9.779889944972487,-0.6692024319402277
9.804902451225614,-0.6926696006289441
9.829914957478739,-0.7565847076780174
9.854927463731865,-0.8178527816866574
9.879939969984992,-0.8235650722241148
9.904952476238119,-0.9074676170067749
9.929964982491246,-0.886327125874578
9.954977488744372,-1.0083163363326952
9.9799899949975,-1.0455425186968474
10.005002501250626,-1.0869266587484334
10.030015007503751,-1.088962822384494
10.055027513756878,-1.1663175659995457
10.080040020010005,-1.1946488036043563
10.105052526263131,-1.1678671665927434
10.130065032516258,-1.2700264357006406
10.155077538769385,-1.2906712862219514
10.180090045022512,-1.29627066818202
10.205102551275639,-1.3189993318554876
10.230115057528764,-1.3570793050286758
10.25512756378189,-1.4134089837379988
10.280140070035017,-1.496020149135445
10.305152576288144,-1.4752788413402724
10.33016508254127,-1.504430880255711
10.355177588794398,-1.5608603008318322
10.380190095047524,-1.5378236313001785
10.405202601300651,-1.6088858738133425
10.430215107553776,-1.6142351772257846
10.455227613806903,-1.6549171035478256
10.48024012006003,-1.7250625870855472
10.505252626313156,-1.6687845532847807
10.530265132566283,-1.699986787944088
10.55527763881941,-1.7273530492166742
10.580290145072537,-1.7743894597250696
10.605302651325664,-1.7941423926254851
10.630315157578789,-1.8271851367204461
10.655327663831915,-1.814995762768239
10.680340170085042,-1.821497423517808
10.705352676338169,-1.9105389649156777
10.730365182591296,-1.899499192823337
10.755377688844423,-1.8818245983346247
10.78039019509755,-1.8801214501621777
10.805402701350676,-1.9588174350662642
10.830415207603801,-1.931179117429646
10.855427713856928,-1.9171567372824074
10.880440220110055,-1.914716521343249
10.905452726363182,-1.979052641680772
10.930465232616308,-1.9322597942298938
10.955477738869435,-1.9764097975946804
10.980490245122562,-1.902120941160883
11.005502751375689,-1.9542687082585763
11.030515257628814,-1.906993836317365
11.05552776388194,-1.9572560785596722
11.080540270135067,-1.9276271018837232
11.105552776388194,-1.910519503683092
11.13056528264132,-1.888506496645603
11.155577788894448,-1.8766474503985264
11.180590295147574,-1.8742386615924072
11.205602801400701,-1.902941102824801
11.230615307653826,-1.893648405799101
11.255627813906953,-1.8873591247613857
11.28064032016008,-1.900337593050039
11.305652826413207,-1.8485660589019508
11.330665332666333,-1.8576602881947109
11.35567783891946,-1.860573866738609
11.380690345172587,-1.8267083280935696
11.405702851425714,-1.7415919639574726
11.430715357678839,-1.7391885325766576
11.455727863931966,-1.7760349120288135
11.480740370185092,-1.7493712781417683
11.505752876438219,-1.7405883182328088
11.530765382691346,-1.6976689204736013
11.555777888944473,-1.6014438173860397
11.5807903951976,-1.598068592055099
11.605802901450726,-1.6048443586410601
11.630815407703851,-1.6079563760293418
11.655827913956978,-1.5476335696955856
11.680840420210105,-1.5092866375372693
11.705852926463232,-1.4422976088854451
11.730865432716358,-1.4465313539845026
11.755877938969485,-1.4116764508417534
11.780890445222612,-1.3984680692827864
11.805902951475737,-1.3647172544260475
11.830915457728864,-1.3222827059763493
11.85592796398199,-1.235227876315782
11.880940470235117,-1.2346409311162299
11.905952976488244,-1.1287134972402084
11.930965482741371,-1.179385332782369
11.955977988994498,-1.1309864950903064
11.980990495247624,-1.03472524443841
12.00600300150075,-1.04314890860291
12.031015507753876,-0.9865901135271877
12.056028014007003,-0.9082411930326363
12.08104052026013,-0.8653697876167777
12.106053026513257,-0.8441039964242105
12.131065532766383,-0.7903698391793966
12.15607803901951,-0.7372141510899534
12.181090545272637,-0.6592535716554428
12.206103051525762,-0.6645058124588299
12.231115557778889,-0.5961325717979062
12.256128064032016,-0.5713633576962646
12.281140570285142,-0.4740380265617858
12.30615307653827,-0.4374452215025911
12.331165582791396,-0.41624311638933
12.356178089044523,-0.33109278805223497
12.38119059529765,-0.32143138416277467
12.406203101550775,-0.224276733820912
12.431215607803901,-0.21472127074059758
12.456228114057028,-0.20956044882836944
12.481240620310155,-0.08209228293901691
12.506253126563282,-0.05481974588689496
12.531265632816408,-0.03655817318088892
12.556278139069535,0.041083773781062774
12.581290645322662,0.12429173430373024
12.606303151575787,0.10371541000159454
12.631315657828914,0.16000470459342922
12.65632816408204,0.23823394414187085
12.681340670335167,0.23714915978610487
12.706353176588294,0.3574331224299182
12.731365682841421,0.4110459440285774
12.756378189094548,0.4126249260802156
12.781390695347675,0.4287027295080933
12.8064032016008,0.5071178580357921
12.831415707853926,0.571275185116237
12.856428214107053,0.645878014929288
12.88144072036018,0.6322554889511278
12.906453226613307,0.6781975066392485
12.931465732866434,0.7226654721077677
12.95647823911956,0.7752571959194643
12.981490745372687,0.8839315979188809
13.006503251625812,0.9480960632926843
13.031515757878939,0.986169272159173
13.056528264132066,1.0066358105568678
13.081540770385192,1.050196254726496
13.10655327663832,1.038269241830028
13.131565782891446,1.08461982641977
13.156578289144573,1.2022128434783266
13.1815907953977,1.1699813067342928
13.206603301650825,1.2124017818350767
13.231615807903951,1.2512906808075421
13.256628314157078,1.3464791817260495
13.281640820410205,1.3370616111902234
13.306653326663332,1.3505877516221831
13.331665832916459,1.4108501351505018
13.356678339169585,1.473107964678481
13.381690845422712,1.4925215529515543
13.406703351675837,1.5885719087706849
13.431715857928964,1.6091533387460084
13.45672836418209,1.5719783364185766
13.481740870435218,1.5988819789777498
13.506753376688344,1.616449979416492
13.531765882941471,1.6888490916141081
13.556778389194598,1.7036770883789307
13.581790895447725,1.7351653813607035
13.60680340170085,1.8246656846022147
13.631815907953976,1.7660594112551433
13.656828414207103,1.8591567158114108
13.68184092046023,1.892148717703287
13.706853426713357,1.874920859166136
13.731865932966484,1.895215113448601
13.75687843921961,1.8713143390892146
13.781890945472737,1.9205122872911586
13.806903451725862,1.9001537189183815
13.831915957978989,1.9176092435442036
13.856928464232116,2.0096387405742653
13.881940970485243,1.9406016684601117
13.90695347673837,1.9790418660530078
13.931965982991496,2.0232452416724893
13.956978489244623,2.048457954952286
13.98199099549775,1.9963726514689135
14.007003501750875,2.0033853014577043
14.032016008004002,2.071170532361612
14.057028514257128,1.997218117168277
14.082041020510255,2.0876708590656468
14.107053526763382,2.0364729162195854
14.132066033016509,2.0422076426721785
14.157078539269635,2.0772155628507503
14.182091045522762,2.014211702567326
14.207103551775887,2.039978786384607
14.232116058029014,2.0711515973249024
14.25712856428214,2.075601047395122
14.282141070535268,2.0253566964935703
14.307153576788394,2.011361527971355
14.332166083041521,2.043459532182957
14.357178589294648,2.002269503700345
14.382191095547775,1.98187813556096
14.4072036018009,1.9553028227692832
14.432216108054027,1.917147615940281
14.457228614307153,1.9053599437073094
14.48224112056028,1.9466347485688078
14.507253626813407,1.91311127627082
14.532266133066534,1.9038635168818285
14.55727863931966,1.8807119860444796
14.582291145572787,1.9013833382146503
14.607303651825912,1.811267225751428
14.632316158079039,1.8220360302460672
14.657328664332166,1.803070307167796
14.682341170585293,1.7898507288845924
14.70735367683842,1.695159595114523
14.732366183091546,1.6670694845764695
14.757378689344673,1.7036841462480217
14.782391195597798,1.6628813007008865
14.807403701850925,1.6660299228348783
14.832416208104052,1.6047896023858887
14.857428714357178,1.5661313898246105
14.882441220610305,1.5598845577248832
14.907453726863432,1.4731947056020505
14.932466233116559,1.4133898384965677
14.957478739369686,1.4141537724745592
14.98249124562281,1.3779951685471317
15.007503751875937,1.3559013373189932
15.032516258129064,1.3249818680855752
15.057528764382191,1.248878525295846
15.082541270635318,1.2466575939326294
15.107553776888444,1.1468548090060355
15.132566283141571,1.1494418173836354
15.157578789394698,1.0944066625138034
15.182591295647823,1.0600044680346665
15.20760380190095,1.0359021260120738
15.232616308154077,0.9348177760141898
15.257628814407203,0.961806123069107
15.28264132066033,0.8293394056063378
15.307653826913457,0.8221680713384061
15.332666333166584,0.7494218975616601
15.35767883941971,0.6963062655954786
15.382691345672836,0.7055872594887671
15.407703851925962,0.6666244021976805
15.43271635817909,0.6127096628092766
15.457728864432216,0.5898102699637666
15.482741370685343,0.4826812169772424
15.50775387693847,0.400069879229222
15.532766383191596,0.41329492110277033
15.557778889444723,0.31316758155953217
15.582791395697848,0.2720825728581201
15.607803901950975,0.23691736868736477
15.632816408204102,0.2108480244322167
15.657828914457228,0.19431688199535627
15.682841420710355,0.08320316291896371
15.707853926963482,0.09782527700263634
15.732866433216609,-0.038214061709369085
15.757878939469736,-0.030399507705494586
15.78289144572286,-0.10853309314142415
15.807903951975987,-0.15319905528327388
15.832916458229114,-0.15038501899020756
15.857928964482241,-0.22050260599582117
15.882941470735368,-0.3426067391197035
15.907953976988495,-0.334426279902817
15.932966483241621,-0.3532220069605472
15.957978989494748,-0.41006101741957746
15.982991495747873,-0.5069266513595194
16.008004002001,-0.5207664781368199
16.03301650825413,-0.5759755133642543
16.058029014507255,-0.619587064527505
16.08304152076038,-0.6882021710672924
16.108054027013505,-0.7580917549954856
16.133066533266632,-0.7931491926718168
16.15807903951976,-0.8402226679334501
16.183091545772886,-0.8858705262770017
16.208104052026012,-0.9125951393560688
16.23311655827914,-0.990073495052253
16.258129064532266,-0.9889730977388103
16.283141570785393,-1.060487444750076
16.30815407703852,-1.0882405980710914
16.333166583291646,-1.1101373302533706
16.358179089544773,-1.113564682471484
16.3831915957979,-1.1739788058170049
16.408204102051027,-1.199087183446891
16.433216608304154,-1.2895906842722522
16.45822911455728,-1.3193398691356342
16.483241620810404,-1.3222035858774768
16.50825412706353,-1.3862571931935483
16.533266633316657,-1.4172535729616311
16.558279139569784,-1.4078944663418451
16.58329164582291,-1.497569530735966
16.608304152076037,-1.4965780096917267
16.633316658329164,-1.502201182668168
16.65832916458229,-1.600231648246671
16.683341670835418,-1.5949434348122775
16.708354177088545,-1.664861865351232
16.73336668334167,-1.6520367706205215
16.758379189594798,-1.734637769234258
16.783391695847925,-1.7047716480853712
16.808404202101052,-1.754069495861292
16.83341670835418,-1.7766954442004748
16.858429214607305,-1.7396553839771802
16.88344172086043,-1.753399159735385
16.908454227113555,-1.848103468721703
16.933466733366682,-1.840210201541788
16.95847923961981,-1.8437104380889155
16.983491745872936,-1.8823980952728923
17.008504252126063,-1.858894079276756
17.03351675837919,-1.8562197112250058
17.058529264632316,-1.9090199915441592
17.083541770885443,-1.9056872953561006
17.10855427713857,-1.9556838475815341
17.133566783391696,-1.910613747415285
17.158579289644823,-1.885879966880347
17.18359179589795,-1.902386907551776
17.208604302151077,-1.9324635314628051
17.233616808404204,-1.912904140679626
17.25862931465733,-1.9474331019823616
17.283641820910454,-1.9530045015413886
17.30865432716358,-1.9204741162379917
17.333666833416707,-1.967594670475254
17.358679339669834,-1.9076653860563364
17.38369184592296,-1.935212665423408
17.408704352176088,-1.892608288282347
17.433716858429214,-1.9357355644493075
17.45872936468234,-1.8910493481436546
17.483741870935468,-1.9005028802717259
17.508754377188595,-1.9282622316635627
17.53376688344172,-1.8393653034427817
17.55877938969485,-1.8608461381454098
17.583791895947975,-1.8642872565894142
17.608804402201102,-1.8556319440568279
17.63381690845423,-1.8199987114952
17.658829414707352,-1.7611754609433254
17.68384192096048,-1.775918617116518
17.708854427213605,-1.7209801323968796
17.733866933466732,-1.7659858951846934
17.75887943971986,-1.7153580921585767
17.783891945972986,-1.7014328494072253
17.808904452226113,-1.6834659570638602
17.83391695847924,-1.6870522912120158
17.858929464732366,-1.5883446673826396
17.883941970985493,-1.5588287319232008
17.90895447723862,-1.5588280920916924
17.933966983491747,-1.50053339196207
17.958979489744873,-1.4798645600714215
17.983991995998,-1.458003164955639
18.009004502251127,-1.4824492503549194
18.034017008504254,-1.3850673269844858
18.059029514757377,-1.3308522672719416
18.084042021010504,-1.3132926543495225
18.10905452726363,-1.2816429630373622
18.134067033516757,-1.2266135455749725
18.159079539769884,-1.2198548630299246
18.18409204602301,-1.2221159119937266
18.209104552276138,-1.0961825079537277
18.234117058529264,-1.139606070259122
18.25912956478239,-1.0972740474658726
18.284142071035518,-1.046132086626593
18.309154577288645,-0.9698817575443408
18.33416708354177,-0.9226378607334053
18.3591795897949,-0.8914240616882294
18.384192096048025,-0.8128891881604019
18.409204602301152,-0.7713846646833767
18.43421710855428,-0.7561453195198667
18.459229614807402,-0.7105057010478318
18.48424212106053,-0.6774420205953461
18.509254627313656,-0.6232154210717878
18.534267133566782,-0.5838666188082507
18.55927963981991,-0.5280936440949043
18.584292146073036,-0.4378540406584438
18.609304652326163,-0.44554444729093323
18.63431715857929,-0.37083262316946514
18.659329664832416,-0.36961862768870485
18.684342171085543,-0.3036219044903089
18.70935467733867,-0.22233775685860016
18.734367183591797,-0.19922149815896378
18.759379689844923,-0.14285558119105127
18.78439219609805,-0.05547233516341343
18.809404702351177,-0.0788079075206495
18.834417208604304,0.0017323029337166125
18.859429714857427,0.030693966703329925
18.884442221110554,0.091633332865801
18.90945472736368,0.21147901864830113
18.934467233616807,0.2106133359104725
18.959479739869934,0.28309153564046685
18.98449224612306,0.29700262328373067
19.009504752376188,0.36484202207974215
19.034517258629315,0.44215353955139874
19.05952976488244,0.4723067633369659
19.084542271135568,0.5161104406252549
19.109554777388695,0.6136876919545066
19.13456728364182,0.6193701373017481
19.15957978989495,0.612671180413032
19.184592296148075,0.6913750481002877
19.209604802401202,0.7185326553100551
19.23461730865433,0.7676609371978268
19.259629814907452,0.8081659607021879
19.28464232116058,0.8820777453120512
19.309654827413706,0.9559816875008276
19.334667333666832,0.9656088765199341
19.35967983991996,1.0705160639751856
19.384692346173086,1.0899072966442749
19.409704852426213,1.1249348528031338
19.43471735867934,1.2017958097209112
19.459729864932466,1.2023513910084564
19.484742371185593,1.193979337101033
19.50975487743872,1.2861019266958345
19.534767383691847,1.2749017917195873
19.559779889944974,1.3336401917050158
19.5847923961981,1.39812732097843
19.609804902451227,1.3867189403756808
19.634817408704354,1.5125438613783564
19.659829914957477,1.4647389749348763
19.684842421210604,1.578787438062607
19.70985492746373,1.5525399546832213
19.734867433716857,1.5964706311653274
19.759879939969984,1.6331549743745646
19.78489244622311,1.6793685657769652
19.809904952476238,1.6552877489390918
19.834917458729365,1.7564232673432152
19.85992996498249,1.705043703514869
19.884942471235618,1.7202002399039642
19.909954977488745,1.823607633071995
19.93496748374187,1.8660110414809208
19.959979989995,1.8633866346650008
19.984992496248125,1.9076421982047302
20.010005002501252,1.866653772976579
20.03501750875438,1.8820576998722318
20.060030015007502,1.8857539183441296
20.08504252126063,1.9346323757142174
20.110055027513756,1.98352714212045
20.135067533766883,1.9860105944254083
20.16008004002001,1.934674919743201
20.185092546273136,2.0444386459115336
20.210105052526263,1.9602391011816152
20.23511755877939,2.0507953096630533
20.260130065032516,2.027897350326396
20.285142571285643,2.0111605234478294
20.31015507753877,2.0485556820807953
20.335167583791897,2.045098363114716
20.360180090045024,2.0193064726704084
20.38519259629815,2.08022847884374
20.410205102551277,2.0417837598215236
20.435217608804404,2.0831468867579996
20.460230115057527,2.0285866635062892
20.485242621310654,2.0567402598307294
20.51025512756378,2.0161283295527332
20.535267633816908,2.00578948791908
20.560280140070034,2.023882743086629
20.58529264632316,2.0123655795337148
20.610305152576288,2.0550663128739437
20.635317658829415,1.996181710379687
20.66033016508254,1.9965677084705677
20.68534267133567,1.9549497657599075
20.710355177588795,1.926400202232906
20.735367683841922,1.9781092111303487
20.76038019009505,1.9609733902274986
20.785392696348175,1.965592610885653
20.810405202601302,1.8649421928968313
20.835417708854425,1.8458794750479455
20.860430215107552,1.8915527699763937
20.88544272136068,1.8838461458895353
20.910455227613806,1.8559376810324812
20.935467733866933,1.7896186716491305
20.96048024012006,1.7564762933666145
20.985492746373186,1.6900698123453441
21.010505252626313,1.694403000172084
21.03551775887944,1.7285055079668503
21.060530265132567,1.6227284418554082
21.085542771385693,1.5866773980985789
21.11055527763882,1.6288549446463174
21.135567783891947,1.5878364929566018
21.160580290145074,1.5069963581248187
21.1855927963982,1.4893466096122217
21.210605302651327,1.4484459545965926
21.23561780890445,1.4552451345771629
21.260630315157577,1.41924807249031
21.285642821410704,1.3178510205393998
21.31065532766383,1.2596124767923196
21.335667833916958,1.285638922495448
21.360680340170084,1.2298437104932995
21.38569284642321,1.2162648320443776
21.410705352676338,1.1133210054167455
21.435717858929465,1.1401551266200665
21.46073036518259,1.0250702355396941
21.48574287143572,1.0340701162963952
21.510755377688845,0.9321240553436748
21.535767883941972,0.967220326443647
21.5607803901951,0.8359485209727151
21.585792896448226,0.8470940579597448
21.610805402701352,0.8064246530442446
21.635817908954476,0.7157970896446859
21.660830415207602,0.6772703518321753
21.68584292146073,0.6170607014061472
21.710855427713856,0.5563440471480026
21.735867933966983,0.5678376317054379
21.76088044022011,0.5305002814280079
21.785892946473236,0.501131755024368
21.810905452726363,0.37378197059213164
21.83591795897949,0.3582748482054688
21.860930465232617,0.3542388536297434
21.885942971485743,0.29919414534126576
21.91095547773887,0.20442079645229877
21.935967983991997,0.1874699428738898
21.960980490245124,0.13269784662537104
21.98599299649825,0.05197896371981642
22.011005502751377,-0.03654044339098394
22.0360180090045,-0.06129757675587322
22.061030515257627,-0.05679414465039449
22.086043021510754,-0.10551120780841637
22.11105552776388,-0.1828087503784253
22.136068034017008,-0.21011549533001384
22.161080540270135,-0.33181391495466234
22.18609304652326,-0.3722513300658048
22.211105552776388,-0.4121075260317795
22.236118059029515,-0.45083596961625627
22.26113056528264,-0.5055293533542837
22.28614307153577,-0.5371253451932418
22.311155577788895,-0.5456824994538603
22.336168084042022,-0.6013548825087416
22.36118059029515,-0.7123457391054409
22.386193096548276,-0.758751870664398
22.411205602801402,-0.7357160465281357
22.436218109054526,-0.8200898471273884
22.461230615307652,-0.8109789192854767
22.48624312156078,-0.8585937899182818
22.511255627813906,-0.993862559414465
22.536268134067033,-0.9832788681853046
22.56128064032016,-0.9973820704272148
22.586293146573286,-1.0787194602639807
22.611305652826413,-1.148541383079157
22.63631815907954,-1.1466984597401206
22.661330665332667,-1.2277984251900218
22.686343171585793,-1.2661606908357763
22.71135567783892,-1.2620890706773544
22.736368184092047,-1.3361726775731864
22.761380690345174,-1.388579288215237
22.7863931965983,-1.3870436903303722
22.811405702851427,-1.4451345309016543
22.83641820910455,-1.4455516825780679
22.861430715357677,-1.5289009000281975
22.886443221610804,-1.5358351462876003
22.91145572786393,-1.5020403728071143
22.936468234117058,-1.6129144103000568
22.961480740370185,-1.5851437466875937
22.98649324662331,-1.6296127103530837
23.011505752876438,-1.6846114666882384
23.036518259129565,-1.7193242757916143
23.06153076538269,-1.6661933835742062
23.08654327163582,-1.7014253501047725
23.111555777888945,-1.7079566214366293
23.136568284142072,-1.7245253389606425
23.1615807903952,-1.760166883706906
23.186593296648326,-1.7677081530709904
23.211605802901452,-1.8332057414511689
23.236618309154576,-1.7964167293486712
23.261630815407702,-1.8652584661289318
23.28664332166083,-1.8568811745315124
23.311655827913956,-1.9257423213435925
23.336668334167083,-1.9347470847169843
23.36168084042021,-1.94342640076659
23.386693346673336,-1.9660341960322265
23.411705852926463,-1.930525155408883
23.43671835917959,-1.9081215361989738
23.461730865432717,-1.9164316854156072
23.486743371685844,-1.9199608303838653
23.51175587793897,-1.9270020140090196
23.536768384192097,-1.9110557760444946
23.561780890445224,-1.992109113432805
23.58679339669835,-1.9637081322588652
23.611805902951474,-1.9121532210577503
23.6368184092046,-1.9080497477895333
23.661830915457728,-1.9030917470777582
23.686843421710854,-1.9594574786906147
23.71185592796398,-1.9258641423157106
23.736868434217108,-1.8993858862911008
23.761880940470235,-1.928501771103639
23.78689344672336,-1.8856804290948925
23.81190595297649,-1.9362380015344507
23.836918459229615,-1.9215255173186097
23.861930965482742,-1.9086631739766675
23.88694347173587,-1.8833280230100233
23.911955977988995,-1.8456489181351894
23.936968484242122,-1.815367942355098
23.96198099049525,-1.7700659219298656
23.986993496748376,-1.763132403483912
24.0120060030015,-1.741650643958938
24.037018509254626,-1.7749375136160932
24.062031015507753,-1.7468135952187538
24.08704352176088,-1.722171634808346
24.112056028014006,-1.6072812279192068
24.137068534267133,-1.6006622303058713
24.16208104052026,-1.5863954800294853
24.187093546773387,-1.5424983199478086
24.212106053026513,-1.4974863590781742
24.23711855927964,-1.5548160997068619
24.262131065532767,-1.4874001426295544
24.287143571785894,-1.4766829116738387
24.31215607803902,-1.4209248930265488
24.337168584292147,-1.354928084826005
24.362181090545274,-1.335673210293793
24.3871935967984,-1.2614882359346464
24.412206103051524,-1.2438055709934708
24.43721860930465,-1.2190894076976582
24.462231115557778,-1.241350885456661
24.487243621810904,-1.157943896872433
24.51225612806403,-1.1457354877160335
24.537268634317158,-1.0786662139189431
24.562281140570285,-1.0051544236934054
24.58729364682341,-0.9409358900657011
24.61230615307654,-0.9329968884542498
24.637318659329665,-0.8719123520682236
24.662331165582792,-0.89737992397001
24.68734367183592,-0.8302199639820108
24.712356178089045,-0.7835238827256565
24.737368684342172,-0.7292074703513151
24.7623811905953,-0.711891640772718
24.787393696848426,-0.6104156001988642
24.81240620310155,-0.5809853739591873
24.837418709354676,-0.5271254344421253
24.862431215607803,-0.4918445125947962
24.88744372186093,-0.4352068800371201
24.912456228114056,-0.3540087203801915
24.937468734367183,-0.3681175729219232
24.96248124062031,-0.2866580515250655
24.987493746873437,-0.24517771977465924
25.012506253126563,-0.17004512058211757
25.03751875937969,-0.09425766913476738
25.062531265632817,-0.11997527043638925
25.087543771885944,-0.0009034614210401692
25.11255627813907,0.007044932426121059
25.137568784392197,0.022616764841719733
25.162581290645324,0.1079212765555261
25.18759379689845,0.15173073266976572
25.212606303151574,0.22566224590344253
25.2376188094047,0.24753578408078286
25.262631315657828,0.3050065981358224
25.287643821910955,0.3652900366531797
25.31265632816408,0.3762203157256519
25.337668834417208,0.4738186795699248
25.362681340670335,0.5100848664497396
25.38769384692346,0.5353451398443186
25.41270635317659,0.5626923461587113
25.437718859429715,0.6362863662138998
25.462731365682842,0.6536998313733614
25.48774387193597,0.7563352152142109
25.512756378189096,0.7806140127700664
25.537768884442222,0.8077670271364827
25.56278139069535,0.8837639144366376
25.587793896948476,0.9646924841796459
25.6128064032016,0.9906931507731295
25.637818909454726,1.0651079146553353
25.662831415707853,1.078328233586445
25.68784392196098,1.076175299161038
25.712856428214106,1.1477954050307062
25.737868934467233,1.2292298567862847
25.76288144072036,1.2076949273101012
25.787893946973487,1.2655355875707635
25.812906453226613,1.3138232488450432
25.83791895947974,1.2986167090767373
25.862931465732867,1.3606468693507492
25.887943971985994,1.4017653769191893
25.91295647823912,1.44787064647873
25.937968984492247,1.4736337830355377
25.962981490745374,1.5752063837955141
25.9879939969985,1.5194986758301927
26.013006503251624,1.5849302154856968
26.03801900950475,1.6186540238953528
26.063031515757878,1.640039905637939
26.088044022011005,1.6863611388536879
26.11305652826413,1.703118787199637
26.138069034517258,1.7111965753554432
26.163081540770385,1.7178853078513991
26.18809404702351,1.7710584510733554
26.21310655327664,1.7658884459252135
26.238119059529765,1.8284489735880047
26.263131565782892,1.896778599475164
26.28814407203602,1.8299407606165017
26.313156578289146,1.9185410235609432
26.338169084542272,1.8742354787478284
26.3631815907954,1.8989188550380922
26.388194097048526,1.9112034984282205
26.41320660330165,1.9510321892085474
26.438219109554776,1.9735844169616334
26.463231615807903,1.956338362205263
26.48824412206103,1.9946025404159249
26.513256628314156,1.9841407107856468
26.538269134567283,2.0254689713951297
26.56328164082041,2.0138307344670068
26.588294147073537,2.084110657221899
26.613306653326664,2.0175607689079813
26.63831915957979,2.010585820798761
26.663331665832917,2.0126886048337025
26.688344172086044,2.042121456080857
26.71335667833917,2.0609809474668177
26.738369184592298,2.05467822073506
26.763381690845424,2.023270497515981
26.788394197098548,2.0648980137655033
26.813406703351674,2.070558316642012
26.8384192096048,2.043708553556387
26.863431715857928,2.028223727191324
26.888444222111055,1.9893062514975688
26.91345672836418,2.0340684393300412
26.93846923461731,1.996680983687576
26.963481740870435,1.9616143892461582
26.988494247123562,1.9910621639190178
27.01350675337669,1.907205453535648
27.038519259629815,1.8941870495969455
27.063531765882942,1.9211202401810992
27.08854427213607,1.9031955872635353
27.113556778389196,1.913745099204563
27.138569284642323,1.8331618419582771
27.16358179089545,1.873606847876312
27.188594297148573,1.8631924396440993
27.2136068034017,1.7635710613370175
27.238619309654826,1.749109777692605
27.263631815907953,1.7780144409863587
27.28864432216108,1.7401941159661112
27.313656828414207,1.737997698739056
27.338669334667333,1.618863251956225
27.36368184092046,1.614114323245931
27.388694347173587,1.6147886384776293
27.413706853426714,1.611642166479256
27.43871935967984,1.5694251132315495
27.463731865932967,1.4812476959627954
27.488744372186094,1.448609134910143
27.51375687843922,1.444369348842199
27.538769384692348,1.3680291798641164
27.563781890945474,1.3750855240809945
27.588794397198598,1.3430231851485939
27.613806903451724,1.2767665412253206
27.63881940970485,1.1947811133604205
27.663831915957978,1.2171743107772142
27.688844422211105,1.167676128528197
27.71385692846423,1.0997132501477938
27.73886943471736,1.1080406287379063
27.763881940970485,0.9958532861382435
27.788894447223612,0.941541316483731
27.81390695347674,0.8911626465262299
27.838919459729865,0.9326879090809512
27.863931965982992,0.8791083481466248
27.88894447223612,0.7890584462464502
27.913956978489246,0.7297591692600297
27.938969484742373,0.7460263359682611
27.9639819909955,0.661754555498886
27.988994497248623,0.577586215593101
28.01400700350175,0.5329494990313111
28.039019509754876,0.5008864310198671
28.064032016008003,0.43606026385800956
28.08904452226113,0.4577775388834029
28.114057028514257,0.3257378586718942
28.139069534767383,0.27976766595071734
28.16408204102051,0.23700862601318415
28.189094547273637,0.24304045085626863
28.214107053526764,0.20828002276423158
28.23911955977989,0.11394004018255496
28.264132066033017,0.03982645441041592
28.289144572286144,0.06300133595138183
28.31415707853927,-0.02199163450206614
28.339169584792398,-0.09253181320209972
28.364182091045524,-0.13075299404324275
28.389194597298648,-0.18919016282529946
28.414207103551774,-0.22979806008679252
28.4392196098049,-0.2567750420934794
28.464232116058028,-0.3004019194674553
28.489244622311155,-0.4243842310346574
28.51425712856428,-0.44867111286810946
28.53926963481741,-0.4613028767832219
28.564282141070535,-0.502233977646168
28.589294647323662,-0.5743265093351613
28.61430715357679,-0.5843067007038365
28.639319659829916,-0.6210845251033502
28.664332166083042,-0.7253467542023594
28.68934467233617,-0.7068812485211845
28.714357178589296,-0.7765550303379913
28.739369684842423,-0.8111047653959451
28.76438219109555,-0.8883198059016102
28.789394697348673,-0.892635861359795
28.8144072036018,-0.9923851362055929
28.839419709854926,-1.0312269883654506
28.864432216108053,-1.0329288986408254
28.88944472236118,-1.1198057885678525
28.914457228614307,-1.1604676675268766
28.939469734867433,-1.1461065125362995
28.96448224112056,-1.2184022921660023
28.989494747373687,-1.215236550398591
29.014507253626814,-1.288047321300692
29.03951975987994,-1.3473628470071484
29.064532266133067,-1.3451368390736127
29.089544772386194,-1.4539262481800184
29.11455727863932,-1.3928022632242472
29.139569784892448,-1.4917107703634702
29.164582291145575,-1.5517033637328173
29.189594797398698,-1.5179488561894225
29.214607303651825,-1.594540015567238
29.23961980990495,-1.6150482988169128
29.264632316158078,-1.6109915566640436
29.289644822411205,-1.6223196810660276
29.31465732866433,-1.6272258875530135
29.33966983491746,-1.7392582535078451
29.364682341170585,-1.6877445135978013
29.389694847423712,-1.7890882449551615
29.41470735367684,-1.7512291132594986
29.439719859929966,-1.75251187713897
29.464732366183092,-1.7882239591034597
29.48974487243622,-1.8039586599504376
29.514757378689346,-1.8633366060866268
29.539769884942473,-1.8089507614165992
29.564782391195596,-1.8337119940421527
29.589794897448723,-1.8493431797047728
29.61480740370185,-1.9325678523856815
29.639819909954976,-1.9431104171578597
29.664832416208103,-1.8900271075547306
29.68984492246123,-1.9283926269152083
29.714857428714357,-1.8916256292775773
29.739869934967484,-1.8895610912887193
29.76488244122061,-1.9261051085004746
29.789894947473737,-1.909571738304657
29.814907453726864,-1.9108199639062824
29.83991995997999,-1.9334279286192324
29.864932466233117,-1.9811792372306556
29.889944972486244,-1.9413786393525
29.91495747873937,-1.8957491066474252
29.939969984992498,-1.964437550419844
29.96498249124562,-1.9072109793171914
29.989994997498748,-1.9458736176343279
30.015007503751875,-1.9506923418998736
30.040020010005,-1.9086010364839483
30.06503251625813,-1.9277291971716528
30.090045022511255,-1.9058522282018278
30.115057528764382,-1.9134628133118028
30.14007003501751,-1.8697007208646108
30.165082541270635,-1.8020032118756968
30.190095047523762,-1.8426700510312466
30.21510755377689,-1.7809169037247303
30.240120060030016,-1.7914949301148644
30.265132566283143,-1.7329764515692296
30.29014507253627,-1.706554103097738
30.315157578789396,-1.745922605227767
30.340170085042523,-1.75814503140046
30.365182591295646,-1.658826769140517
30.390195097548773,-1.68359494794359
30.4152076038019,-1.6123096380889625
30.440220110055026,-1.6377004148610455
30.465232616308153,-1.6123877612961315
30.49024512256128,-1.5229397093464085
30.515257628814407,-1.4806194555959282
30.540270135067534,-1.4717038309810055
30.56528264132066,-1.4240787241405053
30.590295147573787,-1.4162542361334085
30.615307653826914,-1.3500022313948128
30.64032016008004,-1.3790782710784562
30.665332666333168,-1.3348553344674425
30.690345172586294,-1.227672353136383
30.71535767883942,-1.2127804614897557
30.740370185092548,-1.178145996810953
30.76538269134567,-1.1309635025921878
30.790395197598798,-1.152929450383142
30.815407703851925,-1.065778488326634
30.84042021010505,-1.0595819938992384
30.86543271635818,-1.0110786912343972
30.890445222611305,-0.9073257775519848
30.915457728864432,-0.8955049147122367
30.94047023511756,-0.872205846052867
30.965482741370685,-0.8156635694834963
30.990495247623812,-0.7455110938252084
31.01550775387694,-0.6928789497255387
31.040520260130066,-0.6840903388916593
31.065532766383193,-0.6027693117684907
31.09054527263632,-0.5623078300862896
31.115557778889446,-0.5873856383511704
31.140570285142573,-0.4552671621365577
31.165582791395696,-0.48778880373528016
31.190595297648823,-0.40554448462803305
31.21560780390195,-0.3282727097096519
31.240620310155077,-0.2712573149312178
31.265632816408203,-0.21035393794204132
31.29064532266133,-0.22275326353921618
31.315657828914457,-0.1249049563945936
31.340670335167584,-0.12396470559789599
31.36568284142071,-0.004837743977434125
31.390695347673837,-0.006038253596551614
31.415707853926964,0.09682198409433859
31.44072036018009,0.12731810705422325
31.465732866433218,0.1088878480086517
31.490745372686344,0.17629247510097357
31.51575787893947,0.22777895261848075
31.540770385192598,0.346191417170039
31.56578289144572,0.30674952585216037
31.590795397698848,0.4052332766737776
31.615807903951975,0.4296809508978514
31.6408204102051,0.45222613287884816
31.66583291645823,0.5728557457006289
31.690845422711355,0.6042578025855357
31.715857928964482,0.591560900824982
31.74087043521761,0.7373180721934168
31.765882941470736,0.7425439540899506
31.790895447723862,0.7963141245912466
31.81590795397699,0.8696801518237216
31.840920460230116,0.8523214840857045
31.865932966483243,0.9308580659440568
31.89094547273637,0.972380385414613
31.915957978989496,1.0415639513229646
31.940970485242623,1.0418426729965196
31.965982991495746,1.0965079453766982
31.990995497748873,1.1443219126143453
32.016008004002,1.2090010294757896
32.04102051025513,1.2135591117873015
32.06603301650826,1.266502209115274
32.091045522761384,1.281942355737761
32.11605802901451,1.3765175066316706
32.14107053526764,1.3585408059118473
32.16608304152076,1.438015509369756
32.191095547773884,1.4312590526785154
32.21610805402701,1.479678059642457
32.24112056028014,1.5617018145559656
32.266133066533264,1.5609023750472055
32.29114557278639,1.612518909844882
32.31615807903952,1.5896401292455253
32.341170585292645,1.6689553404914357
32.36618309154577,1.6305325294110011
32.3911955977989,1.7030139493528564
32.416208104052025,1.7505367450978966
32.44122061030515,1.7243443246216703
32.46623311655828,1.780215633813784
32.491245622811405,1.8420283314683499
32.51625812906453,1.8085667579477245
32.54127063531766,1.8527853596960242
32.566283141570786,1.8291083878965797
32.59129564782391,1.9146403050024816
32.61630815407704,1.880177823382847
32.641320660330166,1.929593627835516
32.66633316658329,1.924866914689715
32.69134567283642,2.0120877509146142
32.716358179089546,1.9714699251902974
32.74137068534267,2.0103339446564297
32.7663831915958,2.0025058678127303
32.79139569784893,2.027425127226899
32.81640820410205,2.019769223153048
32.84142071035518,2.0762162252354317
32.86643321660831,1.9855970372555594
32.891445722861434,2.011030039479804
32.91645822911456,2.050380004771897
32.94147073536768,2.0391428079372607
32.96648324162081,2.081133148731533
32.991495747873934,2.062004523126903
33.01650825412706,2.068347822552919
33.04152076038019,1.9978894158264533
33.066533266633314,2.06316596728581
33.09154577288644,2.0607629622675816
33.11655827913957,2.0495723381556306
33.141570785392695,2.075690039859286
33.16658329164582,2.0389298263676925
33.19159579789895,2.010954881116706
33.216608304152075,1.9757381809108643
33.2416208104052,1.9933867370080443
33.26663331665833,1.98078778499625
33.291645822911455,1.973764531501345
33.31665832916458,1.9563915034440689
33.34167083541771,1.9123287799951316
33.366683341670836,1.8769085847348903
33.39169584792396,1.8757494087943813
33.41670835417709,1.899846417346813
33.441720860430216,1.8415865286503696
33.46673336668334,1.7742524374104018
33.49174587293647,1.8453777817587933
33.516758379189596,1.748804450685043
33.54177088544272,1.751170742010733
33.56678339169585,1.7150546660261754
33.59179589794898,1.7000655659818347
33.616808404202104,1.6453030297781475
33.64182091045523,1.6328223015010417
33.66683341670836,1.5856605824558874
33.691845922961484,1.585065065725608
33.71685842921461,1.4904593643612785
33.74187093546773,1.481690442802444
33.76688344172086,1.4471260365056544
33.791895947973984,1.4389664524423562
33.81690845422711,1.4197595454076664
33.84192096048024,1.4041694393637774
33.866933466733364,1.3368002787378546
33.89194597298649,1.2725143499684433
33.91695847923962,1.293746456944853
33.941970985492745,1.2246004090464442
33.96698349174587,1.1754197142104719
33.991995997999,1.1015216284273548
34.017008504252125,1.0927669876562205
34.04202101050525,1.017942844983778
34.06703351675838,0.9495410635453978
34.092046023011505,0.9363731417173855
34.11705852926463,0.8954965901054588
34.14207103551776,0.8812027942952496
34.167083541770886,0.7982077319479944
34.19209604802401,0.795884128061001
34.21710855427714,0.7662751855662404
34.242121060530266,0.6415543486248454
34.26713356678339,0.6657661844790801
34.29214607303652,0.6215360143726236
34.31715857928965,0.48684874801893857
34.34217108554277,0.49135021291393755
34.3671835917959,0.4280257430557159
34.39219609804903,0.4173001432389575
34.417208604302154,0.3423346135833757
34.44222111055528,0.2373514699130937
34.46723361680841,0.2544026561214657
34.492246123061534,0.2117156985805552
34.51725862931466,0.10613390160696266
34.54227113556778,0.11347716339258025
34.56728364182091,-0.009064194093061176
34.592296148074034,-0.0162766278354112
34.61730865432716,-0.08795078655219359
34.64232116058029,-0.16151110008381062
34.667333666833414,-0.1749880720983586
34.69234617308654,-0.21420600819498414
34.71735867933967,-0.3057298811702287
34.742371185592795,-0.3613245514823463
34.76738369184592,-0.33785920199256986
34.79239619809905,-0.38710512011405623
34.817408704352175,-0.42366253170682955
34.8424212106053,-0.5280467495139691
34.86743371685843,-0.5312590903683857
34.892446223111556,-0.5963125002581294
34.91745872936468,-0.6487582555211985
34.94247123561781,-0.7042866086659092
34.967483741870936,-0.7035869953519277
34.99249624812406,-0.8159350110178383
35.01750875437719,-0.8292795244976532
35.042521260630316,-0.8966045692190528
35.06753376688344,-0.8949264872049341
35.09254627313657,-0.9803016116945591
35.1175587793897,-1.0255110259232503
35.14257128564282,-1.030343066230961
35.16758379189595,-1.1046029335685792
35.19259629814908,-1.0926506049746407
35.217608804402204,-1.1806994040662777
35.24262131065533,-1.2258687914650261
35.26763381690846,-1.223505590063844
35.292646323161584,-1.24826170503407
35.317658829414704,-1.3053181836942134
35.34267133566783,-1.38294632555947
35.36768384192096,-1.376625649046124
35.392696348174084,-1.4387294724374213
35.41770885442721,-1.501618396542627
35.44272136068034,-1.5215804688315857
35.467733866933465,-1.5493473547750483
35.49274637318659,-1.5759311505706624
35.51775887943972,-1.6321125902982765
35.542771385692845,-1.642837486638532
35.56778389194597,-1.686126469195974
35.5927963981991,-1.636924770901376
35.617808904452225,-1.6743122220261684
35.64282141070535,-1.724733307669872
35.66783391695848,-1.696778458323425
35.692846423211606,-1.7862626566267115
35.71785892946473,-1.7761124133650754
35.74287143571786,-1.7562579521850639
35.767883941970986,-1.7915218688300747
35.79289644822411,-1.8477861621880478
35.81790895447724,-1.817480533643489
35.842921460730366,-1.8504680383225738
35.86793396698349,-1.9219400922989565
35.89294647323662,-1.8801863559295025
35.91795897948975,-1.8695090422364062
35.94297148574287,-1.8778814348698036
35.967983991996,-1.9313275246577535
35.99299649824913,-1.9300062685652242
36.018009004502254,-1.945563914105504
36.04302151075538,-1.9544093953039616
36.06803401700851,-1.9872846895269471
36.093046523261634,-1.943565277547327
36.118059029514754,-1.982268471367558
36.14307153576788,-1.911560972988301
36.16808404202101,-1.9923140266183117
36.193096548274134,-1.9722584673167796
36.21810905452726,-1.8935907747091605
36.24312156078039,-1.9662750780904945
36.268134067033515,-1.9619555953488905
36.29314657328664,-1.8951715641246916
36.31815907953977,-1.9335966681098886
36.343171585792895,-1.8572638539644926
36.36818409204602,-1.9160601094343077
36.39319659829915,-1.8696492425570168
36.418209104552275,-1.8544948354217192
36.4432216108054,-1.8364410260114628
36.46823411705853,-1.8789060111967026
36.493246623311656,-1.776822355660326
36.51825912956478,-1.7548307264681469
36.54327163581791,-1.7394492469081164
36.568284142071036,-1.7527034772611476
36.59329664832416,-1.6920718470833958
36.61830915457729,-1.6648244669015195
36.643321660830416,-1.7147931193331254
36.66833416708354,-1.629165149643266
36.69334667333667,-1.6146409531613402
36.7183591795898,-1.6025511012272449
36.743371685842924,-1.5988497810004811
36.76838419209605,-1.5214380289474083
36.79339669834918,-1.4920875450452256
36.818409204602304,-1.507729148048944
36.84342171085543,-1.5037814647019934
36.86843421710856,-1.3991787667649582
36.893446723361684,-1.4280192823032583
36.918459229614804,-1.394419385469082
36.94347173586793,-1.3292617422014072
36.96848424212106,-1.3182211820351657
36.993496748374184,-1.276492246408238
37.01850925462731,-1.1702910957193704
37.04352176088044,-1.2031730482938328
37.068534267133565,-1.1298738836177677
37.09354677338669,-1.0847738013399608
37.11855927963982,-1.045654228092924
37.143571785892945,-0.9824617785519195
37.16858429214607,-0.9184824332774292
37.1935967983992,-0.9328549721350442
37.218609304652325,-0.8888745481236553
37.24362181090545,-0.7977435007191639
37.26863431715858,-0.7379206774227249
37.293646823411706,-0.6965932721835139
37.31865932966483,-0.6750995101698835
37.34367183591796,-0.6441624559749025
37.368684342171086,-0.5840237108722764
37.39369684842421,-0.5962384319883269
37.41870935467734,-0.5219360370761712
37.44372186093047,-0.42425313124802877
37.46873436718359,-0.4250909134340783
37.49374687343672,-0.3645107310738976
37.51875937968985,-0.2852054452024725
37.543771885942974,-0.23590020718100774
37.5687843921961,-0.1738634005308432
37.59379689844923,-0.19073949911134974
37.618809404702354,-0.1556951492923522
37.64382191095548,-0.03846466629070537
37.66883441720861,0.027306710732952114
37.693846923461734,0.019615617099208168
37.718859429714854,0.10205710882158461
37.74387193596798,0.10591575398304803
37.76888444222111,0.14005591518826702
37.793896948474234,0.25993882370491506
37.81890945472736,0.26693868611516397
37.84392196098049,0.35776616302982145
37.868934467233615,0.37677254541716815
37.89394697348674,0.3992125112896077
37.91895947973987,0.5172229087949898
37.943971985992995,0.5302076722615723
37.96898449224612,0.6226690056857441
37.99399699849925,0.5957348024713616
38.019009504752376,0.6444713402269612
38.0440220110055,0.7747726133787793
38.06903451725863,0.8178534457987695
38.094047023511756,0.8497036437665832
38.11905952976488,0.8216082521817942
38.14407203601801,0.8889311130436747
38.169084542271136,0.9689314191891067
38.19409704852426,1.047952685729765
38.21910955477739,1.0135571296770014
38.24412206103052,1.0923392843687605
38.26913456728364,1.1265153874452642
38.29414707353677,1.145500258643808
38.3191595797899,1.2226182046395322
38.344172086043024,1.2170885917765184
38.36918459229615,1.2912746946130291
38.39419709854928,1.30738540901186
38.419209604802404,1.3392322897107465
38.44422211105553,1.387485962207962
38.46923461730866,1.396301586745929
38.49424712356178,1.4664399311357907
38.519259629814904,1.5080599887402497
38.54427213606803,1.5707585624665015
38.56928464232116,1.6261037099092455
38.594297148574285,1.617118467915906
38.61930965482741,1.6379565109757064
38.64432216108054,1.7093419135683323
38.669334667333665,1.6764669949932811
38.69434717358679,1.7639681830167373
38.71935967983992,1.7542076479521311
38.744372186093045,1.7339869274411515
38.76938469234617,1.7719315594602396
38.7943971985993,1.8306158591765245
38.819409704852426,1.8714128199825022
38.84442221110555,1.8282503018153797
38.86943471735868,1.9145620562831631
38.894447223611806,1.8898914756656167
38.91945972986493,1.8875165035586976
38.94447223611806,1.8988856305677182
38.969484742371186,1.9168473330494287
38.99449724862431,2.02315979432508
39.01950975487744,2.031685036473309
39.04452226113057,1.9651587312344636
39.06953476738369,1.9756002647558553
39.09454727363682,1.9702716954971056
39.11955977988995,1.9848089582709352
39.144572286143074,2.0349754138954794
39.1695847923962,2.073446204915683
39.19459729864933,2.017648853313137
39.219609804902454,2.0085421701455846
39.24462231115558,2.0950974470611246
39.26963481740871,2.042621904651806
39.29464732366183,2.057732235491203
39.319659829914954,2.09303801423153
39.34467233616808,2.0103111758695857
39.36968484242121,2.055404636866911
39.394697348674335,2.0843747826873114
39.41970985492746,2.033019395021285
39.44472236118059,2.0665977048101305
39.469734867433715,2.0475128969162273
39.49474737368684,2.0141012355181225
39.51975987993997,1.971784488939377
39.544772386193095,2.0046384556674135
39.56978489244622,1.9762832087774724
39.59479739869935,1.9672256309529215
39.619809904952476,1.8904664581730026
39.6448224112056,1.8858791747120474
39.66983491745873,1.8694850673745675
39.694847423711856,1.8240488634866003
39.71985992996498,1.8480097335534968
39.74487243621811,1.809028684408354
39.769884942471236,1.8511306172989999
39.79489744872436,1.7353494027461496
39.81990995497749,1.762908474097855
39.84492246123062,1.687747810705236
39.86993496748374,1.7097839070948853
39.89494747373687,1.6941056336813891
39.91995997999,1.6503675580213564
39.944972486243124,1.6122927754577785
39.96998499249625,1.601099385816608
39.99499749874938,1.5643486732482943
40.020010005002504,1.500372316009655
40.04502251125563,1.5131694536947784
40.07003501750876,1.4239873253642443
40.09504752376188,1.401813852021263
40.120060030015004,1.398514475303025
40.14507253626813,1.3476498107060921
40.17008504252126,1.2871800026257334
40.195097548774385,1.3030342834528017
40.22011005502751,1.1908805520432864
40.24512256128064,1.150692725938089
40.270135067533765,1.0899265496681934
40.29514757378689,1.1137333055271004
40.32016008004002,1.0614697512966487
40.345172586293145,0.9646442687026774
40.37018509254627,0.9906297170440439
40.3951975987994,0.8874042345198399
40.420210105052526,0.8890031574295425
40.44522261130565,0.8444671112750376
40.47023511755878,0.728815191485563
40.495247623811906,0.7572393867036682
40.52026013006503,0.7145401912045796
40.54527263631816,0.63282349053768
40.57028514257129,0.5668044370905212
40.59529764882441,0.5419925718935157
40.62031015507754,0.47089623601613445
40.64532266133067,0.3940197607736398
40.670335167583794,0.3889125508792167
40.69534767383692,0.32800684983019507
40.72036018009005,0.2410463618935638
40.745372686343174,0.19977570013387536
40.7703851925963,0.23074908412167391
40.79539769884943,0.1698127822166549
40.820410205102554,0.043006424809348354
40.84542271135568,0.015038491572145778
40.87043521760881,-0.035904503689424626
40.89544772386193,-0.07288050624597756
40.920460230115054,-0.08462448307911578
40.94547273636818,-0.1988004277428491
40.97048524262131,-0.2172835853336491
40.995497748874435,-0.27567929859046497
41.02051025512756,-0.32298906660970206
41.04552276138069,-0.375615201603335
41.070535267633815,-0.40299143182966557
41.09554777388694,-0.49025360160629927
41.12056028014007,-0.5372803595780945
41.145572786393195,-0.5528864777926118
41.17058529264632,-0.6005484773264868
41.19559779889945,-0.6589778497504176
41.220610305152576,-0.6932384524230782
41.2456228114057,-0.709271076647992
41.27063531765883,-0.806106037628045
41.295647823911956,-0.787019904389147
41.32066033016508,-0.8446790715929979
41.34567283641821,-0.9352041707584228
41.37068534267134,-0.9937036597856418
41.39569784892446,-0.9902510449685332
41.42071035517759,-1.094808982113925
41.44572286143072,-1.1218884190575227
41.470735367683844,-1.1074319682579596
41.49574787393697,-1.141639183854101
41.5207603801901,-1.192337416694296
41.545772886443224,-1.1970978466643143
41.57078539269635,-1.2489861463175627
41.59579789894948,-1.273816322034024
41.620810405202604,-1.3187054672111034
41.64582291145573,-1.3848784371974225
41.67083541770885,-1.4124285028395378
41.69584792396198,-1.4352227754068754
41.720860430215104,-1.5065235981654845
41.74587293646823,-1.5198124105604744
41.77088544272136,-1.586262125470125
41.795897948974485,-1.5576470896042138
41.82091045522761,-1.6347884194665014
41.84592296148074,-1.593388758841839
41.870935467733865,-1.6494163706846927
41.89594797398699,-1.6700498740919882
41.92096048024012,-1.7192787946097705
41.945972986493246,-1.6986412491919787
41.97098549274637,-1.787562928461587
41.9959979989995,-1.7449548311211904
42.021010505252626,-1.8126710868343876
42.04602301150575,-1.7894115998157853
42.07103551775888,-1.8181843839520957
42.096048024012006,-1.8418509471945799
42.12106053026513,-1.8606721241212107
42.14607303651826,-1.8553638553052332
42.17108554277139,-1.8848901463078251
42.19609804902451,-1.8910639160638734
42.22111055527764,-1.9364285524051166
42.24612306153077,-1.9462531203153595
42.271135567783894,-1.9735876830263896
42.29614807403702,-1.9732689533153742
42.32116058029015,-1.9498431726181553
42.346173086543274,-1.9556315446482173
42.3711855927964,-1.9194893171285514
42.39619809904953,-1.9551052375128843
42.421210605302655,-1.927227923861624
42.44622311155578,-1.9068750585135905
42.4712356178089,-1.9587166025216896
42.49624812406203,-1.9126057132947327
42.521260630315155,-1.9590822502267313
42.54627313656828,-1.9032378781106165
42.57128564282141,-1.9307396002195558
42.596298149074535,-1.9141300210759078
42.62131065532766,-1.9391222275950681
42.64632316158079,-1.874459426642658
42.671335667833915,-1.8531444252121299
42.69634817408704,-1.889655130392693
42.72136068034017,-1.81749713779653
42.746373186593296,-1.8066981392894252
42.77138569284642,-1.8713233288971278
42.79639819909955,-1.7728376301647817
42.821410705352676,-1.7856569623715108
42.8464232116058,-1.7690791404812356
42.87143571785893,-1.7600164702176568
42.896448224112056,-1.7186294857968187
42.92146073036518,-1.7373469214620225
42.94647323661831,-1.712682391355672
42.97148574287144,-1.675353328103156
42.99649824912456,-1.6514376458752789
43.02151075537769,-1.6002042880932652
43.04652326163082,-1.5746458114348187
43.071535767883944,-1.495477511067738
43.09654827413707,-1.548098525333264
43.1215607803902,-1.4878398035310025
43.146573286643324,-1.402594795026551
43.17158579289645,-1.4165162722631868
43.19659829914958,-1.3235138153295702
43.221610805402705,-1.377700660885389
43.24662331165583,-1.2788608607664802
43.27163581790895,-1.265235951544464
43.29664832416208,-1.1952895211406322
43.321660830415205,-1.1756982905699795
43.34667333666833,-1.1651074869123108
43.37168584292146,-1.0969921516408474
43.396698349174585,-1.0545841277175763
43.42171085542771,-1.0432957546645816
43.44672336168084,-0.9977351494129595
43.471735867933965,-0.9577632653266025
43.49674837418709,-0.8908981258556652
43.52176088044022,-0.8244180625900948
43.546773386693346,-0.8207094953588784
43.57178589294647,-0.7673727820531355
43.5967983991996,-0.6783858555295393
43.621810905452726,-0.6092405437076747
43.64682341170585,-0.6243968336252425
43.67183591795898,-0.5881010716783919
43.69684842421211,-0.4942491443642791
43.72186093046523,-0.46719886033779723
43.74687343671836,-0.459880525029023
43.77188594297149,-0.41620198942687037
43.796898449224614,-0.30002549442308896
43.82191095547774,-0.23864251113309254
43.84692346173087,-0.2159138869025173
43.871935967983994,-0.16194567997584466
43.89694847423712,-0.16041857298050533
43.92196098049025,-0.07216134628527841
43.946973486743374,0.011348668050889313
43.9719859929965,0.013911524471842351
43.99699849924963,0.1283308551848303
44.022011005502755,0.15322935820807435
44.04702351175588,0.16816512720775847
44.072036018009,0.19138933182289353
44.09704852426213,0.31536838706026826
44.122061030515255,0.33631190689725565
44.14707353676838,0.42268395839514744
44.17208604302151,0.387843312421692
44.197098549274635,0.5200159295400939
44.22211105552776,0.5494572096180602
44.24712356178089,0.5452214132155989
44.272136068034015,0.6503939718852777
44.29714857428714,0.6477792569079213
44.32216108054027,0.7411366661698188
44.347173586793396,0.78301498924088
44.37218609304652,0.8118843232929802
44.39719859929965,0.8541121638220119
44.422211105552776,0.9178944410238227
44.4472236118059,0.9682910006254337
44.47223611805903,0.9736421850836743
44.49724862431216,1.0476116233738444
44.52226113056528,1.0441429914730829
44.54727363681841,1.0751494293275066
44.57228614307154,1.1386595569545706
44.597298649324664,1.2085015898946665
44.62231115557779,1.2049341497715647
44.64732366183092,1.3085226225375564
44.672336168084044,1.278858210632523
44.69734867433717,1.3137799980605878
44.7223611805903,1.3736425309213824
44.747373686843424,1.445200523161203
44.77238619309655,1.4565692312525356
44.79739869934968,1.5025558280295572
44.822411205602805,1.522012800141422
44.847423711855924,1.5641876712307503
44.87243621810905,1.6003357737023356
44.89744872436218,1.6166173444204073
44.922461230615305,1.6428050576748654
44.94747373686843,1.6874010982879235
44.97248624312156,1.6800074670571767
44.997498749374685,1.790583761186527
45.02251125562781,1.7284432429564651
45.04752376188094,1.8137954781502863
45.072536268134066,1.8504021770192713
45.09754877438719,1.8692452105293367
45.12256128064032,1.890576665969832
45.147573786893446,1.9009452740861261
45.17258629314657,1.9006676947033434
45.1975987993997,1.936256099082225
45.222611305652826,1.9658239286339931
45.24762381190595,1.9443129437435913
45.27263631815908,2.011571763135806
45.29764882441221,2.0250440498235807
45.32266133066533,2.00884950744627
45.34767383691846,1.9655778172409852
45.37268634317159,2.018044164058434
45.397698849424714,2.0608186613389092
45.42271135567784,1.991169119683544
45.44772386193097,2.0062396704686543
45.472736368184094,2.035891061241795
45.49774887443722,2.0016065014668203
45.52276138069035,2.008311555334436
45.547773886943475,2.029690669149656
45.5727863931966,2.0684301653982233
45.59779889944973,2.026263366505217
45.622811405702855,2.091856768163592
45.647823911955975,2.052329910698151
45.6728364182091,1.9951100370074648
45.69784892446223,2.064537393182259
45.722861430715355,2.066624107974769
45.74787393696848,2.0141611126106502
45.77288644322161,2.023375446804709
45.797898949474735,1.9664362015027825
45.82291145572786,1.9371023119004458
45.84792396198099,1.917275563060448
45.872936468234116,1.937053482762319
45.89794897448724,1.9752086196933407
45.92296148074037,1.9215989327908718
45.947973986993496,1.8964444219945407
45.97298649324662,1.9193168768571125
45.99799899949975,1.8912491397720401
46.023011505752876,1.8328028598500155
46.048024012006,1.8025639925488446
46.07303651825913,1.818531947304473
46.09804902451226,1.7982703602746606
46.12306153076538,1.7017383537217463
46.14807403701851,1.752604731148653
46.17308654327164,1.6295347572183083
46.198099049524764,1.670235791991704
46.22311155577789,1.6504582402484287
46.24812406203102,1.6323184303996938
46.273136568284144,1.5593780827776413
46.29814907453727,1.4951731516568223
46.3231615807904,1.4979664758593472
46.348174087043525,1.488946739331855
46.37318659329665,1.4637921910515934
46.39819909954978,1.425153708342064
46.423211605802905,1.294869526821359
46.448224112056025,1.2587560161574418
46.47323661830915,1.2265696863301676
46.49824912456228,1.2652998380696254
46.523261630815405,1.2255662738393227
46.54827413706853,1.1766734889957038
46.57328664332166,1.1184936777550982
46.598299149574785,1.0377852398121785
46.62331165582791,1.0577211877494541
46.64832416208104,1.001455266173326
46.673336668334166,0.9622090379804362
46.69834917458729,0.9079067114417783
46.72336168084042,0.8416257053880809
46.748374187093546,0.7703580936938959
46.77338669334667,0.7008729548667276
46.7983991995998,0.6854536653507997
46.823411705852926,0.6475773146423623
46.84842421210605,0.5468774396863147
46.87343671835918,0.5736864239519652
46.89844922461231,0.45841206247950916
46.923461730865434,0.48552532765065826
46.94847423711856,0.4189675557670208
46.97348674337169,0.34864784586939074
46.998499249624814,0.25603341778321387
47.02351175587794,0.22546607242248334
47.04852426213107,0.19483855211136047
47.073536768384194,0.12215119699673221
47.09854927463732,0.1501582434033234
47.12356178089045,0.04409064607184432
47.148574287143575,0.01969133047669208
47.1735867933967,-0.016782022975250374
47.19859929964983,-0.14448781872792174
47.22361180590295,-0.18590443700003628
47.248624312156075,-0.16552959462555583
47.2736368184092,-0.20071653084482213
47.29864932466233,-0.32162402164870557
47.323661830915455,-0.33598119375059987
47.34867433716858,-0.43500720004987325
47.37368684342171,-0.44715114152572155
47.398699349674835,-0.5364743664557841
47.42371185592796,-0.561163508886186
47.44872436218109,-0.5641194618607672
47.473736868434216,-0.6378609600641606
47.49874937468734,-0.7190922386487304
47.52376188094047,-0.7717013264586281
47.548774387193596,-0.7366922321949024
47.57378689344672,-0.8565554436129171
47.59879939969985,-0.8257821870183756
47.62381190595298,-0.9416467987338398
47.6488244122061,-0.9453021419241227
47.67383691845923,-0.9883002124573864
47.69884942471236,-1.0025201191637194
47.723861930965484,-1.0559929867024438
47.74887443721861,-1.1511843607631929
47.77388694347174,-1.1443180263747588
47.798899449724864,-1.1813757060937589
47.82391195597799,-1.28512826929386
47.84892446223112,-1.3201551502864035
47.873936968484244,-1.2980312044360662
47.89894947473737,-1.393862608329923
47.9239619809905,-1.338687868896049
47.948974487243625,-1.388309503125854
47.97398699349675,-1.4503119664557937
47.99899949974988,-1.485236702514715
48.024012006003,-1.5301365700525944
48.049024512256125,-1.559743048641307
48.07403701850925,-1.5949397718538016
48.09904952476238,-1.5657518526472167
48.124062031015505,-1.6196349545246762
48.14907453726863,-1.617464536947852
48.17408704352176,-1.6516820540674282
48.199099549774886,-1.6652746558611606
48.22411205602801,-1.741834820725975
48.24912456228114,-1.7367544333500031
48.274137068534266,-1.7564770047679945
48.29914957478739,-1.8265305393789675
48.32416208104052,-1.8624887651403703
48.349174587293646,-1.8347046124876722
48.37418709354677,-1.8307206190661691
48.3991995997999,-1.8907751490680769
48.42421210605303,-1.854746420844724
48.44922461230615,-1.8738816518550452
48.47423711855928,-1.8622939770289015
48.49924962481241,-1.9605528495691238
48.524262131065534,-1.958170973757666
48.54927463731866,-1.942360394720591
48.57428714357179,-1.9720649258980831
48.599299649824914,-1.9318785451817289
48.62431215607804,-1.904930759396283
48.64932466233117,-1.9762502969270135
48.674337168584294,-1.935848866028341
48.69934967483742,-1.9577021786625686
48.72436218109055,-1.9235745473435288
48.749374687343675,-1.991062784149885
48.7743871935968,-1.9706713893138506
48.79939969984993,-1.960956177862504
48.82441220610305,-1.933775987091039
48.849424712356175,-1.904850386011431
48.8744372186093,-1.9268869629277816
48.89944972486243,-1.8860417388134587
48.924462231115555,-1.9062490002423986
48.94947473736868,-1.9229079547392214
48.97448724362181,-1.909626591587541
48.999499749874936,-1.8508290308606588
49.02451225612806,-1.8103568970936905
49.04952476238119,-1.8048123542955792
49.074537268634316,-1.7618060139033753
49.09954977488744,-1.797727749529176
49.12456228114057,-1.7871121167920467
49.149574787393696,-1.7233337222446363
49.17458729364682,-1.699381642358983
49.19959979989995,-1.7061766744330533
49.22461230615308,-1.638587361072982
49.2496248124062,-1.667442803355693
49.27463731865933,-1.6372684557247774
49.29964982491246,-1.5867999262976011
49.324662331165584,-1.601946985961717
49.34967483741871,-1.5795779037641084
49.37468734367184,-1.4715739367513945
49.399699849924964,-1.4561060438346667
49.42471235617809,-1.4697052721514776
49.44972486243122,-1.441064139331902
49.474737368684345,-1.3933056193641193
49.49974987493747,-1.3029842270450378
49.5247623811906,-1.3336153350356283
49.549774887443725,-1.2912320565347963
49.57478739369685,-1.2419799262298612
49.59979989994998,-1.1882500624163537
49.6248124062031,-1.1762256707603873
49.649824912456225,-1.074281749824769
49.67483741870935,-1.0494789206283284
49.69984992496248,-1.0671807557824406
49.724862431215605,-0.9612211598481676
49.74987493746873,-0.9231323686152968
49.77488744372186,-0.9093200836328366
49.799899949974986,-0.803539397960167
49.82491245622811,-0.8336003527286314
49.84992496248124,-0.7960073149258983
49.874937468734366,-0.6972919175911692
49.89994997498749,-0.7046299768923865
49.92496248124062,-0.63318971704243
49.949974987493746,-0.5728644713526315
49.97498749374687,-0.5628959577739537
50.0,-0.4930812852305496
