x,y
0.0,0.09523790389031517
0.02501250625312656,0.05533706574765865
0.05002501250625312,0.18999848832577554
0.0750375187593797,0.1522919658159743
0.10005002501250625,0.2013708728301462
0.12506253126563283,0.2610076521799641
0.1500750375187594,0.38444198281720854
0.17508754377188596,0.4312035078403949
0.2001000500250125,0.42437054910458566
0.22511255627813906,0.46848983353484025
0.25012506253126565,0.5771741442619751
0.2751375687843922,0.6364866565483392
0.3001500750375188,0.5949288348047495
0.32516258129064535,0.7351586418780013
0.3501750875437719,0.722816983849165
0.3751875937968984,0.8247967175987336
0.400200100050025,0.8732452073199968
0.42521260630315155,0.8408666767063311
0.4502251125562781,0.8753068637508196
0.4752376188094047,0.969668247233443
0.5002501250625313,0.9763572888040857
0.5252626313156579,1.0797757128979224
0.5502751375687844,1.0512325017175457
0.575287643821911,1.1784453280035143
0.6003001500750376,1.1816802688067
0.6253126563281641,1.2687665882133103
0.6503251625812907,1.2332520808565937
0.6753376688344173,1.2749743352651524
0.7003501750875438,1.318410495417648
0.7253626813406704,1.412042736042313
0.7503751875937968,1.4014513202869368
0.7753876938469234,1.4102544078439345
0.80040020010005,1.4746805399525182
0.8254127063531765,1.5602352922566114
0.8504252126063031,1.525633630415199
0.8754377188594297,1.548444705243401
0.9004502251125562,1.6177521720746366
0.9254627313656828,1.6624836312301623
0.9504752376188094,1.6880311878707788
0.9754877438719359,1.7199457061768966
1.0005002501250626,1.7447150261457192
1.0255127563781892,1.7300540569222345
1.0505252626313157,1.7959921301484807
1.0755377688844423,1.8568235512613982
1.1005502751375689,1.8187881107029626
1.1255627813906954,1.8983765820103802
1.150575287643822,1.8400793882600774
1.1755877938969486,1.9395778966968233
1.2006003001500751,1.905476149218282
1.2256128064032017,1.955913121686856
1.2506253126563283,1.992134920508028
1.2756378189094548,1.9476759225110476
1.3006503251625814,1.984535873274817
1.325662831415708,1.9487546253450285
1.3506753376688345,2.0205194548316108
1.375687843921961,1.988202175256331
1.4007003501750876,2.0457661557530247
1.4257128564282142,2.068345979020525
1.4507253626813408,2.0038796201330586
1.4757378689344671,2.0170776731466726
1.5007503751875937,2.0373639172204543
1.5257628814407203,2.069302802450482
1.5507753876938468,2.0739432860590457
1.5757878939469734,2.01697712044444
1.6008004002001,2.000101818540123
1.6258129064532265,2.033236144309494
1.650825412706353,2.087467785976859
1.6758379189594796,2.0040035001502194
1.7008504252126062,1.9922921059335685
1.7258629314657328,1.987431522543459
1.7508754377188593,1.9852309942737607
1.775887943971986,1.9988910233574249
1.8009004502251125,2.002115319789718
1.825912956478239,2.010493514860725
1.8509254627313656,1.9845526378266147
1.8759379689844922,1.969551668544689
1.9009504752376187,1.9286530911854303
1.9259629814907453,1.9355991381386386
1.9509754877438719,1.9447999045947397
1.9759879939969984,1.861200859733168
2.001000500250125,1.8808006431591466
2.0260130065032516,1.8156701942956255
2.0510255127563783,1.8325219739218683
2.0760380190095047,1.834699896904897
2.1010505252626315,1.796639805959224
2.126063031515758,1.790979383189331
2.1510755377688846,1.7687883605117003
2.176088044022011,1.7225726323436312
2.2011005502751377,1.629593730011347
2.226113056528264,1.5939778035165353
2.251125562781391,1.608558571699978
2.276138069034517,1.5952857185693532
2.301150575287644,1.509304693976521
2.3261630815407703,1.470636077345366
2.351175587793897,1.4573485239127628
2.3761880940470235,1.4309271119514773
2.4012006003001503,1.3499149895457576
2.4262131065532766,1.340516392840445
2.4512256128064034,1.2929367415645026
2.4762381190595297,1.244837112280002
2.5012506253126565,1.2627617762740493
2.526263131565783,1.1786941005711917
2.5512756378189096,1.1554436262625793
2.576288144072036,1.07247578525158
2.6013006503251628,1.0741188799110617
2.626313156578289,1.0188932119274952
2.651325662831416,0.9592747424014936
2.6763381690845423,0.9173848220141068
2.701350675337669,0.9273597992880037
2.7263631815907954,0.8366520265658038
2.751375687843922,0.8175629273084041
2.7763881940970485,0.7841725644488161
2.8014007003501753,0.7612283082437244
2.8264132066033016,0.6282166531695521
2.8514257128564284,0.6538280250927166
2.8764382191095548,0.5374462730732631
2.9014507253626816,0.5120484379463218
2.926463231615808,0.48844703596243383
2.9514757378689342,0.4031065030397789
2.976488244122061,0.4020744736830701
3.0015007503751874,0.3479678319957315
3.026513256628314,0.3096831858183821
3.0515257628814405,0.2659562345485562
3.0765382691345673,0.17719223051638655
3.1015507753876936,0.10413954561694662
3.1265632816408204,0.11187771007525814
3.1515757878939468,-0.002976484068234274
3.1765882941470736,-0.05669660324968155
3.2016008004002,-0.056164119666400225
3.2266133066533267,-0.15862909421400367
3.251625812906453,-0.12019528047416811
3.27663831915958,-0.1870717737515671
3.301650825412706,-0.29790049605348856
3.326663331665833,-0.31935484339583475
3.3516758379189593,-0.3488947844473721
3.376688344172086,-0.38882987097667204
3.4017008504252124,-0.45773500246693044
3.426713356678339,-0.4936304782576024
3.4517258629314655,-0.5607191099225853
3.4767383691845923,-0.6280549838690634
3.5017508754377187,-0.6643514203390644
3.5267633816908455,-0.6913315253589363
3.551775887943972,-0.7508327329357687
3.5767883941970986,-0.8055801887301249
3.601800900450225,-0.874471947569465
3.6268134067033517,-0.8763236389875354
3.651825912956478,-0.8790001357547459
3.676838419209605,-0.9765947846039111
3.701850925462731,-0.980083167691153
3.726863431715858,-1.0803386082935813
3.7518759379689843,-1.0964450918745616
3.776888444222111,-1.1842874399527825
3.8019009504752375,-1.1792239500942432
3.8269134567283642,-1.239806615440675
3.8519259629814906,-1.2568808010955161
3.8769384692346174,-1.340384669737508
3.9019509754877437,-1.3655741212159223
3.9269634817408705,-1.3204905102007884
3.951975987993997,-1.4381200462940082
3.9769884942471236,-1.3957566000923907
4.00200100050025,-1.4468866803654021
4.027013506753376,-1.4833742779538461
4.052026013006503,-1.5214798680279953
4.07703851925963,-1.5288924541913163
4.102051025512757,-1.5429884247658894
4.127063531765883,-1.6194708351578762
4.152076038019009,-1.64397595754337
4.177088544272136,-1.647121921846771
4.202101050525263,-1.7398234897747817
4.227113556778389,-1.7252116379019227
4.252126063031516,-1.724460404388435
4.277138569284642,-1.7699537507909195
4.302151075537769,-1.8147212989894526
4.327163581790895,-1.762357653517589
4.352176088044022,-1.8474125052431078
4.377188594297149,-1.867975818095813
4.4022011005502755,-1.8306128801782657
4.427213606803401,-1.8406386320725276
4.452226113056528,-1.9097717754792034
4.477238619309655,-1.8866611097969832
4.502251125562782,-1.878140883963585
4.527263631815908,-1.8918273821302036
4.552276138069034,-1.971227900113877
4.577288644322161,-1.952932463808498
4.602301150575288,-1.9182963870963867
4.627313656828414,-1.978002910362481
4.652326163081541,-1.9115177066224724
4.6773386693346675,-1.9621279833262537
4.702351175587794,-1.9505193972217556
4.72736368184092,-1.9121008789190044
4.752376188094047,-1.9620491096666153
4.777388694347174,-1.919542337192257
4.8024012006003005,-1.936392765734945
4.827413706853426,-1.9803861829154716
4.852426213106553,-1.9438576411350763
4.87743871935968,-1.9439387800485874
4.902451225612807,-1.8854823679331374
4.927463731865933,-1.9131443018223102
4.9524762381190595,-1.9174088420381181
4.977488744372186,-1.8468659115618131
5.002501250625313,-1.8312474958801803
5.027513756878439,-1.816886154396794
5.052526263131566,-1.8147888077938121
5.0775387693846925,-1.8628479252659709
5.102551275637819,-1.776328742445589
5.127563781890945,-1.7350120717990907
5.152576288144072,-1.797927567506207
5.177588794397199,-1.7479966242357357
5.2026013006503256,-1.7308836743053468
5.2276138069034515,-1.7080442474114101
5.252626313156578,-1.6441487236650223
5.277638819409705,-1.6491920238781204
5.302651325662832,-1.603763454189497
5.327663831915958,-1.622667880189039
5.3526763381690845,-1.5784882869897798
5.377688844422211,-1.50934935125098
5.402701350675338,-1.4782282817901689
5.427713856928464,-1.4655495803652454
5.452726363181591,-1.4567275242747297
5.4777388694347176,-1.3721955544237003
5.502751375687844,-1.3125473177294695
5.52776388194097,-1.3519177767494321
5.552776388194097,-1.3190621613909215
5.577788894447224,-1.289591614695611
5.602801400700351,-1.2578667553575371
5.6278139069534765,-1.1929686765830454
5.652826413206603,-1.1507834118102498
5.67783891945973,-1.0645880412158042
5.702851425712857,-1.096342468771059
5.727863931965983,-0.9563623358249078
5.7528764382191095,-0.9911192139581444
5.777888944472236,-0.9479286070541293
5.802901450725363,-0.9099785373513065
5.827913956978489,-0.7903630448276411
5.852926463231616,-0.7952896611962279
5.877938969484743,-0.7350087652015642
5.9029514757378685,-0.7392175992782993
5.927963981990995,-0.6088773152371296
5.952976488244122,-0.5643938715244139
5.977988994497249,-0.5925066043703155
6.003001500750375,-0.541581522360439
6.0280140070035015,-0.45522567295333555
6.053026513256628,-0.41302919536429916
6.078039019509755,-0.3618758685496532
6.103051525762881,-0.26506802544070196
6.128064032016008,-0.28256305281865307
6.153076538269135,-0.21520754364974343
6.178089044522261,-0.15268744909088372
6.203101550775387,-0.13429271530379766
6.228114057028514,-0.08501694125385373
6.253126563281641,0.023989893513273394
6.278139069534768,0.048729161612900834
6.3031515757878935,0.04000440610885719
6.32816408204102,0.1344656516021318
6.353176588294147,0.18332680596238443
6.378189094547274,0.2529588453987651
6.4032016008004,0.28097990690334124
6.428214107053527,0.3494449025493685
6.453226613306653,0.36042731399339356
6.47823911955978,0.4596045713962893
6.503251625812906,0.5295264388004663
6.528264132066033,0.5319408980157133
6.55327663831916,0.6334315907016227
6.578289144572286,0.6714440233363044
6.603301650825412,0.6691862111817928
6.628314157078539,0.692888435268253
6.653326663331666,0.7254152508909415
6.678339169584793,0.8080981529466165
6.703351675837919,0.8919965585954701
6.728364182091045,0.9051384290840764
6.753376688344172,0.9727399223848925
6.778389194597299,1.0316984267055969
6.803401700850425,1.0486195732690426
6.828414207103552,1.0673267359742438
6.853426713356678,1.0986832549866112
6.878439219609805,1.1779441073194707
6.903451725862931,1.2066862600810084
6.928464232116058,1.2149504631628312
6.953476738369185,1.335268667242373
6.9784892446223115,1.3651092924873227
7.003501750875437,1.3876188698695038
7.028514257128564,1.376074429800421
7.053526763381691,1.4625097603769643
7.078539269634818,1.456391949936639
7.103551775887944,1.4793842322900483
7.12856428214107,1.5920917396490895
7.153576788394197,1.5677322882800713
7.178589294647324,1.5611788834798883
7.20360180090045,1.6156703562784211
7.228614307153577,1.6674010797346892
7.2536268134067035,1.6683570692907874
7.27863931965983,1.7458328398197243
7.303651825912956,1.7282319375125443
7.328664332166083,1.7847781369763063
7.35367683841921,1.8107679778225152
7.3786893446723365,1.846038072836967
7.403701850925462,1.8970267237118914
7.428714357178589,1.8682530896840353
7.453726863431716,1.911169658049292
7.478739369684843,1.8999344116824708
7.503751875937969,1.9069507588091223
7.5287643821910955,1.9422280868663035
7.553776888444222,1.9271592507838298
7.578789394697349,1.9551093044178605
7.603801900950475,1.954036334005661
7.628814407203602,2.013954278386685
7.6538269134567285,2.0160822706919497
7.678839419709855,1.9736187746503495
7.703851925962981,2.024892005829452
7.728864432216108,2.070155678289012
7.753876938469235,2.0726339457194367
7.7788894447223615,2.0839468536948162
7.8039019509754874,2.089060300722661
7.828914457228614,2.084583554374609
7.853926963481741,2.040346902786636
7.878939469734868,2.0788557875995557
7.903951975987994,2.0192338994054095
7.9289644822411205,2.061687255750704
7.953976988494247,2.0868395673080804
7.978989494747374,2.037788416235224
8.0040020010005,2.048626413313662
8.029014507253628,2.0069957180555047
8.054027013506753,2.050692558371621
8.07903951975988,1.9948736083225511
8.104052026013006,1.9561333434252313
8.129064532266133,1.9487353394635452
8.15407703851926,1.9331283102446106
8.179089544772387,1.96595423528477
8.204102051025513,1.9015356796176583
8.22911455727864,1.8618397190552884
8.254127063531765,1.9290316957944942
8.279139569784892,1.8736690465263854
8.304152076038019,1.8037878808990717
8.329164582291146,1.862444968335449
8.354177088544272,1.8073327826733179
8.379189594797399,1.7438065376460123
8.404202101050526,1.7656065895256368
8.429214607303653,1.7315332767366933
8.454227113556778,1.662795350342996
8.479239619809904,1.6456982228567532
8.504252126063031,1.6030083958638444
8.529264632316158,1.6428803739709026
8.554277138569285,1.5776350185738786
8.579289644822412,1.5953875014033194
8.604302151075538,1.5430871870395086
8.629314657328665,1.4588511984571697
8.65432716358179,1.4881580151327678
8.679339669834917,1.3595623571790945
8.704352176088044,1.3850996713846424
8.72936468234117,1.294998300145425
8.754377188594297,1.291681453316242
8.779389694847424,1.2512606033408318
8.804402201100551,1.1820062431988936
8.829414707353676,1.1508384771955547
8.854427213606803,1.1511151959201515
8.87943971985993,1.1312959501410906
8.904452226113056,1.0818314996255278
8.929464732366183,1.0148249589604292
8.95447723861931,0.9175518705006916
8.979489744872437,0.866541368050123
9.004502251125563,0.8454709152743306
9.029514757378688,0.8583542917373426
9.054527263631815,0.8104849536391832
9.079539769884942,0.7716919916242531
9.104552276138069,0.6524367390685507
9.129564782391196,0.5917829595970985
9.154577288644322,0.5492507424575026
9.17958979489745,0.5471587385979219
9.204602301150576,0.462680375221316
9.229614807403701,0.47391972510081753
9.254627313656828,0.4203432781666682
9.279639819909955,0.35060294902934647
9.304652326163081,0.3375045664432401
9.329664832416208,0.27254661864203866
9.354677338669335,0.19509328303739976
9.379689844922462,0.1182004961388254
9.404702351175589,0.07451635325647923
9.429714857428714,0.02899041114076112
9.45472736368184,0.013478836288723907
9.479739869934967,-0.0961100231388824
9.504752376188094,-0.1394421220298171
9.52976488244122,-0.18063843492263237
9.554777388694347,-0.2183167325157623
9.579789894947474,-0.24291963451164414
9.604802401200601,-0.30331541164477094
9.629814907453726,-0.34055999947859444
9.654827413706853,-0.3642702207150066
9.67983991995998,-0.47422204652744815
9.704852426213106,-0.4558555268274442
9.729864932466233,-0.5973352665710167
9.75487743871936,-0.6464934240051566
9.779889944972487,-0.643161847302471
9.804902451225614,-0.7260131673486988
9.829914957478739,-0.7626386165578023
9.854927463731865,-0.825746873458531
9.879939969984992,-0.8333824973037274
9.904952476238119,-0.8433833772855737
9.929964982491246,-0.8791903607953877
9.954977488744372,-1.0005411915223132
9.9799899949975,-0.9839369014346424
10.005002501250626,-1.055438981692958
10.030015007503751,-1.092273602801706
10.055027513756878,-1.1262405854625022
10.080040020010005,-1.1921428784489472
10.105052526263131,-1.2168470444477222
10.130065032516258,-1.2120670009053658
10.155077538769385,-1.275829492874947
10.180090045022512,-1.3416532625715452
10.205102551275639,-1.3755864331897412
10.230115057528764,-1.3788176982422562
10.25512756378189,-1.3811860682399186
10.280140070035017,-1.4460070243262806
10.305152576288144,-1.5197091574894923
10.33016508254127,-1.5160059744819483
10.355177588794398,-1.5577618889689429
10.380190095047524,-1.6244483556711766
10.405202601300651,-1.582501744634954
10.430215107553776,-1.5894656549764679
10.455227613806903,-1.620260061345407
10.48024012006003,-1.6858747047202458
10.505252626313156,-1.6862562897066202
10.530265132566283,-1.7623806687009476
10.55527763881941,-1.7766587154618432
10.580290145072537,-1.7393537823715777
10.605302651325664,-1.7617494762290784
10.630315157578789,-1.8666176408056803
10.655327663831915,-1.8022356080014386
10.680340170085042,-1.8779029248175643
10.705352676338169,-1.8952602123648812
10.730365182591296,-1.8964005303224991
10.755377688844423,-1.9271888772905676
10.78039019509755,-1.8977401744180342
10.805402701350676,-1.88447485571342
10.830415207603801,-1.8819420109978853
10.855427713856928,-1.937220517450418
10.880440220110055,-1.9567297571652456
10.905452726363182,-1.9051962961795648
10.930465232616308,-1.993977898605091
10.955477738869435,-1.9805549813950556
10.980490245122562,-1.9550542245659936
11.005502751375689,-1.9294773704274317
11.030515257628814,-1.91518062593268
11.05552776388194,-1.9563812217259495
11.080540270135067,-1.9861493233832141
11.105552776388194,-1.9654111451401146
11.13056528264132,-1.914765763924362
11.155577788894448,-1.8789146911135357
11.180590295147574,-1.9036059571247637
11.205602801400701,-1.8957306273785628
11.230615307653826,-1.9309150032891393
11.255627813906953,-1.9077039557867101
11.28064032016008,-1.8666048096251
11.305652826413207,-1.899739958120539
11.330665332666333,-1.8778445821231655
11.35567783891946,-1.8529351122355624
11.380690345172587,-1.8090961359644804
11.405702851425714,-1.7822401069087168
11.430715357678839,-1.7466538142701404
11.455727863931966,-1.7766876374702125
11.480740370185092,-1.7626228568636488
11.505752876438219,-1.7091107204646103
11.530765382691346,-1.6809609810170596
11.555777888944473,-1.605301034263845
11.5807903951976,-1.6299690952121106
11.605802901450726,-1.6255061560271358
11.630815407703851,-1.531849747937432
11.655827913956978,-1.4948784342324202
11.680840420210105,-1.4610375479806423
11.705852926463232,-1.4728408187516417
11.730865432716358,-1.433046741978455
11.755877938969485,-1.3849151211276844
11.780890445222612,-1.3272823064360457
11.805902951475737,-1.3288604688609098
11.830915457728864,-1.2744499574389916
11.85592796398199,-1.2497579958743643
11.880940470235117,-1.2091387887785316
11.905952976488244,-1.1770439747404375
11.930965482741371,-1.1049610447162554
11.955977988994498,-1.1412180936355012
11.980990495247624,-1.0324993188006355
12.00600300150075,-0.9641285685008629
12.031015507753876,-0.9936635836702663
12.056028014007003,-0.9485480652375962
12.08104052026013,-0.8721077735817592
12.106053026513257,-0.882736979879753
12.131065532766383,-0.7679719452735225
12.15607803901951,-0.7093436839819728
12.181090545272637,-0.6761953694575363
12.206103051525762,-0.6156837136484719
12.231115557778889,-0.655439488040513
12.256128064032016,-0.5954880938530259
12.281140570285142,-0.5281630918047304
12.30615307653827,-0.41564463422872794
12.331165582791396,-0.4575940999781412
12.356178089044523,-0.4009924805018743
12.38119059529765,-0.284505078082283
12.406203101550775,-0.28355451373519325
12.431215607803901,-0.2628111304346187
12.456228114057028,-0.1381463075913455
12.481240620310155,-0.1278541597993754
12.506253126563282,-0.02187966436600855
12.531265632816408,-0.028224555315105683
12.556278139069535,0.07645229488400035
12.581290645322662,0.12972557259505543
12.606303151575787,0.16554761982257699
12.631315657828914,0.16753940430337572
12.65632816408204,0.23958019608389153
12.681340670335167,0.32868034151474423
12.706353176588294,0.3474284028438826
12.731365682841421,0.3907087702821814
12.756378189094548,0.4376037716320648
12.781390695347675,0.4716042983884764
12.8064032016008,0.5225940688633138
12.831415707853926,0.5756309686722942
12.856428214107053,0.641640415468684
12.88144072036018,0.7165253239814575
12.906453226613307,0.7491607153972285
12.931465732866434,0.7679954870237644
12.95647823911956,0.8090179471153957
12.981490745372687,0.8149862505319082
13.006503251625812,0.8876837442313602
13.031515757878939,0.9213218953746877
13.056528264132066,0.9432994653837569
13.081540770385192,0.9981647548908376
13.10655327663832,1.1043015742024844
13.131565782891446,1.10800156060344
13.156578289144573,1.1668014140997487
13.1815907953977,1.1661612431930037
13.206603301650825,1.226618064755232
13.231615807903951,1.297952315015326
13.256628314157078,1.3717076698461896
13.281640820410205,1.384438425702373
13.306653326663332,1.3799382084166572
13.331665832916459,1.4185335472924077
13.356678339169585,1.5053841071933296
13.381690845422712,1.4928439003659835
13.406703351675837,1.5564421629679268
13.431715857928964,1.546706278640886
13.45672836418209,1.6214344760087724
13.481740870435218,1.59489969557535
13.506753376688344,1.6531399577084092
13.531765882941471,1.6745368431053322
13.556778389194598,1.684300842000161
13.581790895447725,1.7593266639132288
13.60680340170085,1.7659615152452675
13.631815907953976,1.7978834569763424
13.656828414207103,1.8570900081595012
13.68184092046023,1.878904813364607
13.706853426713357,1.8360267813464417
13.731865932966484,1.9005707082549024
13.75687843921961,1.9036641362896214
13.781890945472737,1.9114047835627932
13.806903451725862,1.9317206440361596
13.831915957978989,1.9332733953634134
13.856928464232116,2.017619990706809
13.881940970485243,1.9516240853124314
13.90695347673837,2.023463287072761
13.931965982991496,1.9802387942105704
13.956978489244623,1.9898888178972804
13.98199099549775,1.9925032649498022
14.007003501750875,2.0816258134745698
14.032016008004002,2.001519993311948
14.057028514257128,2.0190232923990545
14.082041020510255,2.0517682146365877
14.107053526763382,2.092660748831666
14.132066033016509,2.090817247680079
14.157078539269635,2.0666335980947466
14.182091045522762,2.050888054093221
14.207103551775887,2.0171524473884967
14.232116058029014,2.033789276326505
14.25712856428214,2.0040357891706155
14.282141070535268,1.9880060507838144
14.307153576788394,2.043526732701741
14.332166083041521,2.0416634963692104
14.357178589294648,2.0202889874960523
14.382191095547775,1.9565300855665329
14.4072036018009,1.9492314755753042
14.432216108054027,1.948390710424841
14.457228614307153,1.9976527740488308
14.48224112056028,1.9032216577693477
14.507253626813407,1.9165583302862175
14.532266133066534,1.8962345450733156
14.55727863931966,1.8674354303140106
14.582291145572787,1.8681591241336557
14.607303651825912,1.8149037502608107
14.632316158079039,1.7862142362862834
14.657328664332166,1.7593166304768262
14.682341170585293,1.7250938876423871
14.70735367683842,1.7663761309056778
14.732366183091546,1.6959487657770878
14.757378689344673,1.7086794278827397
14.782391195597798,1.6408699315259418
14.807403701850925,1.6197732030312577
14.832416208104052,1.5977483310112224
14.857428714357178,1.51221049723563
14.882441220610305,1.525652442283936
14.907453726863432,1.4766547473662783
14.932466233116559,1.4271940694725909
14.957478739369686,1.445871659470585
14.98249124562281,1.4243646766322586
15.007503751875937,1.3288112578087252
15.032516258129064,1.2853746529289218
15.057528764382191,1.302414586546214
15.082541270635318,1.2506778719431013
15.107553776888444,1.1899660193965191
15.132566283141571,1.1538130949950114
15.157578789394698,1.0576020742080543
15.182591295647823,1.075758213043419
15.20760380190095,1.0337700812801998
15.232616308154077,0.9272719419760489
15.257628814407203,0.9104661795289777
15.28264132066033,0.9038104610821948
15.307653826913457,0.8295173729492633
15.332666333166584,0.7999000125753276
15.35767883941971,0.7674639109851374
15.382691345672836,0.6932083223399012
15.407703851925962,0.6171276931352788
15.43271635817909,0.5801708185573136
15.457728864432216,0.5356032751308394
15.482741370685343,0.5112277041333559
15.50775387693847,0.4402554973092814
15.532766383191596,0.36587322992151655
15.557778889444723,0.313954721868317
15.582791395697848,0.30353362484402746
15.607803901950975,0.21628111284567728
15.632816408204102,0.16206582789335996
15.657828914457228,0.10072543740966045
15.682841420710355,0.10166810060087383
15.707853926963482,0.09861352545808769
15.732866433216609,-0.04152107623701849
15.757878939469736,-0.07907690125180467
15.78289144572286,-0.12339019885033453
15.807903951975987,-0.18185099321776318
15.832916458229114,-0.18610218606155687
15.857928964482241,-0.2856498815775657
15.882941470735368,-0.31031180332542185
15.907953976988495,-0.30964999973334095
15.932966483241621,-0.3661299096391074
15.957978989494748,-0.4002273268699088
15.982991495747873,-0.4919668587036773
16.008004002001,-0.49781214862757295
16.03301650825413,-0.5451490680486787
16.058029014507255,-0.5973687546693587
16.08304152076038,-0.711842307292178
16.108054027013505,-0.765628563323696
16.133066533266632,-0.7384508858861546
16.15807903951976,-0.8233400520635432
16.183091545772886,-0.8212847662033633
16.208104052026012,-0.9068081432035263
16.23311655827914,-0.930456639282228
16.258129064532266,-1.0435173028421996
16.283141570785393,-1.0494141404932418
16.30815407703852,-1.074034879050486
16.333166583291646,-1.127283903394709
16.358179089544773,-1.1742983374972602
16.3831915957979,-1.1994692130800535
16.408204102051027,-1.2485022664600145
16.433216608304154,-1.2281143572063573
16.45822911455728,-1.2723535340745629
16.483241620810404,-1.3077614576199061
16.50825412706353,-1.3667563820599942
16.533266633316657,-1.4098796491323833
16.558279139569784,-1.4042853935188846
16.58329164582291,-1.4377719350861735
16.608304152076037,-1.5258022357680365
16.633316658329164,-1.588348679841708
16.65832916458229,-1.6017029932285158
16.683341670835418,-1.6253605210864428
16.708354177088545,-1.6294944052411313
16.73336668334167,-1.6327719435211046
16.758379189594798,-1.6956716260524487
16.783391695847925,-1.741100759866906
16.808404202101052,-1.7223103656330563
16.83341670835418,-1.7942518792427584
16.858429214607305,-1.7505184025154825
16.88344172086043,-1.7900413571294238
16.908454227113555,-1.8320458398354666
16.933466733366682,-1.8619951296617983
16.95847923961981,-1.8789725703015772
16.983491745872936,-1.8643279731622804
17.008504252126063,-1.9258776754718194
17.03351675837919,-1.9340377127659514
17.058529264632316,-1.92689921120021
17.083541770885443,-1.8846783421564361
17.10855427713857,-1.965555352790043
17.133566783391696,-1.9267950124270012
17.158579289644823,-1.9607310616013358
17.18359179589795,-1.9123946626552484
17.208604302151077,-1.9578662470487656
17.233616808404204,-1.9415806086543868
17.25862931465733,-1.9641124998623736
17.283641820910454,-1.9752242229610957
17.30865432716358,-1.9936807063945725
17.333666833416707,-1.9703376130699257
17.358679339669834,-1.9207891894912874
17.38369184592296,-1.9055968573000452
17.408704352176088,-1.9637285565395417
17.433716858429214,-1.9269240899548699
17.45872936468234,-1.8679594853431234
17.483741870935468,-1.9384456185815844
17.508754377188595,-1.8971249212072285
17.53376688344172,-1.9007821313150244
17.55877938969485,-1.8870841810658379
17.583791895947975,-1.878064838327057
17.608804402201102,-1.8077095768713067
17.63381690845423,-1.8452207962695113
17.658829414707352,-1.8224925574529593
17.68384192096048,-1.7877914855878005
17.708854427213605,-1.8129070300685879
17.733866933466732,-1.7074609749734573
17.75887943971986,-1.723552458388221
17.783891945972986,-1.6993169190341735
17.808904452226113,-1.6641131611629167
17.83391695847924,-1.6405967388388967
17.858929464732366,-1.6105011491732193
17.883941970985493,-1.6363598302605509
17.90895447723862,-1.5429019788977534
17.933966983491747,-1.5615298022257815
17.958979489744873,-1.5383574139507346
17.983991995998,-1.4393919038034535
18.009004502251127,-1.4131828970962454
18.034017008504254,-1.3584712731306896
18.059029514757377,-1.410572509563178
18.084042021010504,-1.3807765095157003
18.10905452726363,-1.3155835516819365
18.134067033516757,-1.3003399554057846
18.159079539769884,-1.2529028843581327
18.18409204602301,-1.2115983295505313
18.209104552276138,-1.10740990941611
18.234117058529264,-1.0976403130008225
18.25912956478239,-1.017551142565567
18.284142071035518,-1.0611103291113693
18.309154577288645,-1.026718407394322
18.33416708354177,-0.9614300359050443
18.3591795897949,-0.8959853880849877
18.384192096048025,-0.8450493270533452
18.409204602301152,-0.7689602739993686
18.43421710855428,-0.7171684965065888
18.459229614807402,-0.7438452258476157
18.48424212106053,-0.6304353363501713
18.509254627313656,-0.6300653037021314
18.534267133566782,-0.5401699981510887
18.55927963981991,-0.5283248158284883
18.584292146073036,-0.503783909432767
18.609304652326163,-0.41992152827362256
18.63431715857929,-0.4081278403038713
18.659329664832416,-0.3291105072726309
18.684342171085543,-0.3077826259706676
18.70935467733867,-0.20858041379261263
18.734367183591797,-0.2125963772765229
18.759379689844923,-0.17772903120118808
18.78439219609805,-0.03051309770564939
18.809404702351177,-0.05980279266624661
18.834417208604304,0.05938749328067863
18.859429714857427,0.04715828180793122
18.884442221110554,0.15895898807403577
18.90945472736368,0.14937018604528757
18.934467233616807,0.2534565061873499
18.959479739869934,0.22210266022192854
18.98449224612306,0.3400192669796187
19.009504752376188,0.3842184458012348
19.034517258629315,0.43989244074768796
19.05952976488244,0.47066731605144185
19.084542271135568,0.46950108453084594
19.109554777388695,0.5438816314013464
19.13456728364182,0.6076411742783009
19.15957978989495,0.7099818898994443
19.184592296148075,0.70393509769063
19.209604802401202,0.7239179390582672
19.23461730865433,0.7997538133985448
19.259629814907452,0.8037090005790373
19.28464232116058,0.8873668059490021
19.309654827413706,0.926433667449527
19.334667333666832,0.9953283280397238
19.35967983991996,1.022050281545015
19.384692346173086,1.0637352316684057
19.409704852426213,1.0949563794990536
19.43471735867934,1.1336789785001604
19.459729864932466,1.2077246114008702
19.484742371185593,1.2642365893109346
19.50975487743872,1.2855511296573514
19.534767383691847,1.3281070948818656
19.559779889944974,1.3401496889125886
19.5847923961981,1.3759298590267326
19.609804902451227,1.45882666315886
19.634817408704354,1.4746849241755846
19.659829914957477,1.4979921971312091
19.684842421210604,1.5642273877505721
19.70985492746373,1.5959949201747514
19.734867433716857,1.586817379481868
19.759879939969984,1.6536173045834572
19.78489244622311,1.6782729697459848
19.809904952476238,1.6869918951401786
19.834917458729365,1.7399323147954855
19.85992996498249,1.7495478319134443
19.884942471235618,1.7425831628744712
19.909954977488745,1.8429307135697215
19.93496748374187,1.8474702376501535
19.959979989995,1.8783577087434304
19.984992496248125,1.8866833268074448
20.010005002501252,1.8618920815669855
20.03501750875438,1.9172974453279377
20.060030015007502,1.9383296491164173
20.08504252126063,1.928192201512278
20.110055027513756,1.90949178671171
20.135067533766883,1.991664964308502
20.16008004002001,1.9683960095338604
20.185092546273136,2.031604839787202
20.210105052526263,2.0037779834137908
20.23511755877939,2.045554446994441
20.260130065032516,2.047151148141381
20.285142571285643,2.0410600702727377
20.31015507753877,2.0756270067430025
20.335167583791897,2.086791666638682
20.360180090045024,2.035541078403001
20.38519259629815,2.0619430439358264
20.410205102551277,2.0830869135417296
20.435217608804404,2.0251229653032263
20.460230115057527,2.0143648004108594
20.485242621310654,2.0451065404461097
20.51025512756378,2.0520733030594656
20.535267633816908,2.0777412737449406
20.560280140070034,2.0487908698578425
20.58529264632316,2.0368806137027615
20.610305152576288,2.039122836297325
20.635317658829415,2.010373198976295
20.66033016508254,2.019245391866063
20.68534267133567,1.952778460524205
20.710355177588795,1.9381309974904832
20.735367683841922,1.9661596709128832
20.76038019009505,1.9472574500912028
20.785392696348175,1.9304520598081603
20.810405202601302,1.9344817862120027
20.835417708854425,1.8778119935465942
20.860430215107552,1.9040137195497318
20.88544272136068,1.8796462344318203
20.910455227613806,1.8346419822194786
20.935467733866933,1.7494816607315278
20.96048024012006,1.8012560175735945
20.985492746373186,1.7521215517170736
21.010505252626313,1.7007416021016393
21.03551775887944,1.7285429912471584
21.060530265132567,1.653025061518233
21.085542771385693,1.6719629947805628
21.11055527763882,1.5813282465071232
21.135567783891947,1.554041782496495
21.160580290145074,1.5604249985249086
21.1855927963982,1.5297608757553525
21.210605302651327,1.45864384532045
21.23561780890445,1.4615968217803206
21.260630315157577,1.3742957766087478
21.285642821410704,1.3530751600461706
21.31065532766383,1.3463181725009894
21.335667833916958,1.231033371575164
21.360680340170084,1.2140472473417518
21.38569284642321,1.1910600574577472
21.410705352676338,1.1018396351570308
21.435717858929465,1.0863975698660842
21.46073036518259,1.101389070373958
21.48574287143572,1.063432892660215
21.510755377688845,0.9458381475236456
21.535767883941972,0.8818722190356785
21.5607803901951,0.8851211842825919
21.585792896448226,0.803859633436879
21.610805402701352,0.8240874253207696
21.635817908954476,0.7372547911202975
21.660830415207602,0.7336281986253513
21.68584292146073,0.6491941565480742
21.710855427713856,0.6397274475730215
21.735867933966983,0.5335148375316876
21.76088044022011,0.5089255985549102
21.785892946473236,0.4343281659419311
21.810905452726363,0.40381703669439994
21.83591795897949,0.3536773043278286
21.860930465232617,0.27237015226010947
21.885942971485743,0.2161403963250593
21.91095547773887,0.2100106756135533
21.935967983991997,0.1298236314117609
21.960980490245124,0.159148806647295
21.98599299649825,0.10892125389046756
22.011005502751377,0.04960648183202992
22.0360180090045,-0.07600834237772762
22.061030515257627,-0.09706007204735984
22.086043021510754,-0.10042210229669236
22.11105552776388,-0.18243402867545147
22.136068034017008,-0.22689731247679226
22.161080540270135,-0.25852642351861643
22.18609304652326,-0.3036339339189017
22.211105552776388,-0.34553648791374486
22.236118059029515,-0.4708502899446581
22.26113056528264,-0.47473594619735254
22.28614307153577,-0.48497463787653894
22.311155577788895,-0.6273266329817223
22.336168084042022,-0.5866146636583766
22.36118059029515,-0.6777831506081046
22.386193096548276,-0.6726807323822005
22.411205602801402,-0.8051644857334065
22.436218109054526,-0.8240604171670497
22.461230615307652,-0.8736766524870183
22.48624312156078,-0.8575968061830574
22.511255627813906,-0.939324953188792
22.536268134067033,-1.0337697177661065
22.56128064032016,-0.9946061207961996
22.586293146573286,-1.045716027949805
22.611305652826413,-1.1464626480096634
22.63631815907954,-1.1368070251586035
22.661330665332667,-1.1702283800445148
22.686343171585793,-1.2706758731705643
22.71135567783892,-1.2490267234974513
22.736368184092047,-1.2966540504655373
22.761380690345174,-1.343675899566765
22.7863931965983,-1.385726785548629
22.811405702851427,-1.410970642602849
22.83641820910455,-1.4150630632321288
22.861430715357677,-1.4956251219782397
22.886443221610804,-1.4913323682706614
22.91145572786393,-1.539560987338925
22.936468234117058,-1.6203850892241438
22.961480740370185,-1.5801284723015305
22.98649324662331,-1.6360540429624675
23.011505752876438,-1.6388764773375601
23.036518259129565,-1.7062792586952464
23.06153076538269,-1.7384921450737294
23.08654327163582,-1.7521943146974088
23.111555777888945,-1.7699469252470525
23.136568284142072,-1.7492553102017003
23.1615807903952,-1.7778166974587324
23.186593296648326,-1.850697644013955
23.211605802901452,-1.8315692661106857
23.236618309154576,-1.8561837757288022
23.261630815407702,-1.850785821658379
23.28664332166083,-1.8292359166822718
23.311655827913956,-1.9045339920757083
23.336668334167083,-1.8911525619723408
23.36168084042021,-1.932443178599589
23.386693346673336,-1.9417467051480128
23.411705852926463,-1.9484582644201631
23.43671835917959,-1.9386391004783317
23.461730865432717,-1.9849476606968282
23.486743371685844,-1.904629792994807
23.51175587793897,-1.9431969057288199
23.536768384192097,-1.9253314622204618
23.561780890445224,-1.950887350877107
23.58679339669835,-1.9736586415717605
23.611805902951474,-1.9015207843147228
23.6368184092046,-1.9846389587463307
23.661830915457728,-1.9576894884499136
23.686843421710854,-1.958772511845696
23.71185592796398,-1.9234406916628084
23.736868434217108,-1.966812928627977
23.761880940470235,-1.9388192501848984
23.78689344672336,-1.8657717667492666
23.81190595297649,-1.9299800212215472
23.836918459229615,-1.8596228863169701
23.861930965482742,-1.8363574226925887
23.88694347173587,-1.866963307721028
23.911955977988995,-1.83064326640327
23.936968484242122,-1.850460876204778
23.96198099049525,-1.8094991991740172
23.986993496748376,-1.8058941491430258
24.0120060030015,-1.784836480565673
24.037018509254626,-1.7098666480387483
24.062031015507753,-1.7349838353439377
24.08704352176088,-1.693641788188985
24.112056028014006,-1.6817189084404365
24.137068534267133,-1.6702718422352991
24.16208104052026,-1.5867416135604322
24.187093546773387,-1.5519080424319083
24.212106053026513,-1.4995519006694422
24.23711855927964,-1.5479055400098343
24.262131065532767,-1.430637294687136
24.287143571785894,-1.4169181208469337
24.31215607803902,-1.383864106815781
24.337168584292147,-1.376632295623193
24.362181090545274,-1.3215205128736363
24.3871935967984,-1.3053463586683218
24.412206103051524,-1.2778258831572324
24.43721860930465,-1.1951246238242108
24.462231115557778,-1.1761541291304813
24.487243621810904,-1.1159335492798248
24.51225612806403,-1.0682813709758099
24.537268634317158,-1.0235805584789135
24.562281140570285,-0.9893345417728244
24.58729364682341,-1.03608721550298
24.61230615307654,-0.9145208263304159
24.637318659329665,-0.9163464071205432
24.662331165582792,-0.8753566153444496
24.68734367183592,-0.7992685684650701
24.712356178089045,-0.7310791138246242
24.737368684342172,-0.7379860872146319
24.7623811905953,-0.705079147440057
24.787393696848426,-0.6143313137689442
24.81240620310155,-0.5412568956073275
24.837418709354676,-0.535010975224627
24.862431215607803,-0.4899582433866821
24.88744372186093,-0.39297284066137944
24.912456228114056,-0.4205192792747288
24.937468734367183,-0.3298418806074712
24.96248124062031,-0.27711355554828904
24.987493746873437,-0.27708680542294406
25.012506253126563,-0.20144881916849658
25.03751875937969,-0.13377690932905043
25.062531265632817,-0.05782010643479758
25.087543771885944,-0.08731894514736332
25.11255627813907,-0.030937371148862646
25.137568784392197,0.06174617813329694
25.162581290645324,0.06787364154755042
25.18759379689845,0.15567668386326441
25.212606303151574,0.17023037415497813
25.2376188094047,0.21162825932216525
25.262631315657828,0.2608707460896326
25.287643821910955,0.3218116425803244
25.31265632816408,0.3869500435013935
25.337668834417208,0.42833235540322956
25.362681340670335,0.4952125359290517
25.38769384692346,0.5044199802416421
25.41270635317659,0.5831462297208899
25.437718859429715,0.700115023861211
25.462731365682842,0.6836151988243659
25.48774387193597,0.7022306274206216
25.512756378189096,0.7488910268071692
25.537768884442222,0.8161566556273117
25.56278139069535,0.8693211212251339
25.587793896948476,0.9021016633136569
25.6128064032016,0.9496075994359938
25.637818909454726,1.0452603428316214
25.662831415707853,1.092264953068781
25.68784392196098,1.1164533733026898
25.712856428214106,1.1367436152580033
25.737868934467233,1.153776939291884
25.76288144072036,1.2217267446695537
25.787893946973487,1.2409371747985154
25.812906453226613,1.306727447870956
25.83791895947974,1.3278507671278639
25.862931465732867,1.4254992298414788
25.887943971985994,1.4649720104668122
25.91295647823912,1.47664117465494
25.937968984492247,1.5254978377852382
25.962981490745374,1.5712799991834272
25.9879939969985,1.5942615447241533
26.013006503251624,1.5480015783179781
26.03801900950475,1.5889367630222175
26.063031515757878,1.6054550880718497
26.088044022011005,1.7225511368372612
26.11305652826413,1.7579327792064465
26.138069034517258,1.7444494118382585
26.163081540770385,1.7895706829827134
26.18809404702351,1.801715551676361
26.21310655327664,1.8219249595628786
26.238119059529765,1.8490436306183096
26.263131565782892,1.8307986314457674
26.28814407203602,1.9200136888141468
26.313156578289146,1.935254532782968
26.338169084542272,1.940577632118679
26.3631815907954,1.9790447487340272
26.388194097048526,1.9971005109421338
26.41320660330165,2.00265435552885
26.438219109554776,1.9434050118079629
26.463231615807903,1.95109828613529
26.48824412206103,2.045415077946255
26.513256628314156,1.9805877971384749
26.538269134567283,2.0591361162527946
26.56328164082041,1.9888399934941328
26.588294147073537,2.0822762466820826
26.613306653326664,2.0256191283332865
26.63831915957979,2.033616359264083
26.663331665832917,2.0801084994678964
26.688344172086044,2.0619587207873042
26.71335667833917,2.0264036936494896
26.738369184592298,2.0596653128074407
26.763381690845424,2.0637468715630503
26.788394197098548,2.0527925673082565
26.813406703351674,2.0620842693837194
26.8384192096048,2.056682838397917
26.863431715857928,2.0341751979985485
26.888444222111055,1.9710947742937464
26.91345672836418,2.0327590795822736
26.93846923461731,1.9709441744118654
26.963481740870435,1.9655185694382338
26.988494247123562,1.965753546787989
27.01350675337669,1.9713354340427813
27.038519259629815,1.9540463553890766
27.063531765882942,1.8740475803390957
27.08854427213607,1.9212211992694994
27.113556778389196,1.846463771184625
27.138569284642323,1.8757954118937363
27.16358179089545,1.8161319975869963
27.188594297148573,1.780644277069809
27.2136068034017,1.7752957140941878
27.238619309654826,1.8007046174937331
27.263631815907953,1.7184333840390698
27.28864432216108,1.759406480765068
27.313656828414207,1.6939663346007208
27.338669334667333,1.630828068486618
27.36368184092046,1.6276634128413745
27.388694347173587,1.6096409910580736
27.413706853426714,1.6151404226674444
27.43871935967984,1.5445135743662117
27.463731865932967,1.4525524248407748
27.488744372186094,1.4762505913436357
27.51375687843922,1.4348650145874866
27.538769384692348,1.4076941900078728
27.563781890945474,1.3578158746775628
27.588794397198598,1.2862584076880743
27.613806903451724,1.299626648556297
27.63881940970485,1.2549631634463696
27.663831915957978,1.182812393373896
27.688844422211105,1.124885217326639
27.71385692846423,1.0851798302817437
27.73886943471736,1.0361886530681135
27.763881940970485,0.9980838851810682
27.788894447223612,1.0258429196726038
27.81390695347674,0.9828057977198498
27.838919459729865,0.9188218899261086
27.863931965982992,0.8421968496857035
27.88894447223612,0.7888392950164919
27.913956978489246,0.7702902511583904
27.938969484742373,0.7492318900107405
27.9639819909955,0.6811062189730984
27.988994497248623,0.5633069365367996
28.01400700350175,0.5387591228397874
28.039019509754876,0.4824619196107401
28.064032016008003,0.49818948014320263
28.08904452226113,0.4119386453831464
28.114057028514257,0.3435698516325644
28.139069534767383,0.3361584322660443
28.16408204102051,0.27592208484288194
28.189094547273637,0.2640559879054727
28.214107053526764,0.12275492971802733
28.23911955977989,0.13402819255521473
28.264132066033017,0.08928154216054218
28.289144572286144,-0.0020747596596662303
28.31415707853927,-0.06297492475709426
28.339169584792398,-0.03767617110147882
28.364182091045524,-0.1710791975011609
28.389194597298648,-0.14157798246921016
28.414207103551774,-0.2229294687154686
28.4392196098049,-0.2706375229418471
28.464232116058028,-0.2972263171744986
28.489244622311155,-0.3321660267535116
28.51425712856428,-0.4554184724417528
28.53926963481741,-0.4962192830734067
28.564282141070535,-0.5206548080088123
28.589294647323662,-0.5341083278412185
28.61430715357679,-0.6252264787721054
28.639319659829916,-0.7007330112150592
28.664332166083042,-0.7429632356415395
28.68934467233617,-0.7467107453041184
28.714357178589296,-0.8137704962797608
28.739369684842423,-0.8922542588239296
28.76438219109555,-0.8583397506566474
28.789394697348673,-0.9212645448507276
28.8144072036018,-1.0077292747209996
28.839419709854926,-1.0248156230266248
28.864432216108053,-1.0656979161669717
28.88944472236118,-1.152238357926239
28.914457228614307,-1.1616768191574074
28.939469734867433,-1.1471778202499427
28.96448224112056,-1.2273311594604377
28.989494747373687,-1.2668462887040937
29.014507253626814,-1.2765341052738515
29.03951975987994,-1.3454871422342414
29.064532266133067,-1.3917657875887108
29.089544772386194,-1.4512367707636833
29.11455727863932,-1.4605514189622726
29.139569784892448,-1.4897861433202424
29.164582291145575,-1.5183851552937018
29.189594797398698,-1.5735927216213297
29.214607303651825,-1.57449766036433
29.23961980990495,-1.5978882229735285
29.264632316158078,-1.6637208204435185
29.289644822411205,-1.6975224657883572
29.31465732866433,-1.7012429152251392
29.33966983491746,-1.6634943097419492
29.364682341170585,-1.7209536488722805
29.389694847423712,-1.7232990130064127
29.41470735367684,-1.7790687991929242
29.439719859929966,-1.7383492577129416
29.464732366183092,-1.7575485123920893
29.48974487243622,-1.8701435358437024
29.514757378689346,-1.8130236645373952
29.539769884942473,-1.8304766399170957
29.564782391195596,-1.8498878736647348
29.589794897448723,-1.8668576795785883
29.61480740370185,-1.9051580424280208
29.639819909954976,-1.8619565416016537
29.664832416208103,-1.872664806912719
29.68984492246123,-1.9338027075649513
29.714857428714357,-1.9552346192641912
29.739869934967484,-1.973811875189419
29.76488244122061,-1.9488534754822922
29.789894947473737,-1.9361249274825332
29.814907453726864,-1.9034731521461785
29.83991995997999,-1.9035427399056315
29.864932466233117,-1.986148758974322
29.889944972486244,-1.9744249426075748
29.91495747873937,-1.9742346297276616
29.939969984992498,-1.9680411405941112
29.96498249124562,-1.9434938600025453
29.989994997498748,-1.9003972322242235
30.015007503751875,-1.9697432401466721
30.040020010005,-1.9198661303949454
30.06503251625813,-1.921647306453004
30.090045022511255,-1.9081064335537854
30.115057528764382,-1.895066472238657
30.14007003501751,-1.8705337867794498
30.165082541270635,-1.8019202746996668
30.190095047523762,-1.7928326824965282
30.21510755377689,-1.7715085893607687
30.240120060030016,-1.752053187672975
30.265132566283143,-1.7285148117561164
30.29014507253627,-1.777052444331209
30.315157578789396,-1.7338337672354749
30.340170085042523,-1.726399694867584
30.365182591295646,-1.651071489852211
30.390195097548773,-1.6952429380369363
30.4152076038019,-1.6387035447535738
30.440220110055026,-1.5956742533474768
30.465232616308153,-1.5919975012867436
30.49024512256128,-1.5446838162268317
30.515257628814407,-1.5242255271546652
30.540270135067534,-1.4414537063650477
30.56528264132066,-1.4725153794221901
30.590295147573787,-1.4088415046220626
30.615307653826914,-1.4282644784331884
30.64032016008004,-1.3185781640442666
30.665332666333168,-1.3426628448765503
30.690345172586294,-1.2705468928876595
30.71535767883942,-1.2004655253944132
30.740370185092548,-1.1939949824520186
30.76538269134567,-1.113939695273444
30.790395197598798,-1.113998727376175
30.815407703851925,-1.0968550029225137
30.84042021010505,-1.0464471577437504
30.86543271635818,-0.9574556990767621
30.890445222611305,-0.9292637835302248
30.915457728864432,-0.8780565125017308
30.94047023511756,-0.8780294465612747
30.965482741370685,-0.8070236442907316
30.990495247623812,-0.8066551645953484
31.01550775387694,-0.7608197837409731
31.040520260130066,-0.700331698860282
31.065532766383193,-0.651185022197479
31.09054527263632,-0.6372456624713809
31.115557778889446,-0.5409059619562937
31.140570285142573,-0.448888729672271
31.165582791395696,-0.4517098937025942
31.190595297648823,-0.36906005425150884
31.21560780390195,-0.3478878533879296
31.240620310155077,-0.3324939828931357
31.265632816408203,-0.22750238290548186
31.29064532266133,-0.21398207648363884
31.315657828914457,-0.13733158055493494
31.340670335167584,-0.08060703332209264
31.36568284142071,-0.020501905680684288
31.390695347673837,0.044375763241146796
31.415707853926964,0.07823044918534243
31.44072036018009,0.10363527591740962
31.465732866433218,0.15297371232737245
31.490745372686344,0.174748233984055
31.51575787893947,0.2721357803605704
31.540770385192598,0.2877445956901467
31.56578289144572,0.35276485621887127
31.590795397698848,0.40384836379241457
31.615807903951975,0.3989339491591742
31.6408204102051,0.5229871824220534
31.66583291645823,0.513280054771253
31.690845422711355,0.5972571673760803
31.715857928964482,0.6260095896519302
31.74087043521761,0.7310685004587923
31.765882941470736,0.755555765930132
31.790895447723862,0.795157927722981
31.81590795397699,0.7962895306517159
31.840920460230116,0.8283135090291311
31.865932966483243,0.8774804653734019
31.89094547273637,0.9815414034395993
31.915957978989496,0.9684882151693521
31.940970485242623,1.038786801807131
31.965982991495746,1.1111598151065567
31.990995497748873,1.133924113461787
32.016008004002,1.2082106688528556
32.04102051025513,1.2612623825995595
32.06603301650826,1.2419172771115572
32.091045522761384,1.3162517096256745
32.11605802901451,1.3369871184145063
32.14107053526764,1.3338945410385048
32.16608304152076,1.4153446788371002
32.191095547773884,1.4645180282995727
32.21610805402701,1.4870187965547912
32.24112056028014,1.5047540268742583
32.266133066533264,1.51346377960344
32.29114557278639,1.6266481809670794
32.31615807903952,1.5919253555190014
32.341170585292645,1.6698491685656476
32.36618309154577,1.6696038246284444
32.3911955977989,1.6592968029043085
32.416208104052025,1.7450522646025957
32.44122061030515,1.7783366568406225
32.46623311655828,1.8162665601917594
32.491245622811405,1.8391520859788104
32.51625812906453,1.8358445159368149
32.54127063531766,1.8443988223016865
32.566283141570786,1.845729535498076
32.59129564782391,1.9358282529368447
32.61630815407704,1.8833267285489355
32.641320660330166,1.9114056406051483
32.66633316658329,1.9266158351457987
32.69134567283642,1.934748193748549
32.716358179089546,2.0071578433836117
32.74137068534267,2.0396705292836335
32.7663831915958,1.954585800159087
32.79139569784893,1.990139131287627
32.81640820410205,1.9958847443792327
32.84142071035518,2.0305314759930804
32.86643321660831,2.0063289994045794
32.891445722861434,1.9911848128796108
32.91645822911456,2.000455360843243
32.94147073536768,2.0007643634720487
32.96648324162081,2.0866257328964917
32.991495747873934,2.0097528225668277
33.01650825412706,2.0739367659483436
33.04152076038019,2.029537854118622
33.066533266633314,2.0391661479310033
33.09154577288644,1.99166170174539
33.11655827913957,2.0660434435386654
33.141570785392695,1.9785182442291889
33.16658329164582,2.011395148473709
33.19159579789895,1.9776889497697439
33.216608304152075,1.9660592441350606
33.2416208104052,2.0078297461201324
33.26663331665833,1.9686943115979587
33.291645822911455,1.9606069747612187
33.31665832916458,1.9910444817491182
33.34167083541771,1.9645142812409737
33.366683341670836,1.8821968176568151
33.39169584792396,1.8782052492537495
33.41670835417709,1.8985393127935928
33.441720860430216,1.7969632215057905
33.46673336668334,1.7789226928536523
33.49174587293647,1.7841211873553566
33.516758379189596,1.800852877795471
33.54177088544272,1.70697718862207
33.56678339169585,1.7197337267711736
33.59179589794898,1.720893410249119
33.616808404202104,1.6787317573903382
33.64182091045523,1.6846684536496541
33.66683341670836,1.5579546531139026
33.691845922961484,1.618048817271054
33.71685842921461,1.5271331248151572
33.74187093546773,1.5158204713817827
33.76688344172086,1.4349014775438316
33.791895947973984,1.424023037891336
33.81690845422711,1.4022114792281548
33.84192096048024,1.4073440312458865
33.866933466733364,1.2873258386864512
33.89194597298649,1.2923949845887504
33.91695847923962,1.2240320107125313
33.941970985492745,1.1613779965277298
33.96698349174587,1.1479441252665186
33.991995997999,1.0749055333268789
34.017008504252125,1.0709900434118431
34.04202101050525,1.0028741223475754
34.06703351675838,1.0303699735022909
34.092046023011505,0.942956074201589
34.11705852926463,0.9511520826315075
34.14207103551776,0.8162638679683021
34.167083541770886,0.8015408858433949
34.19209604802401,0.7156709395682386
34.21710855427714,0.7250612253091848
34.242121060530266,0.6927936813198119
34.26713356678339,0.5845419371417331
34.29214607303652,0.5402507860851371
34.31715857928965,0.529042847994728
34.34217108554277,0.455026881549374
34.3671835917959,0.4112718308629683
34.39219609804903,0.35497750700421915
34.417208604302154,0.30430818360244993
34.44222111055528,0.3046438675499914
34.46723361680841,0.1929195358548818
34.492246123061534,0.16723408717694105
34.51725862931466,0.15277812210570008
34.54227113556778,0.04667454855191308
34.56728364182091,0.02956169764785822
34.592296148074034,-0.015223874911452058
34.61730865432716,-0.10944511209200235
34.64232116058029,-0.07964706623538995
34.667333666833414,-0.13341330653800923
34.69234617308654,-0.22047307765318924
34.71735867933967,-0.2544860388987287
34.742371185592795,-0.3246936062331148
34.76738369184592,-0.3690925424126323
34.79239619809905,-0.3887112562032927
34.817408704352175,-0.5080015849989941
34.8424212106053,-0.512703196918974
34.86743371685843,-0.5922864828236469
34.892446223111556,-0.588826884365157
34.91745872936468,-0.6478950179437228
34.94247123561781,-0.7033339785925585
34.967483741870936,-0.7963255532527068
34.99249624812406,-0.7585228577191516
35.01750875437719,-0.8644393660972538
35.042521260630316,-0.8985034109724517
35.06753376688344,-0.8956445616532637
35.09254627313657,-1.003890511141163
35.1175587793897,-1.0333495000370871
35.14257128564282,-1.0123085055909995
35.16758379189595,-1.0670706050199696
35.19259629814908,-1.1640027699530782
35.217608804402204,-1.205980536033713
35.24262131065533,-1.183157883069691
35.26763381690846,-1.2421415801816367
35.292646323161584,-1.2530964230618022
35.317658829414704,-1.3068595967050722
35.34267133566783,-1.340270196245913
35.36768384192096,-1.402689905823798
35.392696348174084,-1.3877529619186317
35.41770885442721,-1.4613547545192185
35.44272136068034,-1.527289096663105
35.467733866933465,-1.5390396080416444
35.49274637318659,-1.5163258158417499
35.51775887943972,-1.6324278704602226
35.542771385692845,-1.6442529538278858
35.56778389194597,-1.6558581416335258
35.5927963981991,-1.625950231678172
35.617808904452225,-1.7193815050925407
35.64282141070535,-1.7398037283909915
35.66783391695848,-1.695689650391199
35.692846423211606,-1.714908999445217
35.71785892946473,-1.7344390495845186
35.74287143571786,-1.8269159340090901
35.767883941970986,-1.8426080319087377
35.79289644822411,-1.789848954090949
35.81790895447724,-1.866720638934651
35.842921460730366,-1.8354989955879504
35.86793396698349,-1.8856277801013093
35.89294647323662,-1.8790741903350916
35.91795897948975,-1.9029595580932979
35.94297148574287,-1.9052633281473863
35.967983991996,-1.9454381204272093
35.99299649824913,-1.9720033492151046
36.018009004502254,-1.9436023681021022
36.04302151075538,-1.8989336943285149
36.06803401700851,-1.9100320259175085
36.093046523261634,-1.9594607714285828
36.118059029514754,-1.929860767215543
36.14307153576788,-1.9294696066992776
36.16808404202101,-1.903536639577678
36.193096548274134,-1.9417122805467106
36.21810905452726,-1.963529852701161
36.24312156078039,-1.9624145796762906
36.268134067033515,-1.9440157229200956
36.29314657328664,-1.952314637562391
36.31815907953977,-1.941595278351893
36.343171585792895,-1.952459807943457
36.36818409204602,-1.8656473900616353
36.39319659829915,-1.8872911707313436
36.418209104552275,-1.8696820129330416
36.4432216108054,-1.8153937794207398
36.46823411705853,-1.875873856671511
36.493246623311656,-1.7763166929645364
36.51825912956478,-1.8467771554507986
36.54327163581791,-1.773786258439477
36.568284142071036,-1.7917992079333487
36.59329664832416,-1.7468230738043442
36.61830915457729,-1.6721412391718733
36.643321660830416,-1.7147827672265448
36.66833416708354,-1.63098214662785
36.69334667333667,-1.676071757527484
36.7183591795898,-1.578464923259069
36.743371685842924,-1.6198765395839734
36.76838419209605,-1.5689133459059839
36.79339669834918,-1.5672944744297448
36.818409204602304,-1.5339842345806527
36.84342171085543,-1.4828998332005394
36.86843421710856,-1.42706679935925
36.893446723361684,-1.4305473569941145
36.918459229614804,-1.3128958644579678
36.94347173586793,-1.311166808081394
36.96848424212106,-1.2884676609247148
36.993496748374184,-1.207851927068751
37.01850925462731,-1.2099027868175238
37.04352176088044,-1.183963938297754
37.068534267133565,-1.1440938863237462
37.09354677338669,-1.1121697920350815
37.11855927963982,-1.0585736514944657
37.143571785892945,-1.0043359004423358
37.16858429214607,-0.942277620685871
37.1935967983992,-0.9141343067557515
37.218609304652325,-0.8622947560855068
37.24362181090545,-0.868664412180464
37.26863431715858,-0.7980280685499817
37.293646823411706,-0.7815270562513887
37.31865932966483,-0.7345399518116297
37.34367183591796,-0.6576771502805353
37.368684342171086,-0.6181255076033627
37.39369684842421,-0.5063888933614431
37.41870935467734,-0.5140369899817812
37.44372186093047,-0.4537242259533339
37.46873436718359,-0.44070048993649263
37.49374687343672,-0.32686971592677366
37.51875937968985,-0.30150427196789276
37.543771885942974,-0.3091602904362209
37.5687843921961,-0.24465308545517112
37.59379689844923,-0.1305687633705051
37.618809404702354,-0.10937335572017812
37.64382191095548,-0.0801198768507011
37.66883441720861,0.014540208672942131
37.693846923461734,0.05761710963443767
37.718859429714854,0.05275264575320439
37.74387193596798,0.1606686020981979
37.76888444222111,0.1976514166364912
37.793896948474234,0.21513808307729332
37.81890945472736,0.2570374418059531
37.84392196098049,0.34866638446304615
37.868934467233615,0.3411353171248507
37.89394697348674,0.3987755425612882
37.91895947973987,0.45667336289663996
37.943971985992995,0.5374474609665982
37.96898449224612,0.627107992157728
37.99399699849925,0.6417017866400827
38.019009504752376,0.6408478160837271
38.0440220110055,0.7153972384023526
38.06903451725863,0.8182352912383875
38.094047023511756,0.83852991226594
38.11905952976488,0.830503845151785
38.14407203601801,0.8859432834146465
38.169084542271136,0.9927125952629293
38.19409704852426,1.0002117903813172
38.21910955477739,1.0657452647234633
38.24412206103052,1.1189070436726531
38.26913456728364,1.1343788719277947
38.29414707353677,1.2018727098168176
38.3191595797899,1.1691371198674825
38.344172086043024,1.2438840577422088
38.36918459229615,1.2825479638556456
38.39419709854928,1.3692600135659487
38.419209604802404,1.3643627040873108
38.44422211105553,1.4414484538920351
38.46923461730866,1.4396080893341425
38.49424712356178,1.5107327618415076
38.519259629814904,1.5115012940834351
38.54427213606803,1.5861245236959727
38.56928464232116,1.5389461644353377
38.594297148574285,1.6501959876072176
38.61930965482741,1.605326392873612
38.64432216108054,1.691253131848774
38.669334667333665,1.7276457389092845
38.69434717358679,1.7061774206668308
38.71935967983992,1.762298200380845
38.744372186093045,1.749954360003972
38.76938469234617,1.8044841612757265
38.7943971985993,1.7884564363879292
38.819409704852426,1.837690469124461
38.84442221110555,1.8718766549772914
38.86943471735868,1.896115262063196
38.894447223611806,1.92541550377554
38.91945972986493,1.8816290753718241
38.94447223611806,1.961304137160459
38.969484742371186,2.0100296177603885
38.99449724862431,2.0046973954909193
39.01950975487744,1.957227050546539
39.04452226113057,2.03983914353816
39.06953476738369,2.0294575781045427
39.09454727363682,2.0404731126267426
39.11955977988995,2.0591923065699493
39.144572286143074,2.068567619115721
39.1695847923962,1.9899507670391992
39.19459729864933,2.0813526667521933
39.219609804902454,2.018421210723092
39.24462231115558,2.0791079778631287
39.26963481740871,2.0651829768775434
39.29464732366183,1.999569322662411
39.319659829914954,2.036858025813745
39.34467233616808,2.029871986400938
39.36968484242121,2.0463518869113058
39.394697348674335,2.0700718184319324
39.41970985492746,2.0195572880659856
39.44472236118059,1.9864100714529107
39.469734867433715,1.9998411005756311
39.49474737368684,2.0309157089297707
39.51975987993997,1.9547699635563394
39.544772386193095,1.9863870443848848
39.56978489244622,1.9357902875682895
39.59479739869935,1.9050260672884913
39.619809904952476,1.969537141166331
39.6448224112056,1.8888301429653462
39.66983491745873,1.9015359953916369
39.694847423711856,1.9181277964856007
39.71985992996498,1.8499972531718019
39.74487243621811,1.8263603943705853
39.769884942471236,1.8291634798133796
39.79489744872436,1.7437632573288757
39.81990995497749,1.7116346192135634
39.84492246123062,1.7576055379856041
39.86993496748374,1.663106806524519
39.89494747373687,1.630164604140523
39.91995997999,1.6304651123400884
39.944972486243124,1.6509706095480763
39.96998499249625,1.6044576290538173
39.99499749874938,1.5263481655107172
40.020010005002504,1.475516029179511
40.04502251125563,1.45836639636094
40.07003501750876,1.4098433562652095
40.09504752376188,1.4066223194550225
40.120060030015004,1.368833050747714
40.14507253626813,1.3409304275024494
40.17008504252126,1.2493620910267416
40.195097548774385,1.2171487265947298
40.22011005502751,1.1734162456555781
40.24512256128064,1.186928123542121
40.270135067533765,1.0854460447812582
40.29514757378689,1.0784008279191093
40.32016008004002,1.0453633733026146
40.345172586293145,1.0258709677542237
40.37018509254627,0.9807810547405534
40.3951975987994,0.863995232319791
40.420210105052526,0.9031947637233269
40.44522261130565,0.8238716609381068
40.47023511755878,0.7358128438309569
40.495247623811906,0.6902451404866284
40.52026013006503,0.6542594381846538
40.54527263631816,0.6316153624847545
40.57028514257129,0.6076358778387615
40.59529764882441,0.5369432785165973
40.62031015507754,0.45294818849866963
40.64532266133067,0.47118491012182406
40.670335167583794,0.4035122577374419
40.69534767383692,0.3507578042017041
40.72036018009005,0.26934656278882607
40.745372686343174,0.21648565001685105
40.7703851925963,0.15222819871513277
40.79539769884943,0.1789209914336988
40.820410205102554,0.04124981919146697
40.84542271135568,0.017157069657927078
40.87043521760881,0.013100479621462775
40.89544772386193,-0.10922837038056311
40.920460230115054,-0.08643394964491596
40.94547273636818,-0.2061452985509664
40.97048524262131,-0.22035275438159257
40.995497748874435,-0.26233200135916124
41.02051025512756,-0.31127733338524144
41.04552276138069,-0.34998956623112226
41.070535267633815,-0.3760224970850464
41.09554777388694,-0.466515929505686
41.12056028014007,-0.5218785747806999
41.145572786393195,-0.5556348585206068
41.17058529264632,-0.6379232099164769
41.19559779889945,-0.6128124665445994
41.220610305152576,-0.6974113011762892
41.2456228114057,-0.6965277883603648
41.27063531765883,-0.7387749623395706
41.295647823911956,-0.8126225547115407
41.32066033016508,-0.8877946424611257
41.34567283641821,-0.8809228103007379
41.37068534267134,-0.9257706605438172
41.39569784892446,-0.9786672501291136
41.42071035517759,-1.0279750640070802
41.44572286143072,-1.091009646607101
41.470735367683844,-1.1323634487665246
41.49574787393697,-1.125183160987128
41.5207603801901,-1.185149468012705
41.545772886443224,-1.2285680179259386
41.57078539269635,-1.2623286496919186
41.59579789894948,-1.318412222639581
41.620810405202604,-1.3446045060820284
41.64582291145573,-1.4088511258912109
41.67083541770885,-1.4005912591571579
41.69584792396198,-1.500385543829301
41.720860430215104,-1.4498794496075535
41.74587293646823,-1.5431352131270617
41.77088544272136,-1.510548983976919
41.795897948974485,-1.6111606621104617
41.82091045522761,-1.6493501630878378
41.84592296148074,-1.611877016950578
41.870935467733865,-1.7024371400547622
41.89594797398699,-1.6682291704070815
41.92096048024012,-1.7136671241891734
41.945972986493246,-1.7096712118485564
41.97098549274637,-1.7791057032089017
41.9959979989995,-1.7451561667261157
42.021010505252626,-1.7769584413918533
42.04602301150575,-1.85163097953003
42.07103551775888,-1.7977174682914743
42.096048024012006,-1.8040938400778768
42.12106053026513,-1.840772227799841
42.14607303651826,-1.869200831990008
42.17108554277139,-1.8589716542652428
42.19609804902451,-1.8991587982684641
42.22111055527764,-1.864465395578584
42.24612306153077,-1.9443809007047355
42.271135567783894,-1.9034419928656905
42.29614807403702,-1.9729747858681974
42.32116058029015,-1.9735460052964915
42.346173086543274,-1.9527152105589447
42.3711855927964,-1.9082794067059023
42.39619809904953,-1.9244831023424709
42.421210605302655,-1.9274257969747137
42.44622311155578,-1.9533827939689925
42.4712356178089,-1.972901908548149
42.49624812406203,-1.9229783248376033
42.521260630315155,-1.9059363118310133
42.54627313656828,-1.962543000466196
42.57128564282141,-1.934272905085912
42.596298149074535,-1.959820090280076
42.62131065532766,-1.869326270763661
42.64632316158079,-1.9174014120082656
42.671335667833915,-1.8689250599006417
42.69634817408704,-1.8879957735936643
42.72136068034017,-1.898128328639114
42.746373186593296,-1.8415424809788643
42.77138569284642,-1.7748431776958131
42.79639819909955,-1.8281612494506123
42.821410705352676,-1.7790500253023285
42.8464232116058,-1.7788614926469384
42.87143571785893,-1.7295543962283568
42.896448224112056,-1.7360921219010523
42.92146073036518,-1.6601916611323388
42.94647323661831,-1.6402668334274813
42.97148574287144,-1.6807941416936074
42.99649824912456,-1.5895392617531334
43.02151075537769,-1.6076104187114262
43.04652326163082,-1.594015357902118
43.071535767883944,-1.4806419735331464
43.09654827413707,-1.4771240020953775
43.1215607803902,-1.5115169978089902
43.146573286643324,-1.4334806814125978
43.17158579289645,-1.448704755310278
43.19659829914958,-1.404993081169527
43.221610805402705,-1.343500810542933
43.24662331165583,-1.272160057219458
43.27163581790895,-1.228088724938142
43.29664832416208,-1.2437591726232338
43.321660830415205,-1.1961888257411588
43.34667333666833,-1.094189509979357
43.37168584292146,-1.0545146872436129
43.396698349174585,-1.0255078989033404
43.42171085542771,-1.042716759565779
43.44672336168084,-0.9375263231502974
43.471735867933965,-0.9146048874899377
43.49674837418709,-0.8631198239264953
43.52176088044022,-0.7999773953698887
43.546773386693346,-0.8372769051694889
43.57178589294647,-0.7373501499271474
43.5967983991996,-0.7500545751138874
43.621810905452726,-0.6545369156940963
43.64682341170585,-0.569051311823503
43.67183591795898,-0.5817236557135543
43.69684842421211,-0.48261082914431375
43.72186093046523,-0.4849814260529366
43.74687343671836,-0.43791567631387035
43.77188594297149,-0.3672165105289713
43.796898449224614,-0.3039333174914117
43.82191095547774,-0.29640812535685246
43.84692346173087,-0.2242691131702361
43.871935967983994,-0.1440528269490548
43.89694847423712,-0.08302648822334142
43.92196098049025,-0.10495919827982225
43.946973486743374,-0.03653098402807436
43.9719859929965,0.056439984503857406
43.99699849924963,0.08671044023123964
44.022011005502755,0.15152898081346716
44.04702351175588,0.1966264170011116
44.072036018009,0.27346980382425645
44.09704852426213,0.261594197887927
44.122061030515255,0.34823755204155366
44.14707353676838,0.40838999229682854
44.17208604302151,0.41933377721379417
44.197098549274635,0.4871708233221642
44.22211105552776,0.5395038980518456
44.24712356178089,0.595451822597091
44.272136068034015,0.5872255985471174
44.29714857428714,0.6873552671028405
44.32216108054027,0.7503549636621396
44.347173586793396,0.7759921089112749
44.37218609304652,0.8187750736960293
44.39719859929965,0.8812543710244862
44.422211105552776,0.9042478639858562
44.4472236118059,0.9165519310001932
44.47223611805903,1.0153209321625352
44.49724862431216,1.0801363786170721
44.52226113056528,1.029177793240843
44.54727363681841,1.1158958530338914
44.57228614307154,1.1979622242186294
44.597298649324664,1.1764240464532763
44.62231115557779,1.2439032860196706
44.64732366183092,1.2653240134673627
44.672336168084044,1.2885471645231825
44.69734867433717,1.3168021503691136
44.7223611805903,1.4321989934697985
44.747373686843424,1.437309335517433
44.77238619309655,1.4414669994907645
44.79739869934968,1.513059644549919
44.822411205602805,1.5420367682182525
44.847423711855924,1.604499477837519
44.87243621810905,1.5777555687907774
44.89744872436218,1.6345121685609099
44.922461230615305,1.701208469956857
44.94747373686843,1.6858475741065804
44.97248624312156,1.7110970459602397
44.997498749374685,1.7433849575013947
45.02251125562781,1.8082077380750514
45.04752376188094,1.8045011506115625
45.072536268134066,1.7906771047375711
45.09754877438719,1.8850719360551864
45.12256128064032,1.8678708466977572
45.147573786893446,1.8380225789500542
45.17258629314657,1.8685313071921792
45.1975987993997,1.950101868037752
45.222611305652826,1.9815652460116844
45.24762381190595,1.916094921633245
45.27263631815908,1.9772417889268135
45.29764882441221,1.9425738006184208
45.32266133066533,2.0423355618971533
45.34767383691846,1.997305266960435
45.37268634317159,2.0309865639867373
45.397698849424714,2.066793925154866
45.42271135567784,2.053781343392004
45.44772386193097,2.084216212140199
45.472736368184094,2.041083189201961
45.49774887443722,2.04299458416212
45.52276138069035,2.0160066500671316
45.547773886943475,2.0075133009192934
45.5727863931966,2.0919925691162558
45.59779889944973,2.0220230398974017
45.622811405702855,2.033684162090001
45.647823911955975,2.041217098912347
45.6728364182091,2.0261329359441715
45.69784892446223,1.9997234736919571
45.722861430715355,2.06216960439599
45.74787393696848,2.0568570662999575
45.77288644322161,1.9925070772776903
45.797898949474735,1.9609396020393643
45.82291145572786,1.9639659277334356
45.84792396198099,1.928604149821372
45.872936468234116,1.9868194159941355
45.89794897448724,1.943132375927743
45.92296148074037,1.9620946933737249
45.947973986993496,1.9344743903350878
45.97298649324662,1.8821586891053277
45.99799899949975,1.8058807331886841
46.023011505752876,1.82146229313765
46.048024012006,1.8144958713733146
46.07303651825913,1.7434662113382686
46.09804902451226,1.7668685993179079
46.12306153076538,1.7415202698518344
46.14807403701851,1.6563222338839272
46.17308654327164,1.6420582719267356
46.198099049524764,1.6704986074453463
46.22311155577789,1.6438750947046235
46.24812406203102,1.635305485658153
46.273136568284144,1.558425458319828
46.29814907453727,1.503709993394533
46.3231615807904,1.4789376229407585
46.348174087043525,1.4405391653301785
46.37318659329665,1.3885917040258915
46.39819909954978,1.345997549781834
46.423211605802905,1.3130798990872488
46.448224112056025,1.2840715613584635
46.47323661830915,1.2437469579548197
46.49824912456228,1.2487738677102733
46.523261630815405,1.1671397189282844
46.54827413706853,1.1511996383275613
46.57328664332166,1.1252241581237818
46.598299149574785,1.0140473678482882
46.62331165582791,1.0416269179408588
46.64832416208104,0.9892408297192514
46.673336668334166,0.9052115043513509
46.69834917458729,0.829252679380134
46.72336168084042,0.803217655886854
46.748374187093546,0.7876978404019954
46.77338669334667,0.717991754120257
46.7983991995998,0.7077272723189129
46.823411705852926,0.63207983944844
46.84842421210605,0.6411353948029647
46.87343671835918,0.5338953761085815
46.89844922461231,0.5146053004110506
46.923461730865434,0.44729159443955013
46.94847423711856,0.3927431897875775
46.97348674337169,0.30378509990675934
46.998499249624814,0.25336627922475935
47.02351175587794,0.21569331145916612
47.04852426213107,0.16886267013688266
47.073536768384194,0.17799998368564268
47.09854927463732,0.14401884837712214
47.12356178089045,0.06613105399616412
47.148574287143575,0.026668348122644805
47.1735867933967,-0.03126536625818077
47.19859929964983,-0.10220083855739129
47.22361180590295,-0.12673993329627847
47.248624312156075,-0.21356817887833796
47.2736368184092,-0.20843468157604939
47.29864932466233,-0.32096486932712565
47.323661830915455,-0.3166303866443136
47.34867433716858,-0.3742238734339696
47.37368684342171,-0.41538117690044635
47.398699349674835,-0.48725277037214204
47.42371185592796,-0.5479567320466231
47.44872436218109,-0.6324116192556365
47.473736868434216,-0.5950433704405766
47.49874937468734,-0.6621527222533232
47.52376188094047,-0.7116772683025556
47.548774387193596,-0.7986574770528237
47.57378689344672,-0.8179843033065467
47.59879939969985,-0.8498668425593477
47.62381190595298,-0.8602599606309033
47.6488244122061,-0.9608666239471002
47.67383691845923,-1.0019718501057273
47.69884942471236,-1.0565273405682196
47.723861930965484,-1.0663182557955344
47.74887443721861,-1.0873013659262922
47.77388694347174,-1.1575356504558998
47.798899449724864,-1.1631635402344969
47.82391195597799,-1.2255042345603286
47.84892446223112,-1.2442521007616512
47.873936968484244,-1.3557569532464826
47.89894947473737,-1.3494834375328604
47.9239619809905,-1.4255085252271187
47.948974487243625,-1.4091141928836142
47.97398699349675,-1.4860540283995323
47.99899949974988,-1.5301156032498826
48.024012006003,-1.4931809240356118
48.049024512256125,-1.5289153928041106
48.07403701850925,-1.5752841396845658
48.09904952476238,-1.6371193364468468
48.124062031015505,-1.6327684616855855
48.14907453726863,-1.680783623324369
48.17408704352176,-1.647390945105692
48.199099549774886,-1.7141774102079257
48.22411205602801,-1.698989671347183
48.24912456228114,-1.7089721441055419
48.274137068534266,-1.7452959218510842
48.29914957478739,-1.82575906332098
48.32416208104052,-1.8000735087976847
48.349174587293646,-1.7998025188241245
48.37418709354677,-1.8862561883458981
48.3991995997999,-1.841520750281337
48.42421210605303,-1.8772717202258975
48.44922461230615,-1.8882052527463813
48.47423711855928,-1.898573984619556
48.49924962481241,-1.8756609223929404
48.524262131065534,-1.9133766102627419
48.54927463731866,-1.9033038704043117
48.57428714357179,-1.9754689728161443
48.599299649824914,-1.9271958111140475
48.62431215607804,-1.9418179385641556
48.64932466233117,-1.9179039689296506
48.674337168584294,-1.947412308403404
48.69934967483742,-1.9079741406877742
48.72436218109055,-1.933041524158094
48.749374687343675,-1.9130155432265668
48.7743871935968,-1.9052148841943246
48.79939969984993,-1.9171691897629635
48.82441220610305,-1.9543085488168788
48.849424712356175,-1.9637380192623979
48.8744372186093,-1.8844027526797797
48.89944972486243,-1.9561367059145514
48.924462231115555,-1.869325284416076
48.94947473736868,-1.8492837524590364
48.97448724362181,-1.9129503332038378
48.999499749874936,-1.8908984317866264
49.02451225612806,-1.822281618916263
49.04952476238119,-1.832921342649962
49.074537268634316,-1.7731349510223295
49.09954977488744,-1.7450035522534515
49.12456228114057,-1.7501221228825
49.149574787393696,-1.7883327012956267
49.17458729364682,-1.7176076499817872
49.19959979989995,-1.747255166706902
49.22461230615308,-1.6997611190822182
49.2496248124062,-1.68497975865596
49.27463731865933,-1.6530554629058127
49.29964982491246,-1.5932081544728334
49.324662331165584,-1.5418749682285284
49.34967483741871,-1.5306501412812712
49.37468734367184,-1.4902925361932096
49.399699849924964,-1.5142239910545399
49.42471235617809,-1.4312482139608385
49.44972486243122,-1.439837160036527
49.474737368684345,-1.409433646347722
49.49974987493747,-1.3103611672885174
49.5247623811906,-1.250132649152347
49.549774887443725,-1.3062193263166095
49.57478739369685,-1.2186849030213107
49.59979989994998,-1.2181587655958228
49.6248124062031,-1.168358971891848
49.649824912456225,-1.1342750903687415
49.67483741870935,-1.0971189854054215
49.69984992496248,-0.9732824148785324
49.724862431215605,-0.9866788283520954
49.74987493746873,-0.985386424517006
49.77488744372186,-0.9112038408475758
49.799899949974986,-0.7995442692993279
49.82491245622811,-0.8370221170881101
49.84992496248124,-0.8022406406673668
49.874937468734366,-0.7456905302007454
49.89994997498749,-0.6827165603297497
49.92496248124062,-0.5825132397163993
49.949974987493746,-0.5790060163015482
49.97498749374687,-0.5266027469747429
50.0,-0.5121651347712314
