x,y
0.0,0.002818421728569387
0.02501250625312656,0.1426158273710319
0.05002501250625312,0.10652616593330845
0.0750375187593797,0.24713571991089123
0.10005002501250625,0.24609564024541222
0.12506253126563283,0.2850866154050996
0.1500750375187594,0.3348428271297425
0.17508754377188596,0.4027329826664222
0.2001000500250125,0.4032822773147431
0.22511255627813906,0.48283655158781
0.25012506253126565,0.5839499241224562
0.2751375687843922,0.5554744810017882
0.3001500750375188,0.6393115774000463
0.32516258129064535,0.6795643242206648
0.3501750875437719,0.7437160550226136
0.3751875937968984,0.7346117269866752
0.400200100050025,0.7954204650776043
0.42521260630315155,0.8956030314789065
0.4502251125562781,0.8813623572985795
0.4752376188094047,1.009282158268488
0.5002501250625313,0.966213872782196
0.5252626313156579,1.0108065841318816
0.5502751375687844,1.1170669199583356
0.575287643821911,1.107088776495356
0.6003001500750376,1.1930814902003388
0.6253126563281641,1.2287091787515603
0.6503251625812907,1.2672458580009578
0.6753376688344173,1.3297590599411335
0.7003501750875438,1.2945394493177327
0.7253626813406704,1.3435310710260762
0.7503751875937968,1.3942028194017158
0.7753876938469234,1.4768564743035708
0.80040020010005,1.519850878348981
0.8254127063531765,1.5262832969788747
0.8504252126063031,1.5548238523194118
0.8754377188594297,1.5795337083482661
0.9004502251125562,1.6500358837178368
0.9254627313656828,1.683193249577981
0.9504752376188094,1.6775254842111234
0.9754877438719359,1.6779670455885811
1.0005002501250626,1.6996598190401297
1.0255127563781892,1.778882488870588
1.0505252626313157,1.7868629750833915
1.0755377688844423,1.7706492013974475
1.1005502751375689,1.7964965225555638
1.1255627813906954,1.8267425905184964
1.150575287643822,1.8916103645482578
1.1755877938969486,1.858050294271467
1.2006003001500751,1.944951968406584
1.2256128064032017,1.885628524495569
1.2506253126563283,1.9349651609714853
1.2756378189094548,1.935218880732306
1.3006503251625814,1.9687881912022847
1.325662831415708,2.002318472004321
1.3506753376688345,2.0009846051453244
1.375687843921961,2.0360067846858994
1.4007003501750876,2.0516787075574126
1.4257128564282142,2.0365206012610577
1.4507253626813408,1.989981184906147
1.4757378689344671,2.0143431375457044
1.5007503751875937,2.036565081143294
1.5257628814407203,2.005282519616653
1.5507753876938468,2.0918408259442156
1.5757878939469734,2.0536372238687233
1.6008004002001,2.040498862660232
1.6258129064532265,2.086542963191657
1.650825412706353,2.014520471607501
1.6758379189594796,2.069208291486848
1.7008504252126062,2.047051921586414
1.7258629314657328,2.075868885591568
1.7508754377188593,2.008721138448287
1.775887943971986,2.000241930144516
1.8009004502251125,2.0261839582321577
1.825912956478239,1.9992188653736016
1.8509254627313656,2.010115962550617
1.8759379689844922,1.9195547496473213
1.9009504752376187,1.937329630726015
1.9259629814907453,1.8941401998732883
1.9509754877438719,1.8778676574564837
1.9759879939969984,1.8923967624210845
2.001000500250125,1.882508220073572
2.0260130065032516,1.842840939290752
2.0510255127563783,1.8658331800663168
2.0760380190095047,1.782871136830114
2.1010505252626315,1.8131391182496825
2.126063031515758,1.7172420256775407
2.1510755377688846,1.7214078907150279
2.176088044022011,1.656211410516901
2.2011005502751377,1.7126903537252987
2.226113056528264,1.6453275513238714
2.251125562781391,1.5711728348445055
2.276138069034517,1.5881732558199435
2.301150575287644,1.5813139830914624
2.3261630815407703,1.5256368715373703
2.351175587793897,1.4765143868035195
2.3761880940470235,1.4058480195149041
2.4012006003001503,1.4069653562794877
2.4262131065532766,1.3694673251329876
2.4512256128064034,1.3225599579490324
2.4762381190595297,1.3260432210148512
2.5012506253126565,1.2090014549489772
2.526263131565783,1.154962209162842
2.5512756378189096,1.1541534952407149
2.576288144072036,1.1504021452729214
2.6013006503251628,1.0905414051670868
2.626313156578289,1.0409539099861618
2.651325662831416,1.0153379391341888
2.6763381690845423,0.9007716460982421
2.701350675337669,0.8629731904937203
2.7263631815907954,0.8680612044358065
2.751375687843922,0.8138659476209235
2.7763881940970485,0.7426087462952541
2.8014007003501753,0.7329517467988775
2.8264132066033016,0.6315461022557034
2.8514257128564284,0.6036722851254805
2.8764382191095548,0.6190499960543283
2.9014507253626816,0.47590587533241424
2.926463231615808,0.43782983016936955
2.9514757378689342,0.41313010810715534
2.976488244122061,0.39101140800904977
3.0015007503751874,0.280001781773536
3.026513256628314,0.290871203424824
3.0515257628814405,0.18457740157847327
3.0765382691345673,0.21328527047452175
3.1015507753876936,0.10257302508986238
3.1265632816408204,0.08749957513648059
3.1515757878939468,0.02121122393135119
3.1765882941470736,-0.025639906096880723
3.2016008004002,-0.08650789007324176
3.2266133066533267,-0.15479755516554955
3.251625812906453,-0.15791645728596032
3.27663831915958,-0.21028062311324963
3.301650825412706,-0.2641392521988153
3.326663331665833,-0.34168519734040825
3.3516758379189593,-0.37012521496467365
3.376688344172086,-0.4081335330111321
3.4017008504252124,-0.47237702555329775
3.426713356678339,-0.4926793175908678
3.4517258629314655,-0.553727427353141
3.4767383691845923,-0.6380834270563347
3.5017508754377187,-0.6857112273406891
3.5267633816908455,-0.6609080598250601
3.551775887943972,-0.7280372552566163
3.5767883941970986,-0.8184067263553902
3.601800900450225,-0.8260045653133822
3.6268134067033517,-0.9222964487140902
3.651825912956478,-0.9728800119397817
3.676838419209605,-0.9842822860800798
3.701850925462731,-1.0266068355144455
3.726863431715858,-1.0187270366432908
3.7518759379689843,-1.104455516796184
3.776888444222111,-1.1067738681835697
3.8019009504752375,-1.1809525671134689
3.8269134567283642,-1.2588122785757105
3.8519259629814906,-1.302672240257091
3.8769384692346174,-1.308287161547139
3.9019509754877437,-1.3095010402391298
3.9269634817408705,-1.3551052297809782
3.951975987993997,-1.3718031487927487
3.9769884942471236,-1.4552200417274472
4.00200100050025,-1.4317560399391107
4.027013506753376,-1.5340424784449724
4.052026013006503,-1.5677777136454099
4.07703851925963,-1.5485439825209946
4.102051025512757,-1.6107547898452577
4.127063531765883,-1.6309597822418955
4.152076038019009,-1.681099906567836
4.177088544272136,-1.7092424292726476
4.202101050525263,-1.710104373903195
4.227113556778389,-1.748693509952526
4.252126063031516,-1.754802886585715
4.277138569284642,-1.7219347311505637
4.302151075537769,-1.7483189806385164
4.327163581790895,-1.7800796085179424
4.352176088044022,-1.8362527803767852
4.377188594297149,-1.8203437017306974
4.4022011005502755,-1.8539327819312412
4.427213606803401,-1.8457690920657728
4.452226113056528,-1.9023212224095487
4.477238619309655,-1.8893503704877703
4.502251125562782,-1.867315420451525
4.527263631815908,-1.8695966161879172
4.552276138069034,-1.9069125961561864
4.577288644322161,-1.9669338115701613
4.602301150575288,-1.9290856521819852
4.627313656828414,-1.966745712185459
4.652326163081541,-1.9302210828434458
4.6773386693346675,-1.9784819762491597
4.702351175587794,-1.9490282616939212
4.72736368184092,-1.9094208635525294
4.752376188094047,-1.9706576528868072
4.777388694347174,-1.961230949092904
4.8024012006003005,-1.9716594353675776
4.827413706853426,-1.9226049360874955
4.852426213106553,-1.8884125400032579
4.87743871935968,-1.8770451648769146
4.902451225612807,-1.938436273634332
4.927463731865933,-1.9349964064364908
4.9524762381190595,-1.9292527205205696
4.977488744372186,-1.8555100095119332
5.002501250625313,-1.903731424711937
5.027513756878439,-1.8983503070808065
5.052526263131566,-1.8624943783034822
5.0775387693846925,-1.778938845029147
5.102551275637819,-1.830653193218806
5.127563781890945,-1.8242176936099779
5.152576288144072,-1.741328715964357
5.177588794397199,-1.755655594605403
5.2026013006503256,-1.7534224036365693
5.2276138069034515,-1.684057528984581
5.252626313156578,-1.6243484292733776
5.277638819409705,-1.6315206691667021
5.302651325662832,-1.6247703572895134
5.327663831915958,-1.5928036208288692
5.3526763381690845,-1.5108782973237098
5.377688844422211,-1.5134828167293723
5.402701350675338,-1.48972211500928
5.427713856928464,-1.4957996099099655
5.452726363181591,-1.457857141121709
5.4777388694347176,-1.3515466611981792
5.502751375687844,-1.3768330404731026
5.52776388194097,-1.2872841317394066
5.552776388194097,-1.2557308410026977
5.577788894447224,-1.2075986437408297
5.602801400700351,-1.1609485899288894
5.6278139069534765,-1.2050511299387747
5.652826413206603,-1.1563171533236971
5.67783891945973,-1.0401337446150711
5.702851425712857,-1.049901711139838
5.727863931965983,-1.0251224374459393
5.7528764382191095,-0.950040999435861
5.777888944472236,-0.9352951914479816
5.802901450725363,-0.8499308613451977
5.827913956978489,-0.8147113276241955
5.852926463231616,-0.7671807647540942
5.877938969484743,-0.7730601734034519
5.9029514757378685,-0.691817529369656
5.927963981990995,-0.6396775264481299
5.952976488244122,-0.5872552929766499
5.977988994497249,-0.5259807997752609
6.003001500750375,-0.50667013833067
6.0280140070035015,-0.44253211947486226
6.053026513256628,-0.38918953367434544
6.078039019509755,-0.3691282330406497
6.103051525762881,-0.3276056422565141
6.128064032016008,-0.2935104219164983
6.153076538269135,-0.255805121271088
6.178089044522261,-0.18593167810192168
6.203101550775387,-0.1093791080487582
6.228114057028514,-0.0543866424751976
6.253126563281641,0.03072003004172294
6.278139069534768,0.02778340517627955
6.3031515757878935,0.07608387529798327
6.32816408204102,0.16515467340184947
6.353176588294147,0.22480327863272154
6.378189094547274,0.2745185185742904
6.4032016008004,0.3375718676375149
6.428214107053527,0.314120655134782
6.453226613306653,0.39163332509406273
6.47823911955978,0.4670577414112398
6.503251625812906,0.5000705582928082
6.528264132066033,0.4943252244919171
6.55327663831916,0.6059741917250593
6.578289144572286,0.6762012442953947
6.603301650825412,0.6840738951237064
6.628314157078539,0.6826231674993931
6.653326663331666,0.7710553887616716
6.678339169584793,0.806729927504131
6.703351675837919,0.8368193453110593
6.728364182091045,0.9176198454837461
6.753376688344172,0.9875753557963992
6.778389194597299,1.0350438289216923
6.803401700850425,1.0649700358450729
6.828414207103552,1.0863454282027183
6.853426713356678,1.0946992122757313
6.878439219609805,1.2122317615696268
6.903451725862931,1.207775248129687
6.928464232116058,1.2395444976643433
6.953476738369185,1.2535320025395944
6.9784892446223115,1.3501660228250352
7.003501750875437,1.3517517970527781
7.028514257128564,1.4080040578166912
7.053526763381691,1.4864453963314932
7.078539269634818,1.4721304596129399
7.103551775887944,1.5318767764336847
7.12856428214107,1.5874230125557494
7.153576788394197,1.565066994305165
7.178589294647324,1.5630695347361347
7.20360180090045,1.613805477208399
7.228614307153577,1.691336292395472
7.2536268134067035,1.7356525767011801
7.27863931965983,1.7676455149535435
7.303651825912956,1.7946205522299452
7.328664332166083,1.7944798273337599
7.35367683841921,1.8101434137254198
7.3786893446723365,1.807688845880718
7.403701850925462,1.8691866215560027
7.428714357178589,1.8750838403542214
7.453726863431716,1.8629566626185325
7.478739369684843,1.8998191623305092
7.503751875937969,1.9462975297073406
7.5287643821910955,1.9547702758612269
7.553776888444222,1.926611742476231
7.578789394697349,2.0173159026017005
7.603801900950475,2.024182071541513
7.628814407203602,2.0340523314452716
7.6538269134567285,1.9684446058617637
7.678839419709855,1.9957935429395344
7.703851925962981,2.040308443522913
7.728864432216108,1.9862945247712094
7.753876938469235,2.037085803174893
7.7788894447223615,2.0116301688574647
7.8039019509754874,2.0159059984456156
7.828914457228614,2.025608298196791
7.853926963481741,2.0575192610008517
7.878939469734868,2.0469513265356505
7.903951975987994,2.0483227185665704
7.9289644822411205,2.0704838782860353
7.953976988494247,2.0549073844071706
7.978989494747374,2.033273858906596
8.0040020010005,1.9966493083925376
8.029014507253628,2.050645545819197
8.054027013506753,1.9748576194541942
8.07903951975988,2.047726836339682
8.104052026013006,1.98827174421822
8.129064532266133,1.977991151209977
8.15407703851926,1.9735401117651807
8.179089544772387,1.9006169478167694
8.204102051025513,1.8927184972422357
8.22911455727864,1.8809392389346982
8.254127063531765,1.8514902576689813
8.279139569784892,1.872624204846201
8.304152076038019,1.8919405293702767
8.329164582291146,1.8443924225299702
8.354177088544272,1.7874033969036507
8.379189594797399,1.7779012814873447
8.404202101050526,1.7069583294181667
8.429214607303653,1.6887851567426857
8.454227113556778,1.7471662238980998
8.479239619809904,1.6632036302216493
8.504252126063031,1.6746779538286614
8.529264632316158,1.5895325377158498
8.554277138569285,1.5865890476561264
8.579289644822412,1.5366614291127865
8.604302151075538,1.4717683660093288
8.629314657328665,1.5097150708571867
8.65432716358179,1.4182854161667655
8.679339669834917,1.428027484972881
8.704352176088044,1.4041226674531724
8.72936468234117,1.2845448465411125
8.754377188594297,1.2599803719214844
8.779389694847424,1.267724408864736
8.804402201100551,1.2144343128334842
8.829414707353676,1.1705314741906463
8.854427213606803,1.0849452078730595
8.87943971985993,1.1157437302473272
8.904452226113056,1.0130673541208748
8.929464732366183,0.9738070570627828
8.95447723861931,0.9457434935797427
8.979489744872437,0.8669041192904188
9.004502251125563,0.8461324331579966
9.029514757378688,0.8181388411280011
9.054527263631815,0.744699247197783
9.079539769884942,0.6922049375817272
9.104552276138069,0.7090532963409686
9.129564782391196,0.6573941281835073
9.154577288644322,0.5602481567222165
9.17958979489745,0.5142757457092481
9.204602301150576,0.5265779252728117
9.229614807403701,0.4122910814819204
9.254627313656828,0.41082055846993537
9.279639819909955,0.36698896908005374
9.304652326163081,0.3353933132528337
9.329664832416208,0.24682325246666403
9.354677338669335,0.1973553412327457
9.379689844922462,0.1649482600573903
9.404702351175589,0.12898228113191518
9.429714857428714,0.07993105461281069
9.45472736368184,-0.0058206816839614164
9.479739869934967,-0.061964343498725385
9.504752376188094,-0.09357200806412705
9.52976488244122,-0.18017337137541553
9.554777388694347,-0.16640069595513907
9.579789894947474,-0.25899518493941487
9.604802401200601,-0.2811066686773919
9.629814907453726,-0.37307524956135724
9.654827413706853,-0.43920694352434103
9.67983991995998,-0.4508453261524113
9.704852426213106,-0.46515551461925864
9.729864932466233,-0.58072522128926
9.75487743871936,-0.6116867382162623
9.779889944972487,-0.6888625199655823
9.804902451225614,-0.706581881811029
9.829914957478739,-0.7506541113258252
9.854927463731865,-0.7897753693307152
9.879939969984992,-0.8052311244262521
9.904952476238119,-0.9186662135116763
9.929964982491246,-0.8862476372642873
9.954977488744372,-0.9994673279394843
9.9799899949975,-0.9795429324930862
10.005002501250626,-1.036420362496694
10.030015007503751,-1.0411801392731204
10.055027513756878,-1.140701802281909
10.080040020010005,-1.1194454024708107
10.105052526263131,-1.225871869978923
10.130065032516258,-1.239571622849586
10.155077538769385,-1.315574940945109
10.180090045022512,-1.3670030128809705
10.205102551275639,-1.30984791381649
10.230115057528764,-1.4073109671342166
10.25512756378189,-1.4028868483068044
10.280140070035017,-1.4559476647768441
10.305152576288144,-1.4503321548325179
10.33016508254127,-1.5497225650790318
10.355177588794398,-1.5362385799225675
10.380190095047524,-1.5527303909513481
10.405202601300651,-1.6541128985884597
10.430215107553776,-1.6769416135232051
10.455227613806903,-1.7098862117610483
10.48024012006003,-1.674202976660329
10.505252626313156,-1.724137041792683
10.530265132566283,-1.7280488840745343
10.55527763881941,-1.7309650009436535
10.580290145072537,-1.7782339505993905
10.605302651325664,-1.814676979878323
10.630315157578789,-1.863447659839029
10.655327663831915,-1.8604448104969153
10.680340170085042,-1.8857483941934376
10.705352676338169,-1.9077742920695637
10.730365182591296,-1.8442725195021143
10.755377688844423,-1.8745053853816986
10.78039019509755,-1.930488976457301
10.805402701350676,-1.9132361397848456
10.830415207603801,-1.9387116212896276
10.855427713856928,-1.9699602496448985
10.880440220110055,-1.9633175555413707
10.905452726363182,-1.897286804415974
10.930465232616308,-1.927659879435944
10.955477738869435,-1.9035019795524035
10.980490245122562,-1.9688571522593017
11.005502751375689,-1.989716235530631
11.030515257628814,-1.9351081730580348
11.05552776388194,-1.9760774016614464
11.080540270135067,-1.984912147596003
11.105552776388194,-1.9540374632811697
11.13056528264132,-1.8909268570936408
11.155577788894448,-1.9243554964978125
11.180590295147574,-1.9490277944098258
11.205602801400701,-1.917523554117352
11.230615307653826,-1.937448028109163
11.255627813906953,-1.928776520914703
11.28064032016008,-1.8329288902151797
11.305652826413207,-1.8459711727223609
11.330665332666333,-1.8148507877293052
11.35567783891946,-1.7807904040512141
11.380690345172587,-1.7838021175556098
11.405702851425714,-1.747299814765013
11.430715357678839,-1.762815821366856
11.455727863931966,-1.7899428049869648
11.480740370185092,-1.724561746951849
11.505752876438219,-1.6686044104367526
11.530765382691346,-1.7038817812603662
11.555777888944473,-1.6875965895660427
11.5807903951976,-1.642862239324937
11.605802901450726,-1.6138570827213288
11.630815407703851,-1.5704794140540586
11.655827913956978,-1.4994444221134515
11.680840420210105,-1.4694657236064694
11.705852926463232,-1.5043204147682612
11.730865432716358,-1.4550907495826828
11.755877938969485,-1.4080967125418826
11.780890445222612,-1.3845340968570394
11.805902951475737,-1.36411490052469
11.830915457728864,-1.3028233835695162
11.85592796398199,-1.2900520530331934
11.880940470235117,-1.1815930993755024
11.905952976488244,-1.193238962660709
11.930965482741371,-1.1844540917860344
11.955977988994498,-1.0481948660085596
11.980990495247624,-1.0933108078764429
12.00600300150075,-1.002578960943393
12.031015507753876,-0.9753250006853901
12.056028014007003,-0.9489714996286683
12.08104052026013,-0.9050811510309698
12.106053026513257,-0.7902694413380092
12.131065532766383,-0.7737224440323548
12.15607803901951,-0.7629475962135776
12.181090545272637,-0.6665083798518125
12.206103051525762,-0.6576924513809864
12.231115557778889,-0.6300297764884142
12.256128064032016,-0.5255420950240562
12.281140570285142,-0.49154408563526386
12.30615307653827,-0.46772347353630817
12.331165582791396,-0.44531511049699246
12.356178089044523,-0.3769416539058797
12.38119059529765,-0.3316686582750886
12.406203101550775,-0.31794804525153336
12.431215607803901,-0.19349984516180635
12.456228114057028,-0.13136204689394745
12.481240620310155,-0.164177201630532
12.506253126563282,-0.0887554148234839
12.531265632816408,0.014335616731444706
12.556278139069535,0.018642681339843713
12.581290645322662,0.04915724031771108
12.606303151575787,0.13590155732785925
12.631315657828914,0.14746067976614705
12.65632816408204,0.19192659916261529
12.681340670335167,0.28307629022365255
12.706353176588294,0.3343871962871216
12.731365682841421,0.41668303589495026
12.756378189094548,0.466095789567473
12.781390695347675,0.49366357118896453
12.8064032016008,0.5389275377199905
12.831415707853926,0.5572411649135501
12.856428214107053,0.6607911540898445
12.88144072036018,0.7090118079728865
12.906453226613307,0.6708681188948024
12.931465732866434,0.8122191461770316
12.95647823911956,0.7932779574032467
12.981490745372687,0.9015044453709156
13.006503251625812,0.9321424468984773
13.031515757878939,0.9135912997848338
13.056528264132066,1.02028104500313
13.081540770385192,1.038181177306979
13.10655327663832,1.1126876792328815
13.131565782891446,1.1307657861839373
13.156578289144573,1.1412361015835035
13.1815907953977,1.2447973858940822
13.206603301650825,1.212763468409387
13.231615807903951,1.2437556652079291
13.256628314157078,1.3270221975507208
13.281640820410205,1.3230944126412163
13.306653326663332,1.3721092919609468
13.331665832916459,1.3959428796919742
13.356678339169585,1.4598202917255874
13.381690845422712,1.4799208764429992
13.406703351675837,1.5304875161032445
13.431715857928964,1.59433709525794
13.45672836418209,1.6428347047100589
13.481740870435218,1.6035005252032408
13.506753376688344,1.6438012014777765
13.531765882941471,1.6892914506312513
13.556778389194598,1.7159322132135255
13.581790895447725,1.7067323079831713
13.60680340170085,1.8014883500753487
13.631815907953976,1.830184144485556
13.656828414207103,1.793959146810898
13.68184092046023,1.80724282591054
13.706853426713357,1.8735065079579776
13.731865932966484,1.8657417357810735
13.75687843921961,1.9125194603671136
13.781890945472737,1.9161108106893252
13.806903451725862,1.9655177877802776
13.831915957978989,1.9726769600871812
13.856928464232116,2.0211823870461876
13.881940970485243,1.9590252442256992
13.90695347673837,1.9549886937560181
13.931965982991496,2.048472410296593
13.956978489244623,2.012463428083462
13.98199099549775,2.008031040835574
14.007003501750875,1.9890760764280568
14.032016008004002,2.0003821393491057
14.057028514257128,2.038450964863836
14.082041020510255,2.0310332653943215
14.107053526763382,2.0547798502540893
14.132066033016509,2.086944716750015
14.157078539269635,2.052257182151758
14.182091045522762,2.0641604537561333
14.207103551775887,2.0031063671322706
14.232116058029014,2.0164399923838516
14.25712856428214,2.036943379260802
14.282141070535268,2.038333814393936
14.307153576788394,2.060221995622056
14.332166083041521,1.9846763742855325
14.357178589294648,2.0310797341612417
14.382191095547775,2.01731705658679
14.4072036018009,1.9665226872090211
14.432216108054027,2.010186481963271
14.457228614307153,1.9206584847781882
14.48224112056028,1.968895204630654
14.507253626813407,1.9533442844817213
14.532266133066534,1.8605780419594358
14.55727863931966,1.837253180608648
14.582291145572787,1.8651119135446483
14.607303651825912,1.794270450235682
14.632316158079039,1.8560727623668705
14.657328664332166,1.7661872976099289
14.682341170585293,1.7285368840678348
14.70735367683842,1.7708439353859462
14.732366183091546,1.6890019045176503
14.757378689344673,1.7058771434604176
14.782391195597798,1.6445373528640486
14.807403701850925,1.6526241836522115
14.832416208104052,1.5784706963645176
14.857428714357178,1.5606976884138917
14.882441220610305,1.5123923428876405
14.907453726863432,1.4548929034271836
14.932466233116559,1.419753714861638
14.957478739369686,1.420840002249864
14.98249124562281,1.4216506885526952
15.007503751875937,1.3012763345899991
15.032516258129064,1.3226156999310472
15.057528764382191,1.26444050341424
15.082541270635318,1.2289542997946743
15.107553776888444,1.1893584747929633
15.132566283141571,1.1268930853441397
15.157578789394698,1.047603758858854
15.182591295647823,1.0396364134696854
15.20760380190095,1.0319415353290258
15.232616308154077,0.9359636916785542
15.257628814407203,0.951060843066802
15.28264132066033,0.8608284369157716
15.307653826913457,0.8088307463727026
15.332666333166584,0.7615706681241796
15.35767883941971,0.7216447020403698
15.382691345672836,0.6707526481984749
15.407703851925962,0.6339433845886943
15.43271635817909,0.5816079807720566
15.457728864432216,0.5890129604632082
15.482741370685343,0.47511532870851114
15.50775387693847,0.4550435293075137
15.532766383191596,0.4234212750192546
15.557778889444723,0.2996321673706812
15.582791395697848,0.317514215595291
15.607803901950975,0.27969158651416265
15.632816408204102,0.16525950468630551
15.657828914457228,0.11178448373223797
15.682841420710355,0.06048698366974605
15.707853926963482,0.08871301724561063
15.732866433216609,0.042070751110852324
15.757878939469736,-0.011784101980257297
15.78289144572286,-0.14005772100013772
15.807903951975987,-0.12339991912412891
15.832916458229114,-0.23039088704505697
15.857928964482241,-0.2794611705738364
15.882941470735368,-0.30743937209692046
15.907953976988495,-0.3190652109613392
15.932966483241621,-0.36998097826395626
15.957978989494748,-0.47733105847552565
15.982991495747873,-0.46444109047665716
16.008004002001,-0.5890042835408733
16.03301650825413,-0.5680715048131106
16.058029014507255,-0.6502058380485807
16.08304152076038,-0.7263397189117009
16.108054027013505,-0.6959872872769234
16.133066533266632,-0.7273341513268035
16.15807903951976,-0.8057479910467866
16.183091545772886,-0.8673587108232956
16.208104052026012,-0.9443765796692802
16.23311655827914,-0.9531595515469364
16.258129064532266,-1.0355025181750057
16.283141570785393,-1.0029493895565802
16.30815407703852,-1.050495009907824
16.333166583291646,-1.134432389691766
16.358179089544773,-1.1111360545356581
16.3831915957979,-1.2166123522103096
16.408204102051027,-1.2468104570232055
16.433216608304154,-1.3011527731581582
16.45822911455728,-1.3213100721338282
16.483241620810404,-1.3215421215532586
16.50825412706353,-1.3910619606532357
16.533266633316657,-1.382764796204011
16.558279139569784,-1.4782433069446062
16.58329164582291,-1.4550950150725201
16.608304152076037,-1.5381621494732087
16.633316658329164,-1.5750771727197264
16.65832916458229,-1.5407734029972244
16.683341670835418,-1.5723620531252527
16.708354177088545,-1.6406460958778564
16.73336668334167,-1.702942943663626
16.758379189594798,-1.7000946408746862
16.783391695847925,-1.6863568897787031
16.808404202101052,-1.7089827454449398
16.83341670835418,-1.783203565806228
16.858429214607305,-1.7942971207081877
16.88344172086043,-1.815901883304575
16.908454227113555,-1.802382917355503
16.933466733366682,-1.7904146378456016
16.95847923961981,-1.8183532962361642
16.983491745872936,-1.8717162154591553
17.008504252126063,-1.8488030748237163
17.03351675837919,-1.8836121254778826
17.058529264632316,-1.8768467991892275
17.083541770885443,-1.906476548727714
17.10855427713857,-1.9497500991298842
17.133566783391696,-1.9408943845063726
17.158579289644823,-1.8909697320303318
17.18359179589795,-1.9867157641823463
17.208604302151077,-1.979700589275913
17.233616808404204,-1.9708719053535748
17.25862931465733,-1.9257980820640621
17.283641820910454,-1.9112119165083945
17.30865432716358,-1.9978908860380302
17.333666833416707,-1.952175528065404
17.358679339669834,-1.9617027471523825
17.38369184592296,-1.9327604176000812
17.408704352176088,-1.9191495582950349
17.433716858429214,-1.885880230942979
17.45872936468234,-1.9014224251076293
17.483741870935468,-1.9465018698827639
17.508754377188595,-1.8932347106709175
17.53376688344172,-1.8432074881010996
17.55877938969485,-1.8704177374870619
17.583791895947975,-1.8429168131583409
17.608804402201102,-1.840533274474785
17.63381690845423,-1.8642236051889567
17.658829414707352,-1.8162379276881797
17.68384192096048,-1.8365740249888063
17.708854427213605,-1.7412225585901049
17.733866933466732,-1.756284456375025
17.75887943971986,-1.721749089519998
17.783891945972986,-1.7434700113888062
17.808904452226113,-1.6550421798878026
17.83391695847924,-1.6896236665497175
17.858929464732366,-1.6273620400895208
17.883941970985493,-1.6044865156000436
17.90895447723862,-1.5783546128610242
17.933966983491747,-1.4920903491168767
17.958979489744873,-1.5423580909063281
17.983991995998,-1.4715683022096118
18.009004502251127,-1.3930752895060008
18.034017008504254,-1.4069361644540004
18.059029514757377,-1.373372190868428
18.084042021010504,-1.344949343130861
18.10905452726363,-1.3329399730854328
18.134067033516757,-1.2167838893345109
18.159079539769884,-1.1843634728003263
18.18409204602301,-1.19974641773721
18.209104552276138,-1.193664873031275
18.234117058529264,-1.1103238700784417
18.25912956478239,-1.0484541660351145
18.284142071035518,-1.0221542391656784
18.309154577288645,-0.9932337617632462
18.33416708354177,-0.9191889156568223
18.3591795897949,-0.9188564013438956
18.384192096048025,-0.8010894776222027
18.409204602301152,-0.7982236983260934
18.43421710855428,-0.7790081385275126
18.459229614807402,-0.6862322484266743
18.48424212106053,-0.6808291672879255
18.509254627313656,-0.6040029384267329
18.534267133566782,-0.5443361872766992
18.55927963981991,-0.5064334844851494
18.584292146073036,-0.5098975298075986
18.609304652326163,-0.4202812366888594
18.63431715857929,-0.38669270674472894
18.659329664832416,-0.36893905198183385
18.684342171085543,-0.31300765332405367
18.70935467733867,-0.19447682298208996
18.734367183591797,-0.139583995808581
18.759379689844923,-0.15296781345197857
18.78439219609805,-0.09192124268130511
18.809404702351177,-0.07580771826197359
18.834417208604304,0.027983689447458517
18.859429714857427,0.11051812003192057
18.884442221110554,0.10303218710489362
18.90945472736368,0.1886891658137172
18.934467233616807,0.19003918839588654
18.959479739869934,0.3152457754256672
18.98449224612306,0.29858876002445783
19.009504752376188,0.38522268982731
19.034517258629315,0.4278703714668761
19.05952976488244,0.5166332805887142
19.084542271135568,0.47816430657391085
19.109554777388695,0.6080840609120896
19.13456728364182,0.6080243041017546
19.15957978989495,0.6351743182991776
19.184592296148075,0.6975851663534067
19.209604802401202,0.7933578942658946
19.23461730865433,0.8376940549648686
19.259629814907452,0.8066851976407172
19.28464232116058,0.8723420704641394
19.309654827413706,0.9788724633324097
19.334667333666832,1.0256892172389998
19.35967983991996,1.0474621352027311
19.384692346173086,1.0378408264831949
19.409704852426213,1.0726382591285921
19.43471735867934,1.1952711680948411
19.459729864932466,1.1569068424612265
19.484742371185593,1.2504399722632442
19.50975487743872,1.2801672525487098
19.534767383691847,1.3577529923665603
19.559779889944974,1.3061859757573264
19.5847923961981,1.3732425220151205
19.609804902451227,1.4296982420048876
19.634817408704354,1.4953325273261366
19.659829914957477,1.4955689985958336
19.684842421210604,1.4858470963782142
19.70985492746373,1.6080987033949228
19.734867433716857,1.6103422258219569
19.759879939969984,1.666673274703368
19.78489244622311,1.677478041585141
19.809904952476238,1.6651239798795276
19.834917458729365,1.736185237732562
19.85992996498249,1.7799020865490272
19.884942471235618,1.777928324641387
19.909954977488745,1.8190754319215756
19.93496748374187,1.7714649003176086
19.959979989995,1.807234622670312
19.984992496248125,1.8537344546300716
20.010005002501252,1.9313594555482447
20.03501750875438,1.8621568784052898
20.060030015007502,1.965705434043713
20.08504252126063,1.9330761114274653
20.110055027513756,1.9194715196659868
20.135067533766883,1.9309545445328524
20.16008004002001,1.9754253263798056
20.185092546273136,2.001492764329295
20.210105052526263,2.019742464150714
20.23511755877939,2.023459057237415
20.260130065032516,2.014220505892546
20.285142571285643,2.0454633749532922
20.31015507753877,2.031593642725153
20.335167583791897,2.0143301396544775
20.360180090045024,2.0888679526453524
20.38519259629815,2.0618883041033054
20.410205102551277,2.0025586210011146
20.435217608804404,2.0418574091229353
20.460230115057527,2.0252722331827346
20.485242621310654,1.99787327401145
20.51025512756378,2.0835775989913783
20.535267633816908,2.0559962901597655
20.560280140070034,2.0173977743513953
20.58529264632316,1.9977712006207622
20.610305152576288,2.000864759432314
20.635317658829415,1.9666631924776694
20.66033016508254,1.974506713135595
20.68534267133567,2.015409666389632
20.710355177588795,1.9808893513921646
20.735367683841922,1.9222121726263788
20.76038019009505,1.968006600368115
20.785392696348175,1.8916572317046016
20.810405202601302,1.929649626884827
20.835417708854425,1.8647488283841949
20.860430215107552,1.8283425478283986
20.88544272136068,1.876624708202551
20.910455227613806,1.7960018729547689
20.935467733866933,1.8075363274320668
20.96048024012006,1.7535625721507158
20.985492746373186,1.771183205311286
21.010505252626313,1.7590980739019815
21.03551775887944,1.7092941892042637
21.060530265132567,1.698008452104647
21.085542771385693,1.6130909701695981
21.11055527763882,1.5921748065076666
21.135567783891947,1.5942073769653229
21.160580290145074,1.478972077883622
21.1855927963982,1.4961338108110769
21.210605302651327,1.4336602050567477
21.23561780890445,1.3877895989658078
21.260630315157577,1.357018829505013
21.285642821410704,1.3864529019266836
21.31065532766383,1.3473986783112155
21.335667833916958,1.2908918925274042
21.360680340170084,1.1954464927177586
21.38569284642321,1.215306899306031
21.410705352676338,1.1666769236146308
21.435717858929465,1.105545045948285
21.46073036518259,1.0414770230142407
21.48574287143572,0.9745094641591956
21.510755377688845,0.9706125438143696
21.535767883941972,0.9557914755287374
21.5607803901951,0.8398734387530618
21.585792896448226,0.7978332949236807
21.610805402701352,0.8007637580811026
21.635817908954476,0.6993563682373025
21.660830415207602,0.6520916700462518
21.68584292146073,0.6479942179313328
21.710855427713856,0.598129255389778
21.735867933966983,0.5975079760839974
21.76088044022011,0.5482919650546596
21.785892946473236,0.42376608028180346
21.810905452726363,0.44519745674634
21.83591795897949,0.3726150490419042
21.860930465232617,0.31195170300971237
21.885942971485743,0.29223628276488123
21.91095547773887,0.20290590564015953
21.935967983991997,0.2035245666545047
21.960980490245124,0.14823417817964757
21.98599299649825,0.10030012631802779
22.011005502751377,-0.027784757977480562
22.0360180090045,-0.003291285529696167
22.061030515257627,-0.12494753587630097
22.086043021510754,-0.10821394630639689
22.11105552776388,-0.1650432406142689
22.136068034017008,-0.23488089561727934
22.161080540270135,-0.2898179648629947
22.18609304652326,-0.35696630457062883
22.211105552776388,-0.4265194430328756
22.236118059029515,-0.43257599318373846
22.26113056528264,-0.458169342661805
22.28614307153577,-0.5459248688145565
22.311155577788895,-0.6053724768629916
22.336168084042022,-0.612195070203243
22.36118059029515,-0.6785757597260158
22.386193096548276,-0.6873345767672054
22.411205602801402,-0.7724378557128028
22.436218109054526,-0.7834523636322075
22.461230615307652,-0.8156662031606776
22.48624312156078,-0.8567361931188261
22.511255627813906,-0.9643138741250543
22.536268134067033,-1.0053084252132578
22.56128064032016,-1.0674328895537357
22.586293146573286,-1.0237910272064377
22.611305652826413,-1.1289548076800908
22.63631815907954,-1.155963626853597
22.661330665332667,-1.2112468043086428
22.686343171585793,-1.1977410231685224
22.71135567783892,-1.2835147061968224
22.736368184092047,-1.3394813046019913
22.761380690345174,-1.3705638502321158
22.7863931965983,-1.4241088687357664
22.811405702851427,-1.3835076381619635
22.83641820910455,-1.488096857890947
22.861430715357677,-1.4963476839303471
22.886443221610804,-1.546376765139306
22.91145572786393,-1.5407268629786732
22.936468234117058,-1.5269773265287847
22.961480740370185,-1.5727367927396974
22.98649324662331,-1.669728757681837
23.011505752876438,-1.6180289189058543
23.036518259129565,-1.6966849865108908
23.06153076538269,-1.6827736999918383
23.08654327163582,-1.6830462444415601
23.111555777888945,-1.7683250653600138
23.136568284142072,-1.735104782446516
23.1615807903952,-1.775931611676491
23.186593296648326,-1.78362078158587
23.211605802901452,-1.7842569734675668
23.236618309154576,-1.8435155218835502
23.261630815407702,-1.8303089008018
23.28664332166083,-1.9197650047968322
23.311655827913956,-1.8691133320165476
23.336668334167083,-1.9034624561434006
23.36168084042021,-1.9032695605220267
23.386693346673336,-1.9543862146585698
23.411705852926463,-1.9449723584983858
23.43671835917959,-1.9761885300609467
23.461730865432717,-1.9537151758103422
23.486743371685844,-1.9404014571007053
23.51175587793897,-1.9220600882224708
23.536768384192097,-1.9166228741859759
23.561780890445224,-1.9645802337812395
23.58679339669835,-1.9342037951134285
23.611805902951474,-1.9063268817134964
23.6368184092046,-1.9004884685496004
23.661830915457728,-1.972809727060842
23.686843421710854,-1.9565589866320152
23.71185592796398,-1.9360014939749197
23.736868434217108,-1.869867638440243
23.761880940470235,-1.9144368081400394
23.78689344672336,-1.8699558757351484
23.81190595297649,-1.842882158620478
23.836918459229615,-1.8967501251203844
23.861930965482742,-1.86795421687349
23.88694347173587,-1.8077690408782996
23.911955977988995,-1.8132346644927968
23.936968484242122,-1.8184995143565064
23.96198099049525,-1.824883207094782
23.986993496748376,-1.7412768424711411
24.0120060030015,-1.7485680149715719
24.037018509254626,-1.7621499335346296
24.062031015507753,-1.7357834867918058
24.08704352176088,-1.693758972262321
24.112056028014006,-1.6804126055980038
24.137068534267133,-1.6372549930443585
24.16208104052026,-1.590560509805814
24.187093546773387,-1.6050316075773519
24.212106053026513,-1.5629540685867669
24.23711855927964,-1.5279923402612805
24.262131065532767,-1.4969774078275933
24.287143571785894,-1.452910182006711
24.31215607803902,-1.416949299707653
24.337168584292147,-1.3801280749526732
24.362181090545274,-1.3468446215247574
24.3871935967984,-1.2960732443832772
24.412206103051524,-1.2962755195606996
24.43721860930465,-1.2811889694603653
24.462231115557778,-1.1757609258099277
24.487243621810904,-1.1207801237588906
24.51225612806403,-1.1495769300141994
24.537268634317158,-1.1082081990237616
24.562281140570285,-1.0768231124912626
24.58729364682341,-1.0221225067173794
24.61230615307654,-0.8952360983111196
24.637318659329665,-0.8510119655231771
24.662331165582792,-0.8223920854487687
24.68734367183592,-0.7949454396902028
24.712356178089045,-0.7417642321470801
24.737368684342172,-0.7524875091458775
24.7623811905953,-0.6633378116804884
24.787393696848426,-0.5930476468210498
24.81240620310155,-0.6291706599622453
24.837418709354676,-0.5545810822756843
24.862431215607803,-0.4589591235015277
24.88744372186093,-0.4662891681528138
24.912456228114056,-0.415926893258602
24.937468734367183,-0.38539010969791937
24.96248124062031,-0.274394881036943
24.987493746873437,-0.26484199406445524
25.012506253126563,-0.21143547845573757
25.03751875937969,-0.11919435453080424
25.062531265632817,-0.0926596645685514
25.087543771885944,-0.07302903444461752
25.11255627813907,0.015504336005970391
25.137568784392197,0.05627666554278405
25.162581290645324,0.06901474287860045
25.18759379689845,0.17091297487102292
25.212606303151574,0.2562214773293471
25.2376188094047,0.30831586568766745
25.262631315657828,0.26991721183326767
25.287643821910955,0.32375294492546575
25.31265632816408,0.4322444032491421
25.337668834417208,0.44911404324589194
25.362681340670335,0.5243246343784025
25.38769384692346,0.601675653283801
25.41270635317659,0.6413097129324992
25.437718859429715,0.6064149189328107
25.462731365682842,0.7330635801047972
25.48774387193597,0.7597709577208074
25.512756378189096,0.8147404851199811
25.537768884442222,0.8176321110669638
25.56278139069535,0.8932023614052367
25.587793896948476,0.911282359785805
25.6128064032016,1.000515706674337
25.637818909454726,1.0526860409458245
25.662831415707853,1.0143857562925627
25.68784392196098,1.1389463422155492
25.712856428214106,1.1582726735289586
25.737868934467233,1.1962551156065606
25.76288144072036,1.186101367985169
25.787893946973487,1.223383169063779
25.812906453226613,1.3130983045626698
25.83791895947974,1.328536387700456
25.862931465732867,1.4011094498018506
25.887943971985994,1.4450017176879448
25.91295647823912,1.4141019762655607
25.937968984492247,1.497513718085222
25.962981490745374,1.5652311679046367
25.9879939969985,1.5632250822767468
26.013006503251624,1.549743813704418
26.03801900950475,1.5944201739294113
26.063031515757878,1.6731462878576646
26.088044022011005,1.6850995917873326
26.11305652826413,1.6625435508403168
26.138069034517258,1.775453494241136
26.163081540770385,1.7482452828321886
26.18809404702351,1.8082485620451298
26.21310655327664,1.7667729332077124
26.238119059529765,1.7976877496426573
26.263131565782892,1.8656580119209913
26.28814407203602,1.8339794748733367
26.313156578289146,1.9299459449301442
26.338169084542272,1.8801223577483486
26.3631815907954,1.9023837111318223
26.388194097048526,1.9231991244923736
26.41320660330165,1.9362762843331582
26.438219109554776,1.967731374881409
26.463231615807903,1.9509704382303907
26.48824412206103,2.0486231656477196
26.513256628314156,2.044057055051099
26.538269134567283,1.9798446525208022
26.56328164082041,2.0351428240169125
26.588294147073537,2.0053971712937764
26.613306653326664,2.0669053277561082
26.63831915957979,2.0629167174931973
26.663331665832917,2.0281128897178604
26.688344172086044,2.0922189507864433
26.71335667833917,2.0390124452227787
26.738369184592298,2.06365116770743
26.763381690845424,2.0319953163326887
26.788394197098548,2.0910202831174027
26.813406703351674,2.0877812814785544
26.8384192096048,2.0158215600958527
26.863431715857928,2.0592855677026574
26.888444222111055,1.9992786128825952
26.91345672836418,1.9967440549142557
26.93846923461731,2.0113931959156606
26.963481740870435,1.9563021430045404
26.988494247123562,1.955148788838682
27.01350675337669,1.992488967297406
27.038519259629815,1.89969708275939
27.063531765882942,1.9499644840181745
27.08854427213607,1.92590359687512
27.113556778389196,1.874556476487121
27.138569284642323,1.815313051853364
27.16358179089545,1.8181410133608336
27.188594297148573,1.83688497986738
27.2136068034017,1.7981012222143553
27.238619309654826,1.8045846795838512
27.263631815907953,1.7078878495099294
27.28864432216108,1.723183206039527
27.313656828414207,1.714580295687233
27.338669334667333,1.6320405395741675
27.36368184092046,1.6346114155101117
27.388694347173587,1.5603562079789803
27.413706853426714,1.5285880745325624
27.43871935967984,1.5624788576565476
27.463731865932967,1.5290113297295147
27.488744372186094,1.4319919487302266
27.51375687843922,1.4148381302428614
27.538769384692348,1.423146828670497
27.563781890945474,1.3640463728266525
27.588794397198598,1.3015607166563274
27.613806903451724,1.253061096640209
27.63881940970485,1.249748071284533
27.663831915957978,1.2425079325751898
27.688844422211105,1.1413841186240716
27.71385692846423,1.1577988289585501
27.73886943471736,1.0328691812014414
27.763881940970485,1.0077969802391349
27.788894447223612,0.982560882533389
27.81390695347674,0.9498164026585332
27.838919459729865,0.9037689064628047
27.863931965982992,0.8782674477183324
27.88894447223612,0.8384417411222878
27.913956978489246,0.8027339809476188
27.938969484742373,0.6693092239126741
27.9639819909955,0.622924201679857
27.988994497248623,0.652634130593852
28.01400700350175,0.5422936924186335
28.039019509754876,0.517830990587161
28.064032016008003,0.49611768686463
28.08904452226113,0.4181924369797693
28.114057028514257,0.3806592916263385
28.139069534767383,0.35868411368096104
28.16408204102051,0.2632199746353322
28.189094547273637,0.2577325365202942
28.214107053526764,0.14435956235038755
28.23911955977989,0.09310620761394699
28.264132066033017,0.08156167283577315
28.289144572286144,-0.015018224485091453
28.31415707853927,-0.06140471202702388
28.339169584792398,-0.09219565429224544
28.364182091045524,-0.13788523695691457
28.389194597298648,-0.17873311097404257
28.414207103551774,-0.2685974351002403
28.4392196098049,-0.30505446421188137
28.464232116058028,-0.3129777567903747
28.489244622311155,-0.39458921182991497
28.51425712856428,-0.4507732203142481
28.53926963481741,-0.4942452692419822
28.564282141070535,-0.49803439164184
28.589294647323662,-0.6132601923608471
28.61430715357679,-0.6491887810987905
28.639319659829916,-0.6167293232217956
28.664332166083042,-0.6981908688753796
28.68934467233617,-0.7695233795434161
28.714357178589296,-0.7853547179831435
28.739369684842423,-0.8884031896734785
28.76438219109555,-0.8430071602581057
28.789394697348673,-0.9646249673743368
28.8144072036018,-1.0245608023512434
28.839419709854926,-0.9850828330041845
28.864432216108053,-1.0444801703187352
28.88944472236118,-1.1004330547152443
28.914457228614307,-1.1554682038766573
28.939469734867433,-1.1750343374670669
28.96448224112056,-1.2357372809846183
28.989494747373687,-1.2243561616097594
29.014507253626814,-1.282233924567493
29.03951975987994,-1.3338867873215587
29.064532266133067,-1.4038751142504728
29.089544772386194,-1.4425897882796441
29.11455727863932,-1.4411036635171688
29.139569784892448,-1.5071063171075514
29.164582291145575,-1.4860499325910153
29.189594797398698,-1.5410391416810565
29.214607303651825,-1.5212733411528911
29.23961980990495,-1.5622680728860023
29.264632316158078,-1.6257559466560942
29.289644822411205,-1.6312715719605013
29.31465732866433,-1.7080688217345839
29.33966983491746,-1.7406332821631476
29.364682341170585,-1.7306237863751701
29.389694847423712,-1.7696348564949496
29.41470735367684,-1.7699125785394838
29.439719859929966,-1.7744890109526021
29.464732366183092,-1.7854030536973036
29.48974487243622,-1.7799944368071365
29.514757378689346,-1.7993949895954622
29.539769884942473,-1.843736575905289
29.564782391195596,-1.85044958372438
29.589794897448723,-1.8356143538668266
29.61480740370185,-1.9445219219440142
29.639819909954976,-1.8699822607940657
29.664832416208103,-1.9529759971843133
29.68984492246123,-1.9327978733281554
29.714857428714357,-1.9673602029400066
29.739869934967484,-1.9754697080308194
29.76488244122061,-1.901392198544382
29.789894947473737,-1.9425608373048673
29.814907453726864,-1.9879899670759313
29.83991995997999,-1.9035951080562354
29.864932466233117,-1.9440199843801707
29.889944972486244,-1.972959815705605
29.91495747873937,-1.937115029351857
29.939969984992498,-1.9889490287027898
29.96498249124562,-1.9729704524957552
29.989994997498748,-1.9675796573175532
30.015007503751875,-1.9403201523699967
30.040020010005,-1.9104964393384172
30.06503251625813,-1.8694242867939208
30.090045022511255,-1.8761282872837892
30.115057528764382,-1.9163803956136918
30.14007003501751,-1.8254923399399872
30.165082541270635,-1.884274335768313
30.190095047523762,-1.8458816005722034
30.21510755377689,-1.8010428046691178
30.240120060030016,-1.7613388494038456
30.265132566283143,-1.7392291768400692
30.29014507253627,-1.798452456397447
30.315157578789396,-1.7478598806796377
30.340170085042523,-1.674454293750891
30.365182591295646,-1.665998761723272
30.390195097548773,-1.659630814977365
30.4152076038019,-1.64182318709814
30.440220110055026,-1.640117929590813
30.465232616308153,-1.5526049846973935
30.49024512256128,-1.5822522508186934
30.515257628814407,-1.4691929701049966
30.540270135067534,-1.4685894178767702
30.56528264132066,-1.4408024038676381
30.590295147573787,-1.466516191997545
30.615307653826914,-1.3553788493926167
30.64032016008004,-1.3358791342157053
30.665332666333168,-1.3289614985185143
30.690345172586294,-1.2416817142623122
30.71535767883942,-1.228524840829238
30.740370185092548,-1.1787616708309803
30.76538269134567,-1.1270543453750563
30.790395197598798,-1.0795351842409684
30.815407703851925,-1.063858651976277
30.84042021010505,-1.0462171522794335
30.86543271635818,-1.0093976823072484
30.890445222611305,-0.9415717653104134
30.915457728864432,-0.9285368845907236
30.94047023511756,-0.8980392082845847
30.965482741370685,-0.7957586898203538
30.990495247623812,-0.7644296115465044
31.01550775387694,-0.7594218477137448
31.040520260130066,-0.6604176774816387
31.065532766383193,-0.6644756541775227
31.09054527263632,-0.5516176894857128
31.115557778889446,-0.5169052755157528
31.140570285142573,-0.4904497192878556
31.165582791395696,-0.4678872464775211
31.190595297648823,-0.4025417915815832
31.21560780390195,-0.3292477306160075
31.240620310155077,-0.2927922719957498
31.265632816408203,-0.22758464383531413
31.29064532266133,-0.15997421998296438
31.315657828914457,-0.18314891057941107
31.340670335167584,-0.09769340152318208
31.36568284142071,-0.0060845319535124676
31.390695347673837,-0.00793368356415726
31.415707853926964,0.0733840063009447
31.44072036018009,0.0763338485198561
31.465732866433218,0.13697830435398395
31.490745372686344,0.20607324544201383
31.51575787893947,0.29265968490821215
31.540770385192598,0.2811879730775847
31.56578289144572,0.30706437426666444
31.590795397698848,0.4400500533575018
31.615807903951975,0.41103681204301995
31.6408204102051,0.44744665251330573
31.66583291645823,0.5212617947206319
31.690845422711355,0.6185695949131268
31.715857928964482,0.5996513901025465
31.74087043521761,0.7116687949525975
31.765882941470736,0.7664530092872723
31.790895447723862,0.7853276727848294
31.81590795397699,0.8476592853738952
31.840920460230116,0.9028619547404113
31.865932966483243,0.9378932401967971
31.89094547273637,0.9341971181207561
31.915957978989496,1.0174536011837816
31.940970485242623,1.0730491066202243
31.965982991495746,1.1063126251316646
31.990995497748873,1.1151280276742537
32.016008004002,1.1681555602905147
32.04102051025513,1.2426096098908768
32.06603301650826,1.2746179821428403
32.091045522761384,1.2889445269359099
32.11605802901451,1.3057360279572752
32.14107053526764,1.3606559124793385
32.16608304152076,1.459228734165742
32.191095547773884,1.4700872150466329
32.21610805402701,1.4772150410594267
32.24112056028014,1.528955828508062
32.266133066533264,1.5043231690409242
32.29114557278639,1.5671445175926226
32.31615807903952,1.5769803751748066
32.341170585292645,1.6155569173966227
32.36618309154577,1.6365935582132016
32.3911955977989,1.6584774376401894
32.416208104052025,1.7302640297308414
32.44122061030515,1.7274036563794843
32.46623311655828,1.74871371863846
32.491245622811405,1.8156638772367406
32.51625812906453,1.7833037565776375
32.54127063531766,1.8770366057402614
32.566283141570786,1.881200346137817
32.59129564782391,1.939879991601475
32.61630815407704,1.8833149395108728
32.641320660330166,1.9614171746294793
32.66633316658329,1.9633603384388136
32.69134567283642,1.9435378128545802
32.716358179089546,2.0043528081915944
32.74137068534267,2.0371798647896853
32.7663831915958,2.012886425830481
32.79139569784893,1.9908874981472076
32.81640820410205,2.0529056177876064
32.84142071035518,2.044309964791384
32.86643321660831,2.0787543087103315
32.891445722861434,2.0660038070117728
32.91645822911456,2.0285763065171185
32.94147073536768,1.9995913979666384
32.96648324162081,2.064602432001299
32.991495747873934,2.026768526007595
33.01650825412706,2.0110711153263177
33.04152076038019,2.0788924726277793
33.066533266633314,2.039186874538148
33.09154577288644,2.010432707223329
33.11655827913957,2.000661601866514
33.141570785392695,2.0288043213373164
33.16658329164582,2.0095352464683036
33.19159579789895,2.0161493922669877
33.216608304152075,1.9814567238447391
33.2416208104052,2.028065033278227
33.26663331665833,1.9640660051956427
33.291645822911455,1.9546153636649923
33.31665832916458,1.9827235155184466
33.34167083541771,1.936555767681835
33.366683341670836,1.8575145632510999
33.39169584792396,1.900264348668543
33.41670835417709,1.835123134866432
33.441720860430216,1.888096196582223
33.46673336668334,1.837303162394983
33.49174587293647,1.7701095382574608
33.516758379189596,1.7795528264317233
33.54177088544272,1.7210851206684652
33.56678339169585,1.7111552168783206
33.59179589794898,1.734511004596577
33.616808404202104,1.6336673600207763
33.64182091045523,1.6470403946276109
33.66683341670836,1.5925710115981855
33.691845922961484,1.5525034897130472
33.71685842921461,1.5043480786359849
33.74187093546773,1.4836576967823258
33.76688344172086,1.4631840129072227
33.791895947973984,1.430237561290406
33.81690845422711,1.3848408430688823
33.84192096048024,1.3226830941351857
33.866933466733364,1.3385263812802422
33.89194597298649,1.2368601369349215
33.91695847923962,1.2508139764341162
33.941970985492745,1.2450594040653786
33.96698349174587,1.1453193137614641
33.991995997999,1.0876296336721099
34.017008504252125,1.1105177043523489
34.04202101050525,1.0392338787897184
34.06703351675838,0.9660795235366861
34.092046023011505,0.9449160814450233
34.11705852926463,0.934605967272249
34.14207103551776,0.8497225361526807
34.167083541770886,0.7877746799707132
34.19209604802401,0.7951069981178217
34.21710855427714,0.6912357485256331
34.242121060530266,0.7077717646404158
34.26713356678339,0.6120941860864049
34.29214607303652,0.566773252853929
34.31715857928965,0.5033154705726092
34.34217108554277,0.48464991380435224
34.3671835917959,0.39056741588260663
34.39219609804903,0.41489256710162364
34.417208604302154,0.3342548890957454
34.44222111055528,0.3157191533104659
34.46723361680841,0.18758076178036248
34.492246123061534,0.19553984864641466
34.51725862931466,0.08910798711411191
34.54227113556778,0.08780826855601663
34.56728364182091,-0.014273189175842131
34.592296148074034,0.010124146450347288
34.61730865432716,-0.0606229184227806
34.64232116058029,-0.09308889133721814
34.667333666833414,-0.18499600424803483
34.69234617308654,-0.2601985864525372
34.71735867933967,-0.24571239522158053
34.742371185592795,-0.30413476111702564
34.76738369184592,-0.36912616398922526
34.79239619809905,-0.38528814673206424
34.817408704352175,-0.4602864517312609
34.8424212106053,-0.4970670073555244
34.86743371685843,-0.5323225206151978
34.892446223111556,-0.591074719218883
34.91745872936468,-0.6189361410216754
34.94247123561781,-0.660178329662193
34.967483741870936,-0.7836072223947756
34.99249624812406,-0.7570934330497481
35.01750875437719,-0.883593804135058
35.042521260630316,-0.8891891052729094
35.06753376688344,-0.9327367337789261
35.09254627313657,-0.9778420147209835
35.1175587793897,-1.017990890691268
35.14257128564282,-1.0609614847695141
35.16758379189595,-1.1009008374832483
35.19259629814908,-1.1790681316779295
35.217608804402204,-1.1346052907682873
35.24262131065533,-1.2437722585339217
35.26763381690846,-1.207877591247311
35.292646323161584,-1.3289930251022033
35.317658829414704,-1.3591192342797083
35.34267133566783,-1.3149262533636519
35.36768384192096,-1.3635578746083916
35.392696348174084,-1.4341846378782908
35.41770885442721,-1.5029161664198205
35.44272136068034,-1.5443311912910125
35.467733866933465,-1.5642377775145375
35.49274637318659,-1.516749984639342
35.51775887943972,-1.57636808162327
35.542771385692845,-1.6366592815313523
35.56778389194597,-1.6515845651764463
35.5927963981991,-1.62996668108923
35.617808904452225,-1.7182368189000887
35.64282141070535,-1.7104288210692076
35.66783391695848,-1.7542818472545463
35.692846423211606,-1.7488510087679234
35.71785892946473,-1.7594230821769614
35.74287143571786,-1.7805042302620495
35.767883941970986,-1.8072348830291707
35.79289644822411,-1.871744757794016
35.81790895447724,-1.8490460280573062
35.842921460730366,-1.8259167791753907
35.86793396698349,-1.8847283060852769
35.89294647323662,-1.8653700253721908
35.91795897948975,-1.8878016273082099
35.94297148574287,-1.9561060631780174
35.967983991996,-1.9196806889003182
35.99299649824913,-1.88845858414817
36.018009004502254,-1.967760703376126
36.04302151075538,-1.921493417984934
36.06803401700851,-1.9405125431615717
36.093046523261634,-1.9087676084569385
36.118059029514754,-1.9550959160975387
36.14307153576788,-1.9878322890564923
36.16808404202101,-1.9048364046095367
36.193096548274134,-1.9946184848720272
36.21810905452726,-1.955650616631299
36.24312156078039,-1.9160905076304842
36.268134067033515,-1.9749427256868684
36.29314657328664,-1.9259961474241296
36.31815907953977,-1.9193650165887728
36.343171585792895,-1.8988009307249918
36.36818409204602,-1.8652871577339731
36.39319659829915,-1.8772362813393009
36.418209104552275,-1.8620318287573554
36.4432216108054,-1.8771965872013834
36.46823411705853,-1.8609514652180092
36.493246623311656,-1.8074946858242884
36.51825912956478,-1.8214385485704205
36.54327163581791,-1.7814489750248177
36.568284142071036,-1.8068450505941542
36.59329664832416,-1.7049025697464626
36.61830915457729,-1.7244874355502229
36.643321660830416,-1.6435107074410646
36.66833416708354,-1.704471668025467
36.69334667333667,-1.6142308010751574
36.7183591795898,-1.598446029711063
36.743371685842924,-1.558502838026605
36.76838419209605,-1.6018280270432192
36.79339669834918,-1.553979627842824
36.818409204602304,-1.4466922625569014
36.84342171085543,-1.4544301385565257
36.86843421710856,-1.4180339538994164
36.893446723361684,-1.3604496497887784
36.918459229614804,-1.3517715313510001
36.94347173586793,-1.2722010076579797
36.96848424212106,-1.2791925354766678
36.993496748374184,-1.2920680809097962
37.01850925462731,-1.2314033080323576
37.04352176088044,-1.167744865401321
37.068534267133565,-1.1154713411023012
37.09354677338669,-1.0837093163116374
37.11855927963982,-1.0924664734452045
37.143571785892945,-0.9659113451782352
37.16858429214607,-0.9597518451375721
37.1935967983992,-0.9263041528965829
37.218609304652325,-0.9024734860936374
37.24362181090545,-0.8245869360882354
37.26863431715858,-0.7658743274088735
37.293646823411706,-0.7661179326503049
37.31865932966483,-0.7210642064615876
37.34367183591796,-0.6376596033260309
37.368684342171086,-0.6144758413837271
37.39369684842421,-0.5295996783271419
37.41870935467734,-0.5521941407254753
37.44372186093047,-0.44672360647401305
37.46873436718359,-0.3577797649494071
37.49374687343672,-0.40409916001664364
37.51875937968985,-0.30526100089308716
37.543771885942974,-0.24535568760730708
37.5687843921961,-0.2532105854715905
37.59379689844923,-0.14072754887011352
37.618809404702354,-0.12606366709060704
37.64382191095548,-0.020739519383429744
37.66883441720861,-0.05482108787748962
37.693846923461734,0.024985735315622867
37.718859429714854,0.05997706740541173
37.74387193596798,0.15876854517619235
37.76888444222111,0.16285043330996862
37.793896948474234,0.2600039479549438
37.81890945472736,0.2904644047432196
37.84392196098049,0.35256677827902816
37.868934467233615,0.35155660494968766
37.89394697348674,0.4412111286936455
37.91895947973987,0.5026138746299407
37.943971985992995,0.5380684342807436
37.96898449224612,0.5872697428955842
37.99399699849925,0.6586321681105186
38.019009504752376,0.7281389334759385
38.0440220110055,0.7017237441046839
38.06903451725863,0.7331216431393242
38.094047023511756,0.8202592989925537
38.11905952976488,0.838638961627899
38.14407203601801,0.8661242387039235
38.169084542271136,0.9349550594353354
38.19409704852426,1.0069331516771125
38.21910955477739,1.0369130597794634
38.24412206103052,1.0799201264199818
38.26913456728364,1.1077704527945893
38.29414707353677,1.1641446722667477
38.3191595797899,1.1860789615735545
38.344172086043024,1.2256962288287574
38.36918459229615,1.3275891060091158
38.39419709854928,1.2853999611009295
38.419209604802404,1.370900426712137
38.44422211105553,1.3892535224819864
38.46923461730866,1.4915900100934147
38.49424712356178,1.491675465304093
38.519259629814904,1.4859610556948182
38.54427213606803,1.5211030957433072
38.56928464232116,1.6182322203009962
38.594297148574285,1.6149348268788224
38.61930965482741,1.6488513031969667
38.64432216108054,1.6601194503913295
38.669334667333665,1.7070582604231803
38.69434717358679,1.7164963812610494
38.71935967983992,1.7662463697775639
38.744372186093045,1.7415494629954968
38.76938469234617,1.7830688192159567
38.7943971985993,1.790865278753739
38.819409704852426,1.8933487593001403
38.84442221110555,1.9031664542379845
38.86943471735868,1.9302113619690422
38.894447223611806,1.9110847148923615
38.91945972986493,1.879662738310225
38.94447223611806,1.8981184997590577
38.969484742371186,1.9466075898217337
38.99449724862431,1.9844914963931133
39.01950975487744,2.0137133283480906
39.04452226113057,2.0375765499457352
39.06953476738369,2.039831235768375
39.09454727363682,2.0659403252475887
39.11955977988995,2.0457498993272205
39.144572286143074,2.0209416401814004
39.1695847923962,2.0460220811738465
39.19459729864933,2.061689065094363
39.219609804902454,2.0145423723703857
39.24462231115558,2.0126441710375658
39.26963481740871,2.0341957300880016
39.29464732366183,2.017254686475558
39.319659829914954,2.0398123163008335
39.34467233616808,2.0175367358833998
39.36968484242121,2.009200213312491
39.394697348674335,2.058060262668188
39.41970985492746,1.9816193361429797
39.44472236118059,2.009275176940122
39.469734867433715,2.035659372163321
39.49474737368684,2.048057352749501
39.51975987993997,2.0233707529930567
39.544772386193095,2.001534773062583
39.56978489244622,1.9835771558212596
39.59479739869935,1.966854415753145
39.619809904952476,1.8796184981113266
39.6448224112056,1.8799804928188446
39.66983491745873,1.9208190758081736
39.694847423711856,1.8622457864174007
39.71985992996498,1.8706945164280677
39.74487243621811,1.8217174744776028
39.769884942471236,1.7691849778361
39.79489744872436,1.7469911183783466
39.81990995497749,1.7266148168195723
39.84492246123062,1.7679011486239138
39.86993496748374,1.7038862291433687
39.89494747373687,1.6250003430172966
39.91995997999,1.6433727251444723
39.944972486243124,1.6145538106312576
39.96998499249625,1.5878286748528443
39.99499749874938,1.5965633190601825
40.020010005002504,1.485756130168003
40.04502251125563,1.4661473052131844
40.07003501750876,1.4171265185634445
40.09504752376188,1.402604922426509
40.120060030015004,1.3684640280280551
40.14507253626813,1.3816419527670898
40.17008504252126,1.3021188213997448
40.195097548774385,1.3012079925676139
40.22011005502751,1.1731416340945318
40.24512256128064,1.192547278221415
40.270135067533765,1.1559396717707648
40.29514757378689,1.0867219967046722
40.32016008004002,1.0695778419890816
40.345172586293145,0.9901397563253872
40.37018509254627,0.9686198911835739
40.3951975987994,0.9296541219796688
40.420210105052526,0.8696894334345261
40.44522261130565,0.7969994936540327
40.47023511755878,0.8179666875373905
40.495247623811906,0.7287295390500818
40.52026013006503,0.6966889534331779
40.54527263631816,0.614208336682675
40.57028514257129,0.6158828664182805
40.59529764882441,0.5111240491050114
40.62031015507754,0.43765617090023756
40.64532266133067,0.4410946675625014
40.670335167583794,0.37693163152647713
40.69534767383692,0.33267494965759725
40.72036018009005,0.32055439339153735
40.745372686343174,0.26613033698416727
40.7703851925963,0.22295232502846235
40.79539769884943,0.10259070074924428
40.820410205102554,0.05913980118704794
40.84542271135568,0.0653810647947061
40.87043521760881,0.02420736148495297
40.89544772386193,-0.07183598970934821
40.920460230115054,-0.08917076069228747
40.94547273636818,-0.20141111703182407
40.97048524262131,-0.22470434000244865
40.995497748874435,-0.23924706587463973
41.02051025512756,-0.28386940021475904
41.04552276138069,-0.32303727504223656
41.070535267633815,-0.44504109576211476
41.09554777388694,-0.4505921960147036
41.12056028014007,-0.46619053821499207
41.145572786393195,-0.5640338441417897
41.17058529264632,-0.6126754297900292
41.19559779889945,-0.6216481400001898
41.220610305152576,-0.6681037936008748
41.2456228114057,-0.7024578905497962
41.27063531765883,-0.748348745068483
41.295647823911956,-0.8676001268504702
41.32066033016508,-0.8941579582705533
41.34567283641821,-0.9061843788655924
41.37068534267134,-0.970114473106007
41.39569784892446,-0.9640092277317177
41.42071035517759,-1.0718760007608357
41.44572286143072,-1.108567530777646
41.470735367683844,-1.1478661157396866
41.49574787393697,-1.1435896593690957
41.5207603801901,-1.1703937198298808
41.545772886443224,-1.2393867033799677
41.57078539269635,-1.252535180274692
41.59579789894948,-1.3668454892607917
41.620810405202604,-1.3764880036548246
41.64582291145573,-1.3472937699190881
41.67083541770885,-1.4086280264831847
41.69584792396198,-1.4888257852425535
41.720860430215104,-1.5052491200657716
41.74587293646823,-1.47503956238405
41.77088544272136,-1.5457510306302757
41.795897948974485,-1.6157123174700332
41.82091045522761,-1.626828159737648
41.84592296148074,-1.6726969017190472
41.870935467733865,-1.68153225206147
41.89594797398699,-1.6903744948046147
41.92096048024012,-1.7276796104642291
41.945972986493246,-1.704192258331748
41.97098549274637,-1.7602745865111324
41.9959979989995,-1.7650869938071863
42.021010505252626,-1.8180259206195173
42.04602301150575,-1.798239800676899
42.07103551775888,-1.7913274443085665
42.096048024012006,-1.8273799076692205
42.12106053026513,-1.8228503924433017
42.14607303651826,-1.8926780557483207
42.17108554277139,-1.8843367674701785
42.19609804902451,-1.8596713350936929
42.22111055527764,-1.945749160941888
42.24612306153077,-1.9147291443021672
42.271135567783894,-1.9163844781552632
42.29614807403702,-1.9219378774288804
42.32116058029015,-1.9137378772744538
42.346173086543274,-1.9859222463948287
42.3711855927964,-1.954473049483285
42.39619809904953,-1.9925878586006924
42.421210605302655,-1.9440543358310927
42.44622311155578,-1.9363870480423642
42.4712356178089,-1.9745883602803538
42.49624812406203,-1.9569720503846022
42.521260630315155,-1.9332907050549493
42.54627313656828,-1.8913093831182783
42.57128564282141,-1.9143042886379151
42.596298149074535,-1.9506836592244299
42.62131065532766,-1.9170968899574055
42.64632316158079,-1.9042920558811915
42.671335667833915,-1.9090172067364337
42.69634817408704,-1.8857587230166077
42.72136068034017,-1.877289354597521
42.746373186593296,-1.879375166496784
42.77138569284642,-1.8671079901747127
42.79639819909955,-1.7781752132382986
42.821410705352676,-1.8259511011557878
42.8464232116058,-1.7742240461001717
42.87143571785893,-1.7777805977214318
42.896448224112056,-1.694856734662409
42.92146073036518,-1.648125161208582
42.94647323661831,-1.6692006492798586
42.97148574287144,-1.6924850302211514
42.99649824912456,-1.6438552272313578
43.02151075537769,-1.5468229102255204
43.04652326163082,-1.567017261079416
43.071535767883944,-1.535323331987328
43.09654827413707,-1.5436531166332015
43.1215607803902,-1.4251037493402516
43.146573286643324,-1.4477633592905053
43.17158579289645,-1.3642208126320747
43.19659829914958,-1.392542615573911
43.221610805402705,-1.377409553661301
43.24662331165583,-1.3244883005212056
43.27163581790895,-1.2546618558900318
43.29664832416208,-1.1735870557259531
43.321660830415205,-1.1718747184938996
43.34667333666833,-1.1144885393668338
43.37168584292146,-1.1270549109911465
43.396698349174585,-1.0421129081324279
43.42171085542771,-0.9834037556726335
43.44672336168084,-0.9221576887002285
43.471735867933965,-0.8950499809313515
43.49674837418709,-0.894548844858549
43.52176088044022,-0.7988579974751331
43.546773386693346,-0.7722417991705754
43.57178589294647,-0.7004472442398777
43.5967983991996,-0.7193575095006789
43.621810905452726,-0.6589092445234929
43.64682341170585,-0.559654235262639
43.67183591795898,-0.5834945242152062
43.69684842421211,-0.504126051783959
43.72186093046523,-0.4331940339832694
43.74687343671836,-0.4609752322326797
43.77188594297149,-0.41147666395252624
43.796898449224614,-0.33417642568615874
43.82191095547774,-0.297702628801781
43.84692346173087,-0.1720229439509358
43.871935967983994,-0.1232613890825095
43.89694847423712,-0.1475761860239404
43.92196098049025,-0.06546618101658985
43.946973486743374,0.01454033178101774
43.9719859929965,0.04096751776087089
43.99699849924963,0.11104566088485589
44.022011005502755,0.08979519229524159
44.04702351175588,0.14387594022713293
44.072036018009,0.27188730991747767
44.09704852426213,0.3119803091659187
44.122061030515255,0.3428757360732863
44.14707353676838,0.40382285001762647
44.17208604302151,0.47006817412538504
44.197098549274635,0.5091534845723497
44.22211105552776,0.555785416164361
44.24712356178089,0.5300856443071489
44.272136068034015,0.6629075716420217
44.29714857428714,0.6979504579522702
44.32216108054027,0.7238174315619668
44.347173586793396,0.8007831043358383
44.37218609304652,0.8234286942290263
44.39719859929965,0.8593259386932388
44.422211105552776,0.9331792432443644
44.4472236118059,0.9192505072934187
44.47223611805903,0.9458225768649281
44.49724862431216,0.9879993479622039
44.52226113056528,1.1216378410734889
44.54727363681841,1.1303240353872723
44.57228614307154,1.188073832034856
44.597298649324664,1.1665917968221802
44.62231115557779,1.2917869859648685
44.64732366183092,1.2571159573778736
44.672336168084044,1.3433477959393092
44.69734867433717,1.3934788500912294
44.7223611805903,1.3788191284780547
44.747373686843424,1.401677139453879
44.77238619309655,1.4867952927581016
44.79739869934968,1.4840706772111552
44.822411205602805,1.566935855659445
44.847423711855924,1.5829006221318296
44.87243621810905,1.5733803006319038
44.89744872436218,1.6339456708060531
44.922461230615305,1.679189864191401
44.94747373686843,1.6545461562120432
44.97248624312156,1.7464048571463655
44.997498749374685,1.7573424918836489
45.02251125562781,1.7891615438035406
45.04752376188094,1.8042812528445482
45.072536268134066,1.8388466692962804
45.09754877438719,1.8472807881111304
45.12256128064032,1.8503879770077893
45.147573786893446,1.9180840144247562
45.17258629314657,1.885594673468321
45.1975987993997,1.9393423076079226
45.222611305652826,1.9415244772154727
45.24762381190595,1.933776373676195
45.27263631815908,2.011305498230971
45.29764882441221,2.027808025405983
45.32266133066533,2.0116729082655826
45.34767383691846,1.9622673524946093
45.37268634317159,2.0317387595653567
45.397698849424714,2.0428299068997413
45.42271135567784,2.0323744394106846
45.44772386193097,1.990523748250892
45.472736368184094,2.068657231401159
45.49774887443722,2.0748850573555417
45.52276138069035,2.0197666591137677
45.547773886943475,2.010274792904496
45.5727863931966,2.0694018626191935
45.59779889944973,2.0258861924053755
45.622811405702855,2.0011180815181566
45.647823911955975,2.0724896322045336
45.6728364182091,2.0735017099263326
45.69784892446223,2.0698810946639425
45.722861430715355,1.9914468470642697
45.74787393696848,1.99621530584894
45.77288644322161,2.013938032603444
45.797898949474735,2.031006757227143
45.82291145572786,1.9664545078162405
45.84792396198099,1.954624715797526
45.872936468234116,1.9691369502079503
45.89794897448724,1.9009789923824292
45.92296148074037,1.9205664062422911
45.947973986993496,1.8639360424866847
45.97298649324662,1.8419630069234898
45.99799899949975,1.8513096720725233
46.023011505752876,1.8364226301887
46.048024012006,1.8266176860451473
46.07303651825913,1.8119237198887734
46.09804902451226,1.7350102637899587
46.12306153076538,1.740899982941265
46.14807403701851,1.6825745700857917
46.17308654327164,1.6910374691394938
46.198099049524764,1.6923373202481264
46.22311155577789,1.645042624735387
46.24812406203102,1.550137266193052
46.273136568284144,1.5932358702574396
46.29814907453727,1.5138253306536926
46.3231615807904,1.4596237431880426
46.348174087043525,1.4520077022297826
46.37318659329665,1.4128819531654675
46.39819909954978,1.370775085792906
46.423211605802905,1.3207383951465546
46.448224112056025,1.2871520207357101
46.47323661830915,1.3092435923981547
46.49824912456228,1.2339145511882545
46.523261630815405,1.170619937782948
46.54827413706853,1.0901594206609646
46.57328664332166,1.0633988148993323
46.598299149574785,1.0893105654983763
46.62331165582791,1.016738085188166
46.64832416208104,0.9429171633357233
46.673336668334166,0.8889151845073007
46.69834917458729,0.8713973600485014
46.72336168084042,0.8652621550328863
46.748374187093546,0.7715086773278621
46.77338669334667,0.7215526417110028
46.7983991995998,0.6529544193286132
46.823411705852926,0.6560414334721648
46.84842421210605,0.6157488705288725
46.87343671835918,0.542975369826041
46.89844922461231,0.4690333379495439
46.923461730865434,0.48094879015616104
46.94847423711856,0.3965154624128535
46.97348674337169,0.36885009601600294
46.998499249624814,0.34989319969534954
47.02351175587794,0.2763501775191922
47.04852426213107,0.21974790499134716
47.073536768384194,0.1643631976626265
47.09854927463732,0.08227616548902877
47.12356178089045,0.04911527245288594
47.148574287143575,-0.001914551020653396
47.1735867933967,-0.06302968781615499
47.19859929964983,-0.12726986190305611
47.22361180590295,-0.10928423681272234
47.248624312156075,-0.24598178963327214
47.2736368184092,-0.22264131342143834
47.29864932466233,-0.2690016030093736
47.323661830915455,-0.3198880096387795
47.34867433716858,-0.435811852297719
47.37368684342171,-0.396581436589897
47.398699349674835,-0.49980372048314103
47.42371185592796,-0.5858603690934922
47.44872436218109,-0.632163601584679
47.473736868434216,-0.6755331457805698
47.49874937468734,-0.7272814875640266
47.52376188094047,-0.769776407274562
47.548774387193596,-0.7823808977170934
47.57378689344672,-0.7802903931024983
47.59879939969985,-0.8339460674429109
47.62381190595298,-0.8893524032861199
47.6488244122061,-0.9328719316044268
47.67383691845923,-1.0343916094520793
47.69884942471236,-1.0146752382813087
47.723861930965484,-1.0854806234636958
47.74887443721861,-1.1540975175747237
47.77388694347174,-1.11804487149354
47.798899449724864,-1.157918644537401
47.82391195597799,-1.2457518996227515
47.84892446223112,-1.2919139534406536
47.873936968484244,-1.3041728001412436
47.89894947473737,-1.3721647779274817
47.9239619809905,-1.3847037306605146
47.948974487243625,-1.4236404969026213
47.97398699349675,-1.464200783018655
47.99899949974988,-1.5059216676359306
48.024012006003,-1.530352732173553
48.049024512256125,-1.582814962471567
48.07403701850925,-1.5689874834977944
48.09904952476238,-1.603037365368096
48.124062031015505,-1.6583082211710907
48.14907453726863,-1.6963898285795216
48.17408704352176,-1.669882071742273
48.199099549774886,-1.6856362010532648
48.22411205602801,-1.692623510141194
48.24912456228114,-1.7221278480674171
48.274137068534266,-1.78891524737538
48.29914957478739,-1.7658872013128926
48.32416208104052,-1.773836055449143
48.349174587293646,-1.8382756541551473
48.37418709354677,-1.8894124308362268
48.3991995997999,-1.8408946902736663
48.42421210605303,-1.8371859607636116
48.44922461230615,-1.9187405270126172
48.47423711855928,-1.8959851996135497
48.49924962481241,-1.9178836628871494
48.524262131065534,-1.9431811176165894
48.54927463731866,-1.957872852949527
48.57428714357179,-1.9342811115018992
48.599299649824914,-1.9084288401542109
48.62431215607804,-1.9536336049906522
48.64932466233117,-1.9089096089639195
48.674337168584294,-1.9593611736391614
48.69934967483742,-1.978159673871099
48.72436218109055,-1.902569078753058
48.749374687343675,-1.986934573512029
48.7743871935968,-1.9598894009307914
48.79939969984993,-1.929304181180787
48.82441220610305,-1.9701554321282886
48.849424712356175,-1.905011128460955
48.8744372186093,-1.9108253889973452
48.89944972486243,-1.8754653562413743
48.924462231115555,-1.887935182379701
48.94947473736868,-1.869629253735986
48.97448724362181,-1.8275952289432738
48.999499749874936,-1.8471649387349178
49.02451225612806,-1.8328940964990574
49.04952476238119,-1.8518889879256533
49.074537268634316,-1.82508265867921
49.09954977488744,-1.8094920850076581
49.12456228114057,-1.7781490081978257
49.149574787393696,-1.789225102660491
49.17458729364682,-1.6878190826555013
49.19959979989995,-1.7347701633386035
49.22461230615308,-1.716200645893948
49.2496248124062,-1.6834228517807714
49.27463731865933,-1.6546685142659894
49.29964982491246,-1.6350448922458658
49.324662331165584,-1.5879621710500933
49.34967483741871,-1.4959723101359876
49.37468734367184,-1.4857883716891218
49.399699849924964,-1.504072199059762
49.42471235617809,-1.4767979417335841
49.44972486243122,-1.4330261393343429
49.474737368684345,-1.3245888989471606
49.49974987493747,-1.3651171790480843
49.5247623811906,-1.344858549067637
49.549774887443725,-1.256851981895224
49.57478739369685,-1.247120879695684
49.59979989994998,-1.1484925550786436
49.6248124062031,-1.1402346828450878
49.649824912456225,-1.1292227778618782
49.67483741870935,-1.0150094607741875
49.69984992496248,-1.0123665615986857
49.724862431215605,-0.9940652893536247
49.74987493746873,-0.9568046280793724
49.77488744372186,-0.8907926743346555
49.799899949974986,-0.8806022259207221
49.82491245622811,-0.7728559029205406
49.84992496248124,-0.7304314059415357
49.874937468734366,-0.6650345457257989
49.89994997498749,-0.6748732888028368
49.92496248124062,-0.6058822585392307
49.949974987493746,-0.5446445644405798
49.97498749374687,-0.5123673272107157
50.0,-0.430799463873892
