x,y
0.0,0.06214128405535005
0.02501250625312656,0.12314644030904531
0.05002501250625312,0.18331604361290832
0.0750375187593797,0.2302995441175134
0.10005002501250625,0.2581680517587889
0.12506253126563283,0.34829765169234594
0.1500750375187594,0.3625615668531867
0.17508754377188596,0.3540216657861815
0.2001000500250125,0.45917567604165976
0.22511255627813906,0.5031408429685178
0.25012506253126565,0.5938080937326917
0.2751375687843922,0.5439200410497527
0.3001500750375188,0.6818327186499185
0.32516258129064535,0.6612384831683469
0.3501750875437719,0.7492815637801143
0.3751875937968984,0.780161179793001
0.400200100050025,0.8323072563623813
0.42521260630315155,0.8365514449636797
0.4502251125562781,0.9489882517644903
0.4752376188094047,0.9372105803549255
0.5002501250625313,1.0380959860284817
0.5252626313156579,1.0321557505093146
0.5502751375687844,1.088715764574343
0.575287643821911,1.091349772745397
0.6003001500750376,1.2287021132523912
0.6253126563281641,1.2141575605704118
0.6503251625812907,1.215333599423074
0.6753376688344173,1.2649920370973284
0.7003501750875438,1.3825456594203414
0.7253626813406704,1.4081865702163467
0.7503751875937968,1.4277858547350974
0.7753876938469234,1.4426662419175147
0.80040020010005,1.4673051203504228
0.8254127063531765,1.5685547038139251
0.8504252126063031,1.5656239607807483
0.8754377188594297,1.6350692741016521
0.9004502251125562,1.5853113578584346
0.9254627313656828,1.6694974340737263
0.9504752376188094,1.6649286067443974
0.9754877438719359,1.7396623957547765
1.0005002501250626,1.6956889632754912
1.0255127563781892,1.7185931951327613
1.0505252626313157,1.7605924563476125
1.0755377688844423,1.858445820210614
1.1005502751375689,1.848087275914465
1.1255627813906954,1.8152835440660862
1.150575287643822,1.8799994596484628
1.1755877938969486,1.8897451012199886
1.2006003001500751,1.9012160447163886
1.2256128064032017,1.886370925861346
1.2506253126563283,1.9587038212922474
1.2756378189094548,2.0077669931029827
1.3006503251625814,2.0207487597047176
1.325662831415708,2.0347835051617755
1.3506753376688345,1.9843828163005004
1.375687843921961,2.012771950568203
1.4007003501750876,2.0678931157166547
1.4257128564282142,2.025948374297437
1.4507253626813408,2.0269056618470196
1.4757378689344671,2.0387375769066063
1.5007503751875937,2.0033451616027476
1.5257628814407203,2.0590199887477714
1.5507753876938468,2.0811308435730234
1.5757878939469734,2.0513925269665427
1.6008004002001,2.0089536926543587
1.6258129064532265,2.0524518369548916
1.650825412706353,2.0629619132786643
1.6758379189594796,2.0268092915646423
1.7008504252126062,2.000898799486839
1.7258629314657328,2.0450763207135294
1.7508754377188593,2.052082396588012
1.775887943971986,1.984675610899313
1.8009004502251125,2.007537409880471
1.825912956478239,1.981273064822442
1.8509254627313656,1.998462189442263
1.8759379689844922,1.9282546668186282
1.9009504752376187,1.909791153125125
1.9259629814907453,1.903349042107131
1.9509754877438719,1.8685294944352417
1.9759879939969984,1.9363983586867672
2.001000500250125,1.8457737953651088
2.0260130065032516,1.836296380421249
2.0510255127563783,1.8287538557933474
2.0760380190095047,1.7952052179795825
2.1010505252626315,1.7459354647013872
2.126063031515758,1.7313602291536814
2.1510755377688846,1.6870578768917586
2.176088044022011,1.6740550442748647
2.2011005502751377,1.700388826427957
2.226113056528264,1.6185261974209466
2.251125562781391,1.6479481400588767
2.276138069034517,1.6073308166799545
2.301150575287644,1.5222006291178813
2.3261630815407703,1.5556915691636226
2.351175587793897,1.5174212026080742
2.3761880940470235,1.404391007925084
2.4012006003001503,1.3735749135086148
2.4262131065532766,1.3822394023232545
2.4512256128064034,1.36638827686997
2.4762381190595297,1.2927048271941908
2.5012506253126565,1.269227688246488
2.526263131565783,1.1948416152031562
2.5512756378189096,1.1197130621326015
2.576288144072036,1.1655935455477624
2.6013006503251628,1.0859182416336246
2.626313156578289,1.0572262876416434
2.651325662831416,0.9552109431191333
2.6763381690845423,0.974354350411794
2.701350675337669,0.9261873074590354
2.7263631815907954,0.8089346955666533
2.751375687843922,0.7798360488820272
2.7763881940970485,0.7254187961915027
2.8014007003501753,0.7308852667770375
2.8264132066033016,0.6569055802352058
2.8514257128564284,0.5955871954822153
2.8764382191095548,0.5563025901882357
2.9014507253626816,0.4831269617632118
2.926463231615808,0.4666940486486315
2.9514757378689342,0.4211546485047961
2.976488244122061,0.34472787321072673
3.0015007503751874,0.3203679538530789
3.026513256628314,0.2473069123246546
3.0515257628814405,0.2669571250323033
3.0765382691345673,0.16265245114644145
3.1015507753876936,0.13674355096418334
3.1265632816408204,0.03742516922544946
3.1515757878939468,0.031118183979899006
3.1765882941470736,-0.06582163946017486
3.2016008004002,-0.0730443749430784
3.2266133066533267,-0.0907445544334291
3.251625812906453,-0.14979840283460194
3.27663831915958,-0.25092650793928206
3.301650825412706,-0.21996977371661153
3.326663331665833,-0.2910638561329931
3.3516758379189593,-0.3959640120698787
3.376688344172086,-0.4398789913686206
3.4017008504252124,-0.4777692738732858
3.426713356678339,-0.5495646720289586
3.4517258629314655,-0.5456065620530655
3.4767383691845923,-0.610896917420328
3.5017508754377187,-0.6621674381447535
3.5267633816908455,-0.688698667126253
3.551775887943972,-0.7181935096977641
3.5767883941970986,-0.8154325562474793
3.601800900450225,-0.8387499264604609
3.6268134067033517,-0.8654523994117218
3.651825912956478,-0.9738598989701652
3.676838419209605,-0.9233330713649974
3.701850925462731,-0.9705947343269008
3.726863431715858,-1.0139342813739676
3.7518759379689843,-1.0471118408524664
3.776888444222111,-1.1427385028007755
3.8019009504752375,-1.1462065745972212
3.8269134567283642,-1.2183860246615656
3.8519259629814906,-1.261798327485619
3.8769384692346174,-1.2976647666351517
3.9019509754877437,-1.312841402394979
3.9269634817408705,-1.36911393899895
3.951975987993997,-1.3866032355236033
3.9769884942471236,-1.4006605932242708
4.00200100050025,-1.4728034780241859
4.027013506753376,-1.530523480438878
4.052026013006503,-1.4816285940688403
4.07703851925963,-1.5694101624144416
4.102051025512757,-1.5987315287224055
4.127063531765883,-1.6364893630913995
4.152076038019009,-1.6898204452325996
4.177088544272136,-1.6238209621629354
4.202101050525263,-1.7331880570878606
4.227113556778389,-1.7229963696463102
4.252126063031516,-1.7432589305148114
4.277138569284642,-1.7516343983980307
4.302151075537769,-1.7937605500692035
4.327163581790895,-1.8161931475441742
4.352176088044022,-1.8623501068920418
4.377188594297149,-1.796908995105845
4.4022011005502755,-1.8838443215543772
4.427213606803401,-1.8928919540066476
4.452226113056528,-1.8703025579967396
4.477238619309655,-1.9442310661160092
4.502251125562782,-1.9392276147897838
4.527263631815908,-1.8753684352886888
4.552276138069034,-1.8906344433022382
4.577288644322161,-1.9264291368563744
4.602301150575288,-1.8883105802297142
4.627313656828414,-1.9451627797319353
4.652326163081541,-1.9557691591588042
4.6773386693346675,-1.9017344239702927
4.702351175587794,-1.9992788397100685
4.72736368184092,-1.993613354782429
4.752376188094047,-1.9046074350348463
4.777388694347174,-1.9696592160736661
4.8024012006003005,-1.939036757974129
4.827413706853426,-1.920131315914579
4.852426213106553,-1.9222080957721042
4.87743871935968,-1.8999185532536063
4.902451225612807,-1.956913585177139
4.927463731865933,-1.9006518557681509
4.9524762381190595,-1.8784019397116316
4.977488744372186,-1.909404915678475
5.002501250625313,-1.865942956685519
5.027513756878439,-1.852562950144802
5.052526263131566,-1.8524336988961427
5.0775387693846925,-1.8628416604465192
5.102551275637819,-1.7508921413961112
5.127563781890945,-1.8046403536367326
5.152576288144072,-1.712377688608902
5.177588794397199,-1.7350094870307269
5.2026013006503256,-1.7596183067666316
5.2276138069034515,-1.682290418172196
5.252626313156578,-1.6435195300564618
5.277638819409705,-1.6416648012166744
5.302651325662832,-1.6043156422142733
5.327663831915958,-1.5466182418832457
5.3526763381690845,-1.5162902292249394
5.377688844422211,-1.551846162047427
5.402701350675338,-1.4423147351338175
5.427713856928464,-1.4280614784578682
5.452726363181591,-1.445954512979819
5.4777388694347176,-1.431901607696559
5.502751375687844,-1.3829701768034346
5.52776388194097,-1.3533725053147112
5.552776388194097,-1.3312579640726465
5.577788894447224,-1.265419874044561
5.602801400700351,-1.2422672672488937
5.6278139069534765,-1.194584710815494
5.652826413206603,-1.1178536850424685
5.67783891945973,-1.0533824883038818
5.702851425712857,-1.003823957983918
5.727863931965983,-0.9740013255759892
5.7528764382191095,-0.9666486582632196
5.777888944472236,-0.9300546979120271
5.802901450725363,-0.8779514304479918
5.827913956978489,-0.8021087784341315
5.852926463231616,-0.7839066185348132
5.877938969484743,-0.7010319027056798
5.9029514757378685,-0.6543408937568718
5.927963981990995,-0.6144871744729266
5.952976488244122,-0.5972619954610313
5.977988994497249,-0.5125705041915436
6.003001500750375,-0.5420092973763104
6.0280140070035015,-0.46940923749007735
6.053026513256628,-0.4337341767172831
6.078039019509755,-0.3428954659996245
6.103051525762881,-0.311335631728899
6.128064032016008,-0.2125041766312291
6.153076538269135,-0.25453786659086397
6.178089044522261,-0.16700618560520863
6.203101550775387,-0.06333206227371826
6.228114057028514,-0.03916876165686513
6.253126563281641,0.029314904893976784
6.278139069534768,0.022515306770640592
6.3031515757878935,0.09244575646629832
6.32816408204102,0.174061697540344
6.353176588294147,0.1567266803661882
6.378189094547274,0.19417943034262897
6.4032016008004,0.2766277855293019
6.428214107053527,0.34209743005981874
6.453226613306653,0.40352755735839557
6.47823911955978,0.45964920693878936
6.503251625812906,0.5351450104773702
6.528264132066033,0.5345929396040138
6.55327663831916,0.5819135243886292
6.578289144572286,0.5981478586374936
6.603301650825412,0.7188286782224559
6.628314157078539,0.7420209558614892
6.653326663331666,0.7360435686980861
6.678339169584793,0.7906084621837104
6.703351675837919,0.8809349984687421
6.728364182091045,0.8682995149438992
6.753376688344172,0.9700033793771119
6.778389194597299,0.9915315041692311
6.803401700850425,1.05376388465358
6.828414207103552,1.0500354149687223
6.853426713356678,1.1775322866304465
6.878439219609805,1.2057383673192692
6.903451725862931,1.1771199328090158
6.928464232116058,1.2230330098886713
6.953476738369185,1.2750344793748243
6.9784892446223115,1.35488794804
7.003501750875437,1.3603211932833503
7.028514257128564,1.4133859351406155
7.053526763381691,1.477554040294554
7.078539269634818,1.4297851535880248
7.103551775887944,1.5107471754516633
7.12856428214107,1.5786352600182447
7.153576788394197,1.614133144184979
7.178589294647324,1.5714588412879278
7.20360180090045,1.6532372801712163
7.228614307153577,1.673453426477857
7.2536268134067035,1.6720502123999257
7.27863931965983,1.7363085986592663
7.303651825912956,1.7849376320837758
7.328664332166083,1.7994203694378814
7.35367683841921,1.793302650826572
7.3786893446723365,1.840094040658153
7.403701850925462,1.8249963369835607
7.428714357178589,1.8656515650920253
7.453726863431716,1.8734881114545252
7.478739369684843,1.9532999722681954
7.503751875937969,1.9695641362521752
7.5287643821910955,1.9287263393168743
7.553776888444222,1.9924839791572277
7.578789394697349,1.9293299438125064
7.603801900950475,1.9788088789385891
7.628814407203602,1.9528166372208142
7.6538269134567285,1.9667973695261856
7.678839419709855,2.019319640906127
7.703851925962981,2.0430382440996913
7.728864432216108,1.9978689517499113
7.753876938469235,2.0678694655232746
7.7788894447223615,2.0666336432287666
7.8039019509754874,2.0492236090317992
7.828914457228614,2.059683088382116
7.853926963481741,2.0329818925480154
7.878939469734868,2.0243134514150793
7.903951975987994,2.054698692445365
7.9289644822411205,2.0593591470157206
7.953976988494247,2.001939987823039
7.978989494747374,2.0567184998944747
8.0040020010005,2.034766438372449
8.029014507253628,2.0683145952186983
8.054027013506753,1.9618974296754157
8.07903951975988,1.997471694354757
8.104052026013006,2.0216421976640673
8.129064532266133,1.9329824530306883
8.15407703851926,1.9315933778202528
8.179089544772387,1.990210933788025
8.204102051025513,1.905826834123025
8.22911455727864,1.9440949311184514
8.254127063531765,1.9156823751022471
8.279139569784892,1.8918910175755017
8.304152076038019,1.8451738354123033
8.329164582291146,1.8704254273901857
8.354177088544272,1.8321536219528747
8.379189594797399,1.7844609468314943
8.404202101050526,1.7192919604758736
8.429214607303653,1.7033104614722527
8.454227113556778,1.6819452672457185
8.479239619809904,1.6996226859050718
8.504252126063031,1.5938999927690691
8.529264632316158,1.5864989368298847
8.554277138569285,1.6158799289180266
8.579289644822412,1.517140744599374
8.604302151075538,1.5545740220276638
8.629314657328665,1.4976044847002954
8.65432716358179,1.4527517662174776
8.679339669834917,1.4237499069988386
8.704352176088044,1.3198328120882348
8.72936468234117,1.3728620859925578
8.754377188594297,1.3379772918642372
8.779389694847424,1.2845530747142515
8.804402201100551,1.25776394430323
8.829414707353676,1.1992487112007997
8.854427213606803,1.136638892660861
8.87943971985993,1.102807713070955
8.904452226113056,1.0168599193694905
8.929464732366183,0.9965945769337674
8.95447723861931,0.9522942559918733
8.979489744872437,0.8717601828689966
9.004502251125563,0.8265140855129842
9.029514757378688,0.7747235805735359
9.054527263631815,0.7864667233703382
9.079539769884942,0.6852563794839381
9.104552276138069,0.6462245176906674
9.129564782391196,0.5952364510811862
9.154577288644322,0.5594975364499961
9.17958979489745,0.5580334327294322
9.204602301150576,0.5135956144338851
9.229614807403701,0.4407996359769733
9.254627313656828,0.3630535709940339
9.279639819909955,0.3343755351133077
9.304652326163081,0.32038215592803176
9.329664832416208,0.2894690990467155
9.354677338669335,0.22812637574552785
9.379689844922462,0.09455844869796455
9.404702351175589,0.11573420809134162
9.429714857428714,0.040587098709388904
9.45472736368184,-0.033581912745698744
9.479739869934967,-0.08171881514597243
9.504752376188094,-0.11921676587600494
9.52976488244122,-0.17393795767653247
9.554777388694347,-0.22353836515562636
9.579789894947474,-0.21132728416259428
9.604802401200601,-0.3500992857960131
9.629814907453726,-0.34888500630192626
9.654827413706853,-0.36644947948975537
9.67983991995998,-0.41497676929696536
9.704852426213106,-0.5209657129215246
9.729864932466233,-0.5811234654646846
9.75487743871936,-0.5917217450181648
9.779889944972487,-0.6280215950973798
9.804902451225614,-0.6710371912815677
9.829914957478739,-0.7774210789383676
9.854927463731865,-0.8178022007532255
9.879939969984992,-0.7917423891753549
9.904952476238119,-0.8623834787273904
9.929964982491246,-0.9244508775925192
9.954977488744372,-1.0080678908168001
9.9799899949975,-0.9557588946623163
10.005002501250626,-1.0298122175769864
10.030015007503751,-1.0878662416267109
10.055027513756878,-1.0982711247792702
10.080040020010005,-1.201769448944597
10.105052526263131,-1.2031202812914987
10.130065032516258,-1.2066811939782263
10.155077538769385,-1.2864227637197867
10.180090045022512,-1.2884285746320245
10.205102551275639,-1.334421521978847
10.230115057528764,-1.4044267883519697
10.25512756378189,-1.4686105142839503
10.280140070035017,-1.438534476907579
10.305152576288144,-1.4881107678039713
10.33016508254127,-1.5250255358298228
10.355177588794398,-1.5633692076349877
10.380190095047524,-1.552938954849422
10.405202601300651,-1.6409103327173695
10.430215107553776,-1.6154560372005826
10.455227613806903,-1.635124518538704
10.48024012006003,-1.6841609716896218
10.505252626313156,-1.6964451455530263
10.530265132566283,-1.7786403416825922
10.55527763881941,-1.796946194542239
10.580290145072537,-1.7934503746860775
10.605302651325664,-1.8187542981373288
10.630315157578789,-1.779989605434852
10.655327663831915,-1.7916068210155824
10.680340170085042,-1.8801261369402793
10.705352676338169,-1.8775318802286425
10.730365182591296,-1.9238305854427946
10.755377688844423,-1.8485623527558932
10.78039019509755,-1.8741649421628948
10.805402701350676,-1.8875565375989733
10.830415207603801,-1.928800434046525
10.855427713856928,-1.925192519331995
10.880440220110055,-1.9755888602281328
10.905452726363182,-1.9590783933465479
10.930465232616308,-1.9654600554083757
10.955477738869435,-1.9763628651714067
10.980490245122562,-1.9894699710723553
11.005502751375689,-1.9489442352045987
11.030515257628814,-1.9420696061065301
11.05552776388194,-1.9063606758935236
11.080540270135067,-1.9803630604992608
11.105552776388194,-1.946649592719048
11.13056528264132,-1.9004666772359984
11.155577788894448,-1.930883472407324
11.180590295147574,-1.9269118120914868
11.205602801400701,-1.8952935951159084
11.230615307653826,-1.9187385340205936
11.255627813906953,-1.8487703590771987
11.28064032016008,-1.913549954396654
11.305652826413207,-1.8443842228103193
11.330665332666333,-1.8413963514612157
11.35567783891946,-1.7892772864117104
11.380690345172587,-1.8067273262918078
11.405702851425714,-1.7631978893023528
11.430715357678839,-1.7572578020819007
11.455727863931966,-1.7662802446253998
11.480740370185092,-1.7398886023019848
11.505752876438219,-1.6845066013495664
11.530765382691346,-1.6726083557806588
11.555777888944473,-1.6908463298373646
11.5807903951976,-1.6287887477511658
11.605802901450726,-1.5663590286234652
11.630815407703851,-1.5511136412857591
11.655827913956978,-1.578289387897616
11.680840420210105,-1.49115430495069
11.705852926463232,-1.4304038244435238
11.730865432716358,-1.4709472122729497
11.755877938969485,-1.3961734259487488
11.780890445222612,-1.3290226092164277
11.805902951475737,-1.29725834508052
11.830915457728864,-1.2933330792339597
11.85592796398199,-1.2529481025408815
11.880940470235117,-1.1852617408342303
11.905952976488244,-1.1855289052459728
11.930965482741371,-1.1390034415894148
11.955977988994498,-1.111514889126519
11.980990495247624,-1.033049241849532
12.00600300150075,-1.047736419256121
12.031015507753876,-0.9296784507883578
12.056028014007003,-0.9465573219652881
12.08104052026013,-0.8932358980843331
12.106053026513257,-0.8782159041897873
12.131065532766383,-0.7545762034176855
12.15607803901951,-0.7737875670468124
12.181090545272637,-0.6710556467880286
12.206103051525762,-0.6505472425686735
12.231115557778889,-0.5874224576164593
12.256128064032016,-0.5419704790358686
12.281140570285142,-0.4929853688316844
12.30615307653827,-0.5144444044366542
12.331165582791396,-0.38665609043214655
12.356178089044523,-0.39106029829628675
12.38119059529765,-0.33488432608052515
12.406203101550775,-0.2191430678317539
12.431215607803901,-0.2667124574094299
12.456228114057028,-0.20982063782110436
12.481240620310155,-0.09450974717028951
12.506253126563282,-0.06667055310377629
12.531265632816408,-0.0101665429922079
12.556278139069535,0.00629279422790768
12.581290645322662,0.08946825369477396
12.606303151575787,0.1040822001716569
12.631315657828914,0.21765787723093946
12.65632816408204,0.18676038334005504
12.681340670335167,0.28407828455587064
12.706353176588294,0.30862299481098115
12.731365682841421,0.35159908301612086
12.756378189094548,0.45290789020212485
12.781390695347675,0.4775588500635561
12.8064032016008,0.4891094293483098
12.831415707853926,0.5465101920338418
12.856428214107053,0.642034026951879
12.88144072036018,0.6334457792580698
12.906453226613307,0.7233756838867615
12.931465732866434,0.7949083108626741
12.95647823911956,0.8183606806140606
12.981490745372687,0.8736456012986129
13.006503251625812,0.905210421166295
13.031515757878939,0.9003190572043908
13.056528264132066,0.9841257158634469
13.081540770385192,1.015986018324402
13.10655327663832,1.0733225972014293
13.131565782891446,1.0980500100047264
13.156578289144573,1.1219440115306298
13.1815907953977,1.2455095452443479
13.206603301650825,1.21842286372219
13.231615807903951,1.3241503762589821
13.256628314157078,1.2948631116234606
13.281640820410205,1.3303332785438216
13.306653326663332,1.4055450534288791
13.331665832916459,1.4690614364681411
13.356678339169585,1.501539266294527
13.381690845422712,1.5357728924055063
13.406703351675837,1.5792549842480703
13.431715857928964,1.5238105156156285
13.45672836418209,1.6187801395790942
13.481740870435218,1.6395080384096752
13.506753376688344,1.6796152230249992
13.531765882941471,1.6862051877119935
13.556778389194598,1.7209740311476605
13.581790895447725,1.779438606626154
13.60680340170085,1.8145096666972376
13.631815907953976,1.8362772760426167
13.656828414207103,1.7905440995111586
13.68184092046023,1.7980113403067648
13.706853426713357,1.861117547644161
13.731865932966484,1.9374427256763782
13.75687843921961,1.9368099876545624
13.781890945472737,1.9704507384405674
13.806903451725862,1.8998180983666706
13.831915957978989,1.9100842830484925
13.856928464232116,1.9683582160051531
13.881940970485243,1.9432632892062143
13.90695347673837,2.0437107729167407
13.931965982991496,2.0452284648655654
13.956978489244623,1.9682283971846477
13.98199099549775,2.0236198816663085
14.007003501750875,1.994534848841267
14.032016008004002,2.019984815087791
14.057028514257128,2.0163800605144013
14.082041020510255,2.0576819989254385
14.107053526763382,2.0350289392058354
14.132066033016509,2.0731231560007197
14.157078539269635,2.0058606266125443
14.182091045522762,2.013232355825004
14.207103551775887,2.0914809878698954
14.232116058029014,2.0666086115443987
14.25712856428214,2.07859827269659
14.282141070535268,1.9888953200325743
14.307153576788394,1.9745232796296903
14.332166083041521,2.0309381280151646
14.357178589294648,1.97604000807357
14.382191095547775,1.952500426745066
14.4072036018009,1.9316822113117156
14.432216108054027,1.9407592592394851
14.457228614307153,1.9044361416351538
14.48224112056028,1.8868297528520512
14.507253626813407,1.9329935614258855
14.532266133066534,1.92517876174844
14.55727863931966,1.838148944315445
14.582291145572787,1.8921741525017155
14.607303651825912,1.8617011372215773
14.632316158079039,1.759810245703016
14.657328664332166,1.831827889903908
14.682341170585293,1.7575747279215677
14.70735367683842,1.7553708242128527
14.732366183091546,1.6979045401241666
14.757378689344673,1.711293445470617
14.782391195597798,1.6528989733623158
14.807403701850925,1.6661729675060826
14.832416208104052,1.5670067714071407
14.857428714357178,1.557667963788271
14.882441220610305,1.503158183425403
14.907453726863432,1.521914420133377
14.932466233116559,1.4298883516444325
14.957478739369686,1.393070023098616
14.98249124562281,1.3783497334966706
15.007503751875937,1.3232345705515274
15.032516258129064,1.2769560955051653
15.057528764382191,1.2319933382290307
15.082541270635318,1.2272409935150574
15.107553776888444,1.163912065633913
15.132566283141571,1.1030046787870709
15.157578789394698,1.118217721224668
15.182591295647823,1.0482333463604139
15.20760380190095,1.00093431181528
15.232616308154077,0.9661344512129191
15.257628814407203,0.955740330771818
15.28264132066033,0.8553313625284132
15.307653826913457,0.802162445746027
15.332666333166584,0.8155018201199984
15.35767883941971,0.7579148818553398
15.382691345672836,0.7015467055117158
15.407703851925962,0.6112306730950385
15.43271635817909,0.5798189901047107
15.457728864432216,0.5495540266523363
15.482741370685343,0.447268506581492
15.50775387693847,0.4590473185419061
15.532766383191596,0.4297433018302601
15.557778889444723,0.3124944599223181
15.582791395697848,0.3236732546577581
15.607803901950975,0.24008285012397412
15.632816408204102,0.15032363991721895
15.657828914457228,0.11108097095272085
15.682841420710355,0.1488436870897182
15.707853926963482,0.06285047819247497
15.732866433216609,0.0162767027816798
15.757878939469736,-0.09613292579702917
15.78289144572286,-0.08231485487182169
15.807903951975987,-0.16853641417323745
15.832916458229114,-0.23135176980903754
15.857928964482241,-0.25096960140308366
15.882941470735368,-0.2751759180112976
15.907953976988495,-0.3388140921011143
15.932966483241621,-0.3892164749514719
15.957978989494748,-0.45144663934840723
15.982991495747873,-0.46301157771408585
16.008004002001,-0.5100544234956906
16.03301650825413,-0.5899149311139879
16.058029014507255,-0.6451023968492801
16.08304152076038,-0.6458280029286327
16.108054027013505,-0.6837499961352523
16.133066533266632,-0.7871379585201026
16.15807903951976,-0.8537618562859013
16.183091545772886,-0.8735574199200042
16.208104052026012,-0.8631408654191444
16.23311655827914,-0.9557800806408379
16.258129064532266,-0.991955315970203
16.283141570785393,-1.0635871686050022
16.30815407703852,-1.0462295365840542
16.333166583291646,-1.0757274526265523
16.358179089544773,-1.132644163053349
16.3831915957979,-1.1811550673689843
16.408204102051027,-1.2320903998052297
16.433216608304154,-1.3016913308440767
16.45822911455728,-1.3588568928483928
16.483241620810404,-1.3377595992896656
16.50825412706353,-1.3941240650222166
16.533266633316657,-1.4158732257211277
16.558279139569784,-1.4410653193063767
16.58329164582291,-1.4960664334089808
16.608304152076037,-1.5005491971316736
16.633316658329164,-1.5387059491104125
16.65832916458229,-1.6231461645500587
16.683341670835418,-1.5726603334063372
16.708354177088545,-1.6726772271530739
16.73336668334167,-1.7033447973319802
16.758379189594798,-1.7241001561655849
16.783391695847925,-1.7517282306607653
16.808404202101052,-1.685736348600265
16.83341670835418,-1.8027935693743713
16.858429214607305,-1.7315083218049592
16.88344172086043,-1.7836277146613342
16.908454227113555,-1.845404409691988
16.933466733366682,-1.8368777697047172
16.95847923961981,-1.8739598529159958
16.983491745872936,-1.8496452049624972
17.008504252126063,-1.8473976833360668
17.03351675837919,-1.8887758258410077
17.058529264632316,-1.941246104129771
17.083541770885443,-1.9330773040759155
17.10855427713857,-1.8957646874423169
17.133566783391696,-1.9438640933017235
17.158579289644823,-1.886364398949633
17.18359179589795,-1.9603137848017431
17.208604302151077,-1.9303648453727162
17.233616808404204,-1.9013677082283158
17.25862931465733,-1.9540025533963785
17.283641820910454,-1.9814403081390861
17.30865432716358,-1.9562457143190388
17.333666833416707,-1.9848807628979823
17.358679339669834,-1.9595783171568009
17.38369184592296,-1.9288390142658163
17.408704352176088,-1.890792773422037
17.433716858429214,-1.8866064313750517
17.45872936468234,-1.9010939624829966
17.483741870935468,-1.930584281413273
17.508754377188595,-1.946332630789879
17.53376688344172,-1.8987725512483395
17.55877938969485,-1.8910024217391042
17.583791895947975,-1.8992055171031985
17.608804402201102,-1.8224528175212023
17.63381690845423,-1.8610596375375212
17.658829414707352,-1.8256540335842633
17.68384192096048,-1.8357594681009557
17.708854427213605,-1.763519095217685
17.733866933466732,-1.706290396687202
17.75887943971986,-1.76964042834437
17.783891945972986,-1.6826381887814956
17.808904452226113,-1.6492453007972327
17.83391695847924,-1.6976712962594176
17.858929464732366,-1.6132767787864832
17.883941970985493,-1.545773251066183
17.90895447723862,-1.5524371740616123
17.933966983491747,-1.572926308126062
17.958979489744873,-1.5223303204905958
17.983991995998,-1.4917225973939505
18.009004502251127,-1.4553677103531937
18.034017008504254,-1.440281788302123
18.059029514757377,-1.4071464512784384
18.084042021010504,-1.3253895404610636
18.10905452726363,-1.2788576995657799
18.134067033516757,-1.223503610217414
18.159079539769884,-1.1866666001530057
18.18409204602301,-1.2249307000266532
18.209104552276138,-1.1355759249608595
18.234117058529264,-1.0610280434507946
18.25912956478239,-1.0227278878684356
18.284142071035518,-0.9827704920565703
18.309154577288645,-0.9776254115549031
18.33416708354177,-0.9823495698654766
18.3591795897949,-0.931127474713665
18.384192096048025,-0.8956388970105609
18.409204602301152,-0.8266338704787031
18.43421710855428,-0.7485879342484204
18.459229614807402,-0.6737940477175236
18.48424212106053,-0.7030261163012619
18.509254627313656,-0.6349376185665427
18.534267133566782,-0.5316563032678836
18.55927963981991,-0.5143569971993308
18.584292146073036,-0.49904608178334375
18.609304652326163,-0.3864687262684681
18.63431715857929,-0.36883129044140794
18.659329664832416,-0.3218666643519742
18.684342171085543,-0.2709562027876195
18.70935467733867,-0.2135177462353446
18.734367183591797,-0.1794257056073745
18.759379689844923,-0.10085985892261656
18.78439219609805,-0.03662226891403958
18.809404702351177,-0.04572111804396734
18.834417208604304,0.003001499936872421
18.859429714857427,0.0847763132977993
18.884442221110554,0.12743524197870396
18.90945472736368,0.17986085992998715
18.934467233616807,0.23402180179793108
18.959479739869934,0.23808444995214031
18.98449224612306,0.30126795944867185
19.009504752376188,0.32618545926150094
19.034517258629315,0.3991836239001743
19.05952976488244,0.42834946389677236
19.084542271135568,0.48508344633291134
19.109554777388695,0.5668178807936498
19.13456728364182,0.6529164768882603
19.15957978989495,0.710039871911294
19.184592296148075,0.6602941360991113
19.209604802401202,0.7990644820818213
19.23461730865433,0.8170294187749245
19.259629814907452,0.8928772381669772
19.28464232116058,0.934221868602152
19.309654827413706,0.9060012568833422
19.334667333666832,1.0102050480410179
19.35967983991996,0.9993704571128816
19.384692346173086,1.031576793027478
19.409704852426213,1.0838411934241743
19.43471735867934,1.2032948259045315
19.459729864932466,1.1901650651677855
19.484742371185593,1.2130613348478738
19.50975487743872,1.2302084834558185
19.534767383691847,1.2745612318202049
19.559779889944974,1.3588664299826367
19.5847923961981,1.3483966126543703
19.609804902451227,1.446463086221293
19.634817408704354,1.4174716650512724
19.659829914957477,1.4852600572756904
19.684842421210604,1.5176592087915408
19.70985492746373,1.5648217649412879
19.734867433716857,1.549819432847357
19.759879939969984,1.6234601285297858
19.78489244622311,1.7046898156747643
19.809904952476238,1.6684759980701716
19.834917458729365,1.6959397128767475
19.85992996498249,1.7123716871985337
19.884942471235618,1.7358662994255265
19.909954977488745,1.8181971512148183
19.93496748374187,1.8074532095178266
19.959979989995,1.816371775052288
19.984992496248125,1.8750559526793387
20.010005002501252,1.9320604241611585
20.03501750875438,1.8665231083138483
20.060030015007502,1.9579384421289157
20.08504252126063,1.93668126103778
20.110055027513756,1.9449441422994804
20.135067533766883,2.0046585891059743
20.16008004002001,1.9998422315743363
20.185092546273136,1.9530659048672603
20.210105052526263,1.9606233445098113
20.23511755877939,2.0082014873029093
20.260130065032516,2.07060154852973
20.285142571285643,2.00441729077679
20.31015507753877,2.024459706999934
20.335167583791897,2.0540548597284576
20.360180090045024,2.046784184938546
20.38519259629815,2.004725531742786
20.410205102551277,2.012855382536278
20.435217608804404,2.0077762936186683
20.460230115057527,2.022244139688958
20.485242621310654,2.0591966362808947
20.51025512756378,2.0343224807258
20.535267633816908,2.050431797861204
20.560280140070034,2.0739903699935605
20.58529264632316,2.071628650081986
20.610305152576288,1.9728696265390588
20.635317658829415,1.9966377369003705
20.66033016508254,2.014432139218812
20.68534267133567,1.9739927502376249
20.710355177588795,1.969467438784143
20.735367683841922,1.9415914527927993
20.76038019009505,1.8980944335265695
20.785392696348175,1.9024091320843193
20.810405202601302,1.8540408560104908
20.835417708854425,1.8836252101475286
20.860430215107552,1.8829554036164489
20.88544272136068,1.8049148768124716
20.910455227613806,1.79249563685411
20.935467733866933,1.7445313758021928
20.96048024012006,1.7539638736071672
20.985492746373186,1.699226438081962
21.010505252626313,1.7044312469029808
21.03551775887944,1.684631380454442
21.060530265132567,1.6110069914017682
21.085542771385693,1.6375448537052164
21.11055527763882,1.5981873523359476
21.135567783891947,1.5783152892092411
21.160580290145074,1.5325349526820797
21.1855927963982,1.4560831847874396
21.210605302651327,1.416663425570618
21.23561780890445,1.3959571245684577
21.260630315157577,1.4012260462357158
21.285642821410704,1.3909391371854662
21.31065532766383,1.3477450980561987
21.335667833916958,1.2563890920261966
21.360680340170084,1.2465157210289621
21.38569284642321,1.1909314322817617
21.410705352676338,1.1438241177769157
21.435717858929465,1.0628532016899421
21.46073036518259,1.0203821852922004
21.48574287143572,1.0075256389578433
21.510755377688845,0.9250750699085895
21.535767883941972,0.9426367403348567
21.5607803901951,0.8800178013882021
21.585792896448226,0.8842412106045453
21.610805402701352,0.7475669907654702
21.635817908954476,0.7076667347866722
21.660830415207602,0.7277082172368343
21.68584292146073,0.6807685453684803
21.710855427713856,0.5891101842456143
21.735867933966983,0.5124148078199898
21.76088044022011,0.4832635791581765
21.785892946473236,0.5054903245120284
21.810905452726363,0.4406131673308608
21.83591795897949,0.3194214985442221
21.860930465232617,0.2683764220760961
21.885942971485743,0.22772329312265227
21.91095547773887,0.21101143992055926
21.935967983991997,0.18637065719493873
21.960980490245124,0.15483301639222108
21.98599299649825,0.01905739269460663
22.011005502751377,0.03084348101954399
22.0360180090045,-0.0003497357924974187
22.061030515257627,-0.08291765352072303
22.086043021510754,-0.1479454079447495
22.11105552776388,-0.2053717275053585
22.136068034017008,-0.2800141718594655
22.161080540270135,-0.3372613262327647
22.18609304652326,-0.33719544449952027
22.211105552776388,-0.37277060062843936
22.236118059029515,-0.3851212734822279
22.26113056528264,-0.5139762420082178
22.28614307153577,-0.5109498938297665
22.311155577788895,-0.5825445558197422
22.336168084042022,-0.6604994247019184
22.36118059029515,-0.7071203111973688
22.386193096548276,-0.7517185251488752
22.411205602801402,-0.757726419710493
22.436218109054526,-0.7924879423794463
22.461230615307652,-0.8768740177472751
22.48624312156078,-0.9278801077252884
22.511255627813906,-0.9781867447365669
22.536268134067033,-1.0084081834211511
22.56128064032016,-1.0559107087880288
22.586293146573286,-1.0773299144776598
22.611305652826413,-1.0949923329314983
22.63631815907954,-1.196055294702385
22.661330665332667,-1.1446439518880351
22.686343171585793,-1.2705280045117204
22.71135567783892,-1.2200393631904183
22.736368184092047,-1.2647738081422797
22.761380690345174,-1.3389520471386829
22.7863931965983,-1.397199725248248
22.811405702851427,-1.4159588627641422
22.83641820910455,-1.4344685347829886
22.861430715357677,-1.4535199657332878
22.886443221610804,-1.4803217595506615
22.91145572786393,-1.5209713483353613
22.936468234117058,-1.5690862812116624
22.961480740370185,-1.6398540674026731
22.98649324662331,-1.6495809884050114
23.011505752876438,-1.6410086546830032
23.036518259129565,-1.6772890187153724
23.06153076538269,-1.7118457576685262
23.08654327163582,-1.714328355699977
23.111555777888945,-1.7158525123375514
23.136568284142072,-1.8082550645390356
23.1615807903952,-1.839779872258026
23.186593296648326,-1.7755960666638004
23.211605802901452,-1.838525107677939
23.236618309154576,-1.8491320573168233
23.261630815407702,-1.8746862077588156
23.28664332166083,-1.9079904288257872
23.311655827913956,-1.8725121575517198
23.336668334167083,-1.9282639884230623
23.36168084042021,-1.9087759577560817
23.386693346673336,-1.903136659307098
23.411705852926463,-1.9056330461420432
23.43671835917959,-1.9537817781462823
23.461730865432717,-1.8944094844039026
23.486743371685844,-1.9480452189174389
23.51175587793897,-1.9252895978357891
23.536768384192097,-1.9125312908431462
23.561780890445224,-1.9678321842447026
23.58679339669835,-1.9597694984368128
23.611805902951474,-1.952286307707909
23.6368184092046,-1.928825487565884
23.661830915457728,-1.9661060178884309
23.686843421710854,-1.9219622820528275
23.71185592796398,-1.9363604130394592
23.736868434217108,-1.9164284932810207
23.761880940470235,-1.9215827806733896
23.78689344672336,-1.8826997068490732
23.81190595297649,-1.9265459180171935
23.836918459229615,-1.881777225977509
23.861930965482742,-1.8878935600444295
23.88694347173587,-1.871956645701263
23.911955977988995,-1.851261760772326
23.936968484242122,-1.7816324857228443
23.96198099049525,-1.8348315153614974
23.986993496748376,-1.737203355121911
24.0120060030015,-1.7054515829419103
24.037018509254626,-1.7510232810987694
24.062031015507753,-1.7384346008528007
24.08704352176088,-1.7194358926059672
24.112056028014006,-1.6823892217715593
24.137068534267133,-1.6734896547334146
24.16208104052026,-1.6340535834710306
24.187093546773387,-1.5771071423546277
24.212106053026513,-1.5017337955991696
24.23711855927964,-1.4989465713365158
24.262131065532767,-1.4557389074658786
24.287143571785894,-1.4022232945113628
24.31215607803902,-1.4583740494939788
24.337168584292147,-1.414043169950736
24.362181090545274,-1.3152739403988036
24.3871935967984,-1.2976968624352963
24.412206103051524,-1.2776876314474521
24.43721860930465,-1.2124774387464912
24.462231115557778,-1.1430777850392286
24.487243621810904,-1.174895676113901
24.51225612806403,-1.0647457561593803
24.537268634317158,-1.1029672996251938
24.562281140570285,-1.0354053236536989
24.58729364682341,-1.0043381319523468
24.61230615307654,-0.9453391580334363
24.637318659329665,-0.9049196098813677
24.662331165582792,-0.9005843869701322
24.68734367183592,-0.8498500816129411
24.712356178089045,-0.7761193287279885
24.737368684342172,-0.6706787304475552
24.7623811905953,-0.6847834929994925
24.787393696848426,-0.6513795593664312
24.81240620310155,-0.5713679785061792
24.837418709354676,-0.5307466038678584
24.862431215607803,-0.5036282133202157
24.88744372186093,-0.39805185856233904
24.912456228114056,-0.38502216003629625
24.937468734367183,-0.29234041492558105
24.96248124062031,-0.2597679952674292
24.987493746873437,-0.2279881208843229
25.012506253126563,-0.16198552423003026
25.03751875937969,-0.18741265312328187
25.062531265632817,-0.08324083430631668
25.087543771885944,-0.015919748286649493
25.11255627813907,-0.01576545971119042
25.137568784392197,0.037483705487020874
25.162581290645324,0.11707868808167744
25.18759379689845,0.16304480178348765
25.212606303151574,0.22568026430411425
25.2376188094047,0.21554984818935052
25.262631315657828,0.3097221379095769
25.287643821910955,0.3618340516964141
25.31265632816408,0.4324478360322052
25.337668834417208,0.43748218257185617
25.362681340670335,0.5044064136368495
25.38769384692346,0.5343749046838153
25.41270635317659,0.5555873908594846
25.437718859429715,0.6818066842562143
25.462731365682842,0.6960477881233842
25.48774387193597,0.7565585792557532
25.512756378189096,0.7803855951807322
25.537768884442222,0.7968151424600901
25.56278139069535,0.8762614036884913
25.587793896948476,0.9142983685310201
25.6128064032016,0.9355614938388246
25.637818909454726,1.031517583296738
25.662831415707853,1.1058959122048686
25.68784392196098,1.0694096848686283
25.712856428214106,1.1622445820498464
25.737868934467233,1.2345477174730897
25.76288144072036,1.270311165874425
25.787893946973487,1.2715934290186246
25.812906453226613,1.30910008649946
25.83791895947974,1.3201772392134012
25.862931465732867,1.42733591429878
25.887943971985994,1.43809647110347
25.91295647823912,1.4573000933793854
25.937968984492247,1.4880614517520743
25.962981490745374,1.5646878300886795
25.9879939969985,1.5859352153588537
26.013006503251624,1.5579684855778642
26.03801900950475,1.5732610009257237
26.063031515757878,1.623321279372924
26.088044022011005,1.696368162655098
26.11305652826413,1.7171423120486575
26.138069034517258,1.71641176442069
26.163081540770385,1.8124728697053631
26.18809404702351,1.7430736943641159
26.21310655327664,1.8306952738395688
26.238119059529765,1.8325583431988814
26.263131565782892,1.885349443248183
26.28814407203602,1.9256801449331564
26.313156578289146,1.8965521377162937
26.338169084542272,1.9233383529793988
26.3631815907954,1.9241829471234064
26.388194097048526,1.986037507630647
26.41320660330165,1.968814709987671
26.438219109554776,1.9714240443901276
26.463231615807903,1.951443297411917
26.48824412206103,1.9678212311035974
26.513256628314156,1.9866164291806117
26.538269134567283,1.9807511647559015
26.56328164082041,2.042961763211246
26.588294147073537,2.007419554052669
26.613306653326664,1.9988556961015103
26.63831915957979,2.016359095738168
26.663331665832917,2.059018598187775
26.688344172086044,2.038136776592439
26.71335667833917,2.0878971473107266
26.738369184592298,2.0204833785943195
26.763381690845424,2.004460506567053
26.788394197098548,2.0031329890039005
26.813406703351674,2.081842909173601
26.8384192096048,2.0054824966506506
26.863431715857928,1.9976472521206101
26.888444222111055,2.0606867528636394
26.91345672836418,1.9581026607368606
26.93846923461731,1.9631397395171006
26.963481740870435,1.974654379216299
26.988494247123562,2.014183727855811
27.01350675337669,1.9128818689780707
27.038519259629815,1.970785337323855
27.063531765882942,1.9071584851131402
27.08854427213607,1.9384634158850051
27.113556778389196,1.9047917295427714
27.138569284642323,1.897482868850401
27.16358179089545,1.8914169161206762
27.188594297148573,1.863781546584292
27.2136068034017,1.7896165421349683
27.238619309654826,1.7935587472608692
27.263631815907953,1.790447169599151
27.28864432216108,1.7288341078789171
27.313656828414207,1.654443481698765
27.338669334667333,1.6828089848909262
27.36368184092046,1.590789055841726
27.388694347173587,1.6321515478382573
27.413706853426714,1.613937646348789
27.43871935967984,1.5259467800871944
27.463731865932967,1.4941004628626273
27.488744372186094,1.4615946946309144
27.51375687843922,1.430725352156758
27.538769384692348,1.374038030194354
27.563781890945474,1.3342354254159925
27.588794397198598,1.2939522473846459
27.613806903451724,1.2989530545885277
27.63881940970485,1.2507373796766166
27.663831915957978,1.1703919028589949
27.688844422211105,1.168839539074643
27.71385692846423,1.0998873572148606
27.73886943471736,1.0656220366593439
27.763881940970485,1.0631155409645439
27.788894447223612,0.9549604587520693
27.81390695347674,0.959125199094967
27.838919459729865,0.9020713154500708
27.863931965982992,0.8428575653364583
27.88894447223612,0.7829865214474707
27.913956978489246,0.7724490355038134
27.938969484742373,0.7456913414678126
27.9639819909955,0.6642728064241382
27.988994497248623,0.6627407477847767
28.01400700350175,0.5349348994717674
28.039019509754876,0.486469507772192
28.064032016008003,0.5170423794951744
28.08904452226113,0.4320956201927759
28.114057028514257,0.3277252729074663
28.139069534767383,0.2843431738509706
28.16408204102051,0.29016874387616937
28.189094547273637,0.253771357250826
28.214107053526764,0.12354532827670081
28.23911955977989,0.1416312632135157
28.264132066033017,0.09837263551669234
28.289144572286144,0.013768181317987922
28.31415707853927,0.008295584682103924
28.339169584792398,-0.07237684369633715
28.364182091045524,-0.12175601645099504
28.389194597298648,-0.15013838148767839
28.414207103551774,-0.1875538182398146
28.4392196098049,-0.2606889525939572
28.464232116058028,-0.3275451847917948
28.489244622311155,-0.37530844207538144
28.51425712856428,-0.4339817512328253
28.53926963481741,-0.43068618935630376
28.564282141070535,-0.5427596375605976
28.589294647323662,-0.5956717877388276
28.61430715357679,-0.6427622600468058
28.639319659829916,-0.6631517276163389
28.664332166083042,-0.7124313651101303
28.68934467233617,-0.7314840927300238
28.714357178589296,-0.7640424008839369
28.739369684842423,-0.8585576072213565
28.76438219109555,-0.922822486597394
28.789394697348673,-0.9805055780509653
28.8144072036018,-0.9534603415147944
28.839419709854926,-1.0368459955504832
28.864432216108053,-1.0812705948959296
28.88944472236118,-1.1215314579706899
28.914457228614307,-1.1277049418571554
28.939469734867433,-1.1704593272786414
28.96448224112056,-1.1780502334078935
28.989494747373687,-1.2511941619867373
29.014507253626814,-1.3128748282092686
29.03951975987994,-1.377278873736072
29.064532266133067,-1.3513003156026258
29.089544772386194,-1.4539658412564016
29.11455727863932,-1.3901692839744404
29.139569784892448,-1.4691439003766713
29.164582291145575,-1.4957337318754083
29.189594797398698,-1.5691971838576764
29.214607303651825,-1.582217501471242
29.23961980990495,-1.597722734726467
29.264632316158078,-1.593840524283881
29.289644822411205,-1.664887412059279
29.31465732866433,-1.6426196233304595
29.33966983491746,-1.7124414548937967
29.364682341170585,-1.7258291735772318
29.389694847423712,-1.7128180831662405
29.41470735367684,-1.8033508026887932
29.439719859929966,-1.8361842205656735
29.464732366183092,-1.8069181050510943
29.48974487243622,-1.8565747660098173
29.514757378689346,-1.8059373002216563
29.539769884942473,-1.818652293211792
29.564782391195596,-1.8730362016977673
29.589794897448723,-1.8562172045178633
29.61480740370185,-1.8931388461173901
29.639819909954976,-1.9224596801192422
29.664832416208103,-1.8791946517189737
29.68984492246123,-1.9687706434010561
29.714857428714357,-1.980584899197593
29.739869934967484,-1.937151582066972
29.76488244122061,-1.9800607959187893
29.789894947473737,-1.9348503886314838
29.814907453726864,-1.964556060982975
29.83991995997999,-1.966307374063225
29.864932466233117,-1.9852896897577612
29.889944972486244,-1.949752089584019
29.91495747873937,-1.9120016789387528
29.939969984992498,-1.9519451503623062
29.96498249124562,-1.9327888122085222
29.989994997498748,-1.9319179335534846
30.015007503751875,-1.96086712832828
30.040020010005,-1.8910305765752407
30.06503251625813,-1.8782676597585293
30.090045022511255,-1.8499732373984643
30.115057528764382,-1.9080528340602323
30.14007003501751,-1.8858525254742882
30.165082541270635,-1.8487644388674804
30.190095047523762,-1.7976361367793534
30.21510755377689,-1.8177356890454084
30.240120060030016,-1.841199589261383
30.265132566283143,-1.779064213091548
30.29014507253627,-1.7706608775566597
30.315157578789396,-1.7182015287680628
30.340170085042523,-1.7290124133629867
30.365182591295646,-1.693380195848014
30.390195097548773,-1.6376017130982237
30.4152076038019,-1.6292483838548453
30.440220110055026,-1.5906882554429997
30.465232616308153,-1.540351624097623
30.49024512256128,-1.5384585655533174
30.515257628814407,-1.477045786819186
30.540270135067534,-1.5268304528611087
30.56528264132066,-1.4895949739008014
30.590295147573787,-1.414854959084305
30.615307653826914,-1.4225003401766347
30.64032016008004,-1.3530317329608663
30.665332666333168,-1.301327710086226
30.690345172586294,-1.2910995007522057
30.71535767883942,-1.2713714272284595
30.740370185092548,-1.2155754994955488
30.76538269134567,-1.1881897876966794
30.790395197598798,-1.129056169616295
30.815407703851925,-1.0618687067343142
30.84042021010505,-1.0658856893758082
30.86543271635818,-0.9503549091843442
30.890445222611305,-0.9219592261155826
30.915457728864432,-0.9530333604682136
30.94047023511756,-0.891015273086684
30.965482741370685,-0.8419000384611154
30.990495247623812,-0.7525261437636983
31.01550775387694,-0.7465521217945946
31.040520260130066,-0.6907960779033993
31.065532766383193,-0.5897708919461675
31.09054527263632,-0.5977664378579659
31.115557778889446,-0.5900277022839742
31.140570285142573,-0.4597679516613055
31.165582791395696,-0.4676169966899199
31.190595297648823,-0.4349680247422637
31.21560780390195,-0.316145158907435
31.240620310155077,-0.29196888415193606
31.265632816408203,-0.24582720199930297
31.29064532266133,-0.23474675894762292
31.315657828914457,-0.18257384224046547
31.340670335167584,-0.1488559218514058
31.36568284142071,-0.00863690312303636
31.390695347673837,-0.032932208571520044
31.415707853926964,0.06269926805145899
31.44072036018009,0.08070491541106888
31.465732866433218,0.1660520575003543
31.490745372686344,0.16115127968608317
31.51575787893947,0.20877208052640356
31.540770385192598,0.3185283015824588
31.56578289144572,0.3446752294099862
31.590795397698848,0.41677459688123286
31.615807903951975,0.41541630408247915
31.6408204102051,0.4576224637840485
31.66583291645823,0.5759434223699639
31.690845422711355,0.618511870770532
31.715857928964482,0.6673532804236313
31.74087043521761,0.6953947412888208
31.765882941470736,0.7585188284804559
31.790895447723862,0.7669922680639615
31.81590795397699,0.8636368893610138
31.840920460230116,0.9207383844477439
31.865932966483243,0.8791642854675905
31.89094547273637,0.9196230081667865
31.915957978989496,0.980401712931695
31.940970485242623,1.0751516184991003
31.965982991495746,1.1101872106800073
31.990995497748873,1.1291586379407352
32.016008004002,1.1833000488365215
32.04102051025513,1.2253249700760993
32.06603301650826,1.2933499776685602
32.091045522761384,1.3017918367956611
32.11605802901451,1.3782990182627493
32.14107053526764,1.361981425267936
32.16608304152076,1.4077135133847576
32.191095547773884,1.4787333855749119
32.21610805402701,1.4562138593333187
32.24112056028014,1.4777973546082692
32.266133066533264,1.5667942960967183
32.29114557278639,1.6287588572782647
32.31615807903952,1.65758635935473
32.341170585292645,1.628883767296372
32.36618309154577,1.6678492634999111
32.3911955977989,1.7080878675345867
32.416208104052025,1.7096716893719448
32.44122061030515,1.778832242491883
32.46623311655828,1.8337928975250704
32.491245622811405,1.7909448867302007
32.51625812906453,1.8402201442721469
32.54127063531766,1.8267513120742491
32.566283141570786,1.8437844409813189
32.59129564782391,1.8915468480142739
32.61630815407704,1.9005668616424234
32.641320660330166,1.8975462303507995
32.66633316658329,1.9843404699306615
32.69134567283642,2.0074432386555534
32.716358179089546,1.932195389929421
32.74137068534267,1.9838720290615048
32.7663831915958,2.013497197697196
32.79139569784893,2.0279449279566686
32.81640820410205,2.027301221265225
32.84142071035518,2.0727933836712094
32.86643321660831,2.0371547068561475
32.891445722861434,2.0381408752845336
32.91645822911456,2.0460858340875148
32.94147073536768,2.059142802918367
32.96648324162081,2.061419324077776
32.991495747873934,2.02939886231151
33.01650825412706,2.0525165186481664
33.04152076038019,2.0400451557578094
33.066533266633314,1.9988434705378468
33.09154577288644,2.045737242230595
33.11655827913957,2.0770246027526182
33.141570785392695,2.05608486269501
33.16658329164582,1.974940157431216
33.19159579789895,2.0271199597037364
33.216608304152075,2.007377245647797
33.2416208104052,2.0110725081112775
33.26663331665833,2.021202469332338
33.291645822911455,1.9474214768208546
33.31665832916458,1.964008481796062
33.34167083541771,1.9621807169181518
33.366683341670836,1.9333240129990426
33.39169584792396,1.935111010718448
33.41670835417709,1.852554147912636
33.441720860430216,1.8040128525366763
33.46673336668334,1.8486573746471637
33.49174587293647,1.7884982608179876
33.516758379189596,1.7288254405354682
33.54177088544272,1.7828914845817863
33.56678339169585,1.7517152205077577
33.59179589794898,1.7097103552935289
33.616808404202104,1.712617924061892
33.64182091045523,1.6650284825859392
33.66683341670836,1.5558535556585231
33.691845922961484,1.5404480646429224
33.71685842921461,1.5856537891000406
33.74187093546773,1.5423866460891091
33.76688344172086,1.493327714616752
33.791895947973984,1.4268242121446442
33.81690845422711,1.3965770910218482
33.84192096048024,1.3180853683421494
33.866933466733364,1.3503200839342073
33.89194597298649,1.2451044321725897
33.91695847923962,1.2681603718972028
33.941970985492745,1.1976180121272646
33.96698349174587,1.1658653638263234
33.991995997999,1.1013637173013342
34.017008504252125,1.054337271715707
34.04202101050525,0.9963082894387287
34.06703351675838,0.9932433970501182
34.092046023011505,0.958133555187367
34.11705852926463,0.882010204381241
34.14207103551776,0.9041727470057219
34.167083541770886,0.8378924393668878
34.19209604802401,0.7753718297698368
34.21710855427714,0.7104077097967829
34.242121060530266,0.6345401907100097
34.26713356678339,0.6472534593912046
34.29214607303652,0.5900264964638178
34.31715857928965,0.5257125540483485
34.34217108554277,0.5174634157548862
34.3671835917959,0.3869525479779319
34.39219609804903,0.348586375225552
34.417208604302154,0.3220911865052945
34.44222111055528,0.23532623192849253
34.46723361680841,0.2800807465514497
34.492246123061534,0.21114038357278836
34.51725862931466,0.09745549742535634
34.54227113556778,0.10555774207793084
34.56728364182091,0.010491511611377256
34.592296148074034,-0.06571811755092367
34.61730865432716,-0.0855374608067494
34.64232116058029,-0.1000814099165279
34.667333666833414,-0.2071347333100477
34.69234617308654,-0.1975497710612919
34.71735867933967,-0.2815939326519998
34.742371185592795,-0.36650811903545166
34.76738369184592,-0.32632642743311896
34.79239619809905,-0.41310846289423075
34.817408704352175,-0.45673632617794113
34.8424212106053,-0.5328791197184356
34.86743371685843,-0.5684617961422215
34.892446223111556,-0.5814768132144418
34.91745872936468,-0.683243063138118
34.94247123561781,-0.6916379546142487
34.967483741870936,-0.7382706982288199
34.99249624812406,-0.8177257157108605
35.01750875437719,-0.79435282840232
35.042521260630316,-0.8704859514345724
35.06753376688344,-0.9128569943519214
35.09254627313657,-0.9221824399643077
35.1175587793897,-1.0374763965183615
35.14257128564282,-1.0102886300687033
35.16758379189595,-1.0901647041451148
35.19259629814908,-1.1044805649582374
35.217608804402204,-1.1862450932057336
35.24262131065533,-1.1849691471584662
35.26763381690846,-1.290636357551475
35.292646323161584,-1.3368487570018446
35.317658829414704,-1.3059676519060655
35.34267133566783,-1.3676698791517419
35.36768384192096,-1.3497742613244148
35.392696348174084,-1.4296046598997807
35.41770885442721,-1.5068653586440561
35.44272136068034,-1.4570291893278335
35.467733866933465,-1.49140465038434
35.49274637318659,-1.5236737172289159
35.51775887943972,-1.5878074327067129
35.542771385692845,-1.647065052073075
35.56778389194597,-1.6813968327361049
35.5927963981991,-1.679956816993287
35.617808904452225,-1.6596255372115458
35.64282141070535,-1.7153598704957636
35.66783391695848,-1.7637967790473221
35.692846423211606,-1.7801894539365068
35.71785892946473,-1.7745386746527851
35.74287143571786,-1.7785255348622808
35.767883941970986,-1.777276969607504
35.79289644822411,-1.8398563006018378
35.81790895447724,-1.8146006830291626
35.842921460730366,-1.8966799001139067
35.86793396698349,-1.8528916169053837
35.89294647323662,-1.9060600201857998
35.91795897948975,-1.8768950762501313
35.94297148574287,-1.9479630870483022
35.967983991996,-1.8787021546234222
35.99299649824913,-1.957749340142901
36.018009004502254,-1.9279104131458311
36.04302151075538,-1.965526545457752
36.06803401700851,-1.967286016707017
36.093046523261634,-1.994678344051609
36.118059029514754,-1.9837826467203448
36.14307153576788,-1.940325702868217
36.16808404202101,-1.9721195265793494
36.193096548274134,-1.9866268962478566
36.21810905452726,-1.9854567209927048
36.24312156078039,-1.9613401685291536
36.268134067033515,-1.9391530552495913
36.29314657328664,-1.967449881772085
36.31815907953977,-1.9599828403973665
36.343171585792895,-1.9382223043928133
36.36818409204602,-1.8887442701442656
36.39319659829915,-1.9125182445718618
36.418209104552275,-1.9086929137397095
36.4432216108054,-1.860153445779633
36.46823411705853,-1.8083657165971787
36.493246623311656,-1.7700846403692578
36.51825912956478,-1.7697408863522788
36.54327163581791,-1.772950816635606
36.568284142071036,-1.7232168509375552
36.59329664832416,-1.7560381414644786
36.61830915457729,-1.6786176149173477
36.643321660830416,-1.7249094390391482
36.66833416708354,-1.6560639519214744
36.69334667333667,-1.6227097796541579
36.7183591795898,-1.5819797372458335
36.743371685842924,-1.5794294700024727
36.76838419209605,-1.5725052069966623
36.79339669834918,-1.5281126351289172
36.818409204602304,-1.4671621332124005
36.84342171085543,-1.4482696976296587
36.86843421710856,-1.4017941610242712
36.893446723361684,-1.4155984262386523
36.918459229614804,-1.3660560667946529
36.94347173586793,-1.330619881689818
36.96848424212106,-1.2926556179063335
36.993496748374184,-1.257590574921413
37.01850925462731,-1.258358353946579
37.04352176088044,-1.1846654784579893
37.068534267133565,-1.1540584234825222
37.09354677338669,-1.1287109237358508
37.11855927963982,-1.0085064774586112
37.143571785892945,-1.0437070754800146
37.16858429214607,-0.9727547158521608
37.1935967983992,-0.9348380894625136
37.218609304652325,-0.9243108211419169
37.24362181090545,-0.8354127494526544
37.26863431715858,-0.7755530134281731
37.293646823411706,-0.7342232872072134
37.31865932966483,-0.7355345264643527
37.34367183591796,-0.643864725047979
37.368684342171086,-0.5648916004317422
37.39369684842421,-0.5756838714456527
37.41870935467734,-0.4681012790844514
37.44372186093047,-0.4116183174158267
37.46873436718359,-0.38353039110843307
37.49374687343672,-0.3596536147022511
37.51875937968985,-0.2713787704491861
37.543771885942974,-0.3013984171283802
37.5687843921961,-0.24139516709805986
37.59379689844923,-0.15283792398381862
37.618809404702354,-0.0812923262955249
37.64382191095548,-0.1081180211224369
37.66883441720861,0.035303504871954355
37.693846923461734,0.05697920455142151
37.718859429714854,0.07693703579156769
37.74387193596798,0.1384141034709278
37.76888444222111,0.2328249200611166
37.793896948474234,0.25479856554655583
37.81890945472736,0.275948209874045
37.84392196098049,0.3333537395368541
37.868934467233615,0.3713110372104852
37.89394697348674,0.4244341072596007
37.91895947973987,0.4614286647141165
37.943971985992995,0.5689984367058747
37.96898449224612,0.5399258589238084
37.99399699849925,0.6052433320883359
38.019009504752376,0.6855004353975622
38.0440220110055,0.7029583139602191
38.06903451725863,0.7265416391398076
38.094047023511756,0.8575944761132392
38.11905952976488,0.8427503948797922
38.14407203601801,0.9438215618039282
38.169084542271136,0.952024944633039
38.19409704852426,0.9559598797400499
38.21910955477739,1.0012982012849234
38.24412206103052,1.060613893302815
38.26913456728364,1.1704183312116552
38.29414707353677,1.2072901147939605
38.3191595797899,1.2210444295613536
38.344172086043024,1.2594000794550828
38.36918459229615,1.305848857836257
38.39419709854928,1.3331071592566262
38.419209604802404,1.351731385398325
38.44422211105553,1.3811738826077609
38.46923461730866,1.3959058300035525
38.49424712356178,1.517131359127693
38.519259629814904,1.4713474925686656
38.54427213606803,1.5390273620937842
38.56928464232116,1.560118445306099
38.594297148574285,1.6267293976108288
38.61930965482741,1.6820452344542423
38.64432216108054,1.680819185178776
38.669334667333665,1.692334276045968
38.69434717358679,1.752610967470395
38.71935967983992,1.7072753654461348
38.744372186093045,1.7877511684316714
38.76938469234617,1.8105346991589193
38.7943971985993,1.7988879200070114
38.819409704852426,1.8632596700548452
38.84442221110555,1.8439453281868574
38.86943471735868,1.85940876916129
38.894447223611806,1.9438527553187492
38.91945972986493,1.952273936296267
38.94447223611806,1.909270260033831
38.969484742371186,1.9301045609670389
38.99449724862431,1.9786168716643409
39.01950975487744,1.9843542775867402
39.04452226113057,2.029785065756325
39.06953476738369,2.015666124883032
39.09454727363682,2.029845473503056
39.11955977988995,1.9959268326430533
39.144572286143074,2.0284150472865616
39.1695847923962,2.010047845625589
39.19459729864933,2.034255969934347
39.219609804902454,2.012423175295401
39.24462231115558,2.011634941498628
39.26963481740871,2.0490437860096304
39.29464732366183,2.037229679582957
39.319659829914954,2.02313976371309
39.34467233616808,2.0410041235929612
39.36968484242121,2.0188064423421874
39.394697348674335,2.0386479367851744
39.41970985492746,2.0130256257680803
39.44472236118059,2.041014463426848
39.469734867433715,2.0434302805209863
39.49474737368684,1.9746854421961046
39.51975987993997,2.0287533652005654
39.544772386193095,2.0052007209271685
39.56978489244622,1.9341792488986405
39.59479739869935,1.8974893369889858
39.619809904952476,1.9293999241643989
39.6448224112056,1.8859240472793333
39.66983491745873,1.8880516985493783
39.694847423711856,1.9219016344120423
39.71985992996498,1.8607965244976934
39.74487243621811,1.8534939052327235
39.769884942471236,1.850488336394182
39.79489744872436,1.742181068578434
39.81990995497749,1.790078469325347
39.84492246123062,1.7217447506029087
39.86993496748374,1.7475397767635557
39.89494747373687,1.6813155039156498
39.91995997999,1.6728556378742123
39.944972486243124,1.5952208481334649
39.96998499249625,1.578217991860874
39.99499749874938,1.5284371732549349
40.020010005002504,1.4767044919834134
40.04502251125563,1.4318425921117648
40.07003501750876,1.4288825090322337
40.09504752376188,1.412361007027411
40.120060030015004,1.4027727460791228
40.14507253626813,1.2909647146069574
40.17008504252126,1.2641400199132922
40.195097548774385,1.2804160663233997
40.22011005502751,1.2127421702001457
40.24512256128064,1.14720322153101
40.270135067533765,1.146021647134763
40.29514757378689,1.1245743583636154
40.32016008004002,1.0061397886363121
40.345172586293145,1.0119648593628299
40.37018509254627,0.9901696756922432
40.3951975987994,0.9546430886568906
40.420210105052526,0.8380433621893023
40.44522261130565,0.8177165523594769
40.47023511755878,0.7741200653019646
40.495247623811906,0.6797058526098604
40.52026013006503,0.7089693969731831
40.54527263631816,0.6599696259968652
40.57028514257129,0.6318369950712238
40.59529764882441,0.5057137199988255
40.62031015507754,0.4719405654370501
40.64532266133067,0.4655848375431225
40.670335167583794,0.34917336682819383
40.69534767383692,0.31553499261755225
40.72036018009005,0.3093007590770798
40.745372686343174,0.25290361087815433
40.7703851925963,0.14311167430026522
40.79539769884943,0.1793611141337229
40.820410205102554,0.09487984927904822
40.84542271135568,0.005097997715629257
40.87043521760881,0.0005281534081053099
40.89544772386193,-0.09957838246230148
40.920460230115054,-0.06842251854136747
40.94547273636818,-0.1665680379810139
40.97048524262131,-0.16737916062347846
40.995497748874435,-0.25503673424711304
41.02051025512756,-0.35260887157759785
41.04552276138069,-0.3625902331305181
41.070535267633815,-0.42518768718187583
41.09554777388694,-0.4806684290494899
41.12056028014007,-0.5287425932822264
41.145572786393195,-0.5118912045968994
41.17058529264632,-0.567426043865346
41.19559779889945,-0.6525847727669958
41.220610305152576,-0.6559115992802933
41.2456228114057,-0.7358582278247309
41.27063531765883,-0.8219858721866767
41.295647823911956,-0.86636608748331
41.32066033016508,-0.857704088637105
41.34567283641821,-0.9214659325101967
41.37068534267134,-0.9136711409872942
41.39569784892446,-1.0186856049831716
41.42071035517759,-1.0052371171816183
41.44572286143072,-1.0982437975554666
41.470735367683844,-1.1126720611773322
41.49574787393697,-1.1707364018691455
41.5207603801901,-1.240824822448698
41.545772886443224,-1.265774415966462
41.57078539269635,-1.2475912396971212
41.59579789894948,-1.3232230251105646
41.620810405202604,-1.3346091814244687
41.64582291145573,-1.4000750376149176
41.67083541770885,-1.388303954589146
41.69584792396198,-1.4118778738639859
41.720860430215104,-1.5356687009265568
41.74587293646823,-1.512660347436366
41.77088544272136,-1.5839207778794273
41.795897948974485,-1.6100093464728313
41.82091045522761,-1.6226229205957166
41.84592296148074,-1.6367294218217077
41.870935467733865,-1.6911986464349662
41.89594797398699,-1.6473917885623715
41.92096048024012,-1.6947058649987834
41.945972986493246,-1.7045086628831279
41.97098549274637,-1.778986684657872
41.9959979989995,-1.8105404465135602
42.021010505252626,-1.8241590931736207
42.04602301150575,-1.8001808441105143
42.07103551775888,-1.802929184937996
42.096048024012006,-1.8746066275793454
42.12106053026513,-1.8744496904280232
42.14607303651826,-1.8463824350454863
42.17108554277139,-1.8768075030862177
42.19609804902451,-1.8806745554812254
42.22111055527764,-1.885086420167294
42.24612306153077,-1.8837609298507079
42.271135567783894,-1.91144035498437
42.29614807403702,-1.9100256605263728
42.32116058029015,-1.9184489306660266
42.346173086543274,-1.9803425655840847
42.3711855927964,-1.9309751131525352
42.39619809904953,-1.9312144990073936
42.421210605302655,-1.9898162594128601
42.44622311155578,-1.9059394285042246
42.4712356178089,-1.9187821286615356
42.49624812406203,-1.9813043142812927
42.521260630315155,-1.9747464653553888
42.54627313656828,-1.888127197178898
42.57128564282141,-1.8907767324235207
42.596298149074535,-1.87906895324412
42.62131065532766,-1.8769096681502178
42.64632316158079,-1.9073684974794538
42.671335667833915,-1.873011776282196
42.69634817408704,-1.8377793780813343
42.72136068034017,-1.8630186103641682
42.746373186593296,-1.8696379124783826
42.77138569284642,-1.8090315331382536
42.79639819909955,-1.778727282529834
42.821410705352676,-1.7744662015055286
42.8464232116058,-1.7724400721043847
42.87143571785893,-1.7190119842384273
42.896448224112056,-1.6968165572943787
42.92146073036518,-1.6911534063841391
42.94647323661831,-1.667497558176669
42.97148574287144,-1.6336797967743082
42.99649824912456,-1.6232707102781518
43.02151075537769,-1.601479280412258
43.04652326163082,-1.5307096881130788
43.071535767883944,-1.5217935787087955
43.09654827413707,-1.45064035620704
43.1215607803902,-1.4522751378933463
43.146573286643324,-1.403186882412035
43.17158579289645,-1.4256742451290918
43.19659829914958,-1.404140882279421
43.221610805402705,-1.3195166536801939
43.24662331165583,-1.3033455730225576
43.27163581790895,-1.2819312538775542
43.29664832416208,-1.1998215609533773
43.321660830415205,-1.1431956236564578
43.34667333666833,-1.1367308355751125
43.37168584292146,-1.1115238030201784
43.396698349174585,-1.0490795562002047
43.42171085542771,-0.9639442170449223
43.44672336168084,-0.9321067410266991
43.471735867933965,-0.9691599532203895
43.49674837418709,-0.9081428405632573
43.52176088044022,-0.8316775796459637
43.546773386693346,-0.8389427058933803
43.57178589294647,-0.7402628447183328
43.5967983991996,-0.7372733547880653
43.621810905452726,-0.6082571087258302
43.64682341170585,-0.6121972235735305
43.67183591795898,-0.5234969634584508
43.69684842421211,-0.4898844241777088
43.72186093046523,-0.5049082171248067
43.74687343671836,-0.4089826224556452
43.77188594297149,-0.35678195720883393
43.796898449224614,-0.27127897901546033
43.82191095547774,-0.29804359365234595
43.84692346173087,-0.18196050377490014
43.871935967983994,-0.21485446534478464
43.89694847423712,-0.1115185061161652
43.92196098049025,-0.07068349334533935
43.946973486743374,0.003384021391157621
43.9719859929965,-0.0002440035158953191
43.99699849924963,0.09811189036734227
44.022011005502755,0.12195374246130763
44.04702351175588,0.22302783032918028
44.072036018009,0.21123417228206628
44.09704852426213,0.23406092674150925
44.122061030515255,0.3371477061318511
44.14707353676838,0.3581254775541103
44.17208604302151,0.4241004792760475
44.197098549274635,0.44015201924821795
44.22211105552776,0.5387445060371431
44.24712356178089,0.5855962575972367
44.272136068034015,0.5889417120500121
44.29714857428714,0.6322510431613217
44.32216108054027,0.7442583176538556
44.347173586793396,0.775996097907797
44.37218609304652,0.8544881131989563
44.39719859929965,0.8204010391623862
44.422211105552776,0.8831402566964994
44.4472236118059,0.9266874955096283
44.47223611805903,1.0133558259247422
44.49724862431216,1.0109338884164036
44.52226113056528,1.1253588084088018
44.54727363681841,1.1003053106338068
44.57228614307154,1.1808356224354652
44.597298649324664,1.1996320331353794
44.62231115557779,1.204664670064803
44.64732366183092,1.2353918310457481
44.672336168084044,1.3304875584992077
44.69734867433717,1.3903171673047616
44.7223611805903,1.381755119321279
44.747373686843424,1.3951405442505649
44.77238619309655,1.516988236512975
44.79739869934968,1.5154211193712794
44.822411205602805,1.521429016470615
44.847423711855924,1.6078654131613552
44.87243621810905,1.6475360027372603
44.89744872436218,1.5862114884994265
44.922461230615305,1.714599280232523
44.94747373686843,1.7176017193683906
44.97248624312156,1.701693568226554
44.997498749374685,1.7710321391791328
45.02251125562781,1.773762337797834
45.04752376188094,1.7498104810033803
45.072536268134066,1.832644215328345
45.09754877438719,1.8653581529376164
45.12256128064032,1.8573148146712262
45.147573786893446,1.9020118577787744
45.17258629314657,1.9162677192127462
45.1975987993997,1.925808002312716
45.222611305652826,1.9275130766297481
45.24762381190595,1.9316920722261233
45.27263631815908,1.973260423571008
45.29764882441221,1.9559071517778264
45.32266133066533,2.0060582065463928
45.34767383691846,1.980025624435392
45.37268634317159,1.9803206256977612
45.397698849424714,2.057204258173834
45.42271135567784,2.038245031817546
45.44772386193097,2.0209840893403626
45.472736368184094,2.0575655362069627
45.49774887443722,2.0328417466001207
45.52276138069035,2.023868057484757
45.547773886943475,2.0433186552980342
45.5727863931966,2.0747283547698037
45.59779889944973,2.0500204723757816
45.622811405702855,1.9972731430524995
45.647823911955975,2.087290483857302
45.6728364182091,2.008049413751453
45.69784892446223,2.024032199808857
45.722861430715355,1.9793533527217588
45.74787393696848,2.020852452046949
45.77288644322161,2.0422777306055337
45.797898949474735,2.015105823909486
45.82291145572786,1.9900964708501159
45.84792396198099,1.9941763822857053
45.872936468234116,1.93029863224436
45.89794897448724,1.9578800689738591
45.92296148074037,1.9597179089020427
45.947973986993496,1.8794401701911871
45.97298649324662,1.9013007969731874
45.99799899949975,1.8778722677506037
46.023011505752876,1.8683048202327917
46.048024012006,1.784246822444831
46.07303651825913,1.7813289316529928
46.09804902451226,1.7736467959815327
46.12306153076538,1.7494894679559059
46.14807403701851,1.721545617784874
46.17308654327164,1.6787178403096357
46.198099049524764,1.6433075901299423
46.22311155577789,1.5901936949766997
46.24812406203102,1.625921500318706
46.273136568284144,1.5213881675867487
46.29814907453727,1.5649523481392986
46.3231615807904,1.504105847661791
46.348174087043525,1.401834570154258
46.37318659329665,1.4408170250243817
46.39819909954978,1.3444118833970327
46.423211605802905,1.3201372845000168
46.448224112056025,1.268548261481188
46.47323661830915,1.2258275466186814
46.49824912456228,1.180218869904622
46.523261630815405,1.154500296137163
46.54827413706853,1.1257743671221898
46.57328664332166,1.0998906115253388
46.598299149574785,1.0810399029728106
46.62331165582791,1.015953889371948
46.64832416208104,1.014031335712696
46.673336668334166,0.9382664116960127
46.69834917458729,0.8605134865274353
46.72336168084042,0.8431859617654307
46.748374187093546,0.8143582043940416
46.77338669334667,0.6883152746570648
46.7983991995998,0.7386841877017785
46.823411705852926,0.6690411124667908
46.84842421210605,0.5570685287139675
46.87343671835918,0.5834467381009761
46.89844922461231,0.5214570315973546
46.923461730865434,0.4772875610155123
46.94847423711856,0.40317280479471895
46.97348674337169,0.30546398947358216
46.998499249624814,0.33627957903574035
47.02351175587794,0.28265087546554185
47.04852426213107,0.2050528590289336
47.073536768384194,0.1415009763266956
47.09854927463732,0.0746031462868087
47.12356178089045,0.08424343458622177
47.148574287143575,0.010693870322763505
47.1735867933967,-0.06022627059964632
47.19859929964983,-0.05383718617705094
47.22361180590295,-0.13166478289886313
47.248624312156075,-0.16800002761860663
47.2736368184092,-0.27588733530707926
47.29864932466233,-0.2810707374242424
47.323661830915455,-0.38808493523376564
47.34867433716858,-0.35872649365607984
47.37368684342171,-0.4936814973968104
47.398699349674835,-0.5350238342655951
47.42371185592796,-0.5503775418690671
47.44872436218109,-0.6070044539341499
47.473736868434216,-0.6443262355375028
47.49874937468734,-0.6356218485156888
47.52376188094047,-0.6892890835823969
47.548774387193596,-0.7617000729193328
47.57378689344672,-0.796151249271001
47.59879939969985,-0.8147124086987827
47.62381190595298,-0.8635395474712061
47.6488244122061,-0.9789581824038462
47.67383691845923,-0.9590555280698629
47.69884942471236,-1.0383447192218882
47.723861930965484,-1.108952238923994
47.74887443721861,-1.1693913029919258
47.77388694347174,-1.1719560338406672
47.798899449724864,-1.1714335383225203
47.82391195597799,-1.2776917527984053
47.84892446223112,-1.2313492742522731
47.873936968484244,-1.3217192227368229
47.89894947473737,-1.304220489791531
47.9239619809905,-1.3985639004069528
47.948974487243625,-1.4194209448844877
47.97398699349675,-1.4613343410151487
47.99899949974988,-1.4720954177280399
48.024012006003,-1.5332374243465803
48.049024512256125,-1.5862078744071648
48.07403701850925,-1.540957270628319
48.09904952476238,-1.6466217914653263
48.124062031015505,-1.6087262112596281
48.14907453726863,-1.6883614421532338
48.17408704352176,-1.6617970129798565
48.199099549774886,-1.7228494070857956
48.22411205602801,-1.7087992747160097
48.24912456228114,-1.753764672702833
48.274137068534266,-1.7450447579153714
48.29914957478739,-1.7509707733121227
48.32416208104052,-1.8472242409425528
48.349174587293646,-1.839615342112568
48.37418709354677,-1.8297796970006348
48.3991995997999,-1.9017555925058531
48.42421210605303,-1.8355707409005801
48.44922461230615,-1.8452778741458467
48.47423711855928,-1.8667892347523085
48.49924962481241,-1.8728841096739735
48.524262131065534,-1.9133236904686441
48.54927463731866,-1.9232632851519658
48.57428714357179,-1.9753921044317835
48.599299649824914,-1.915211598108525
48.62431215607804,-1.9117100522243486
48.64932466233117,-1.9922834034999952
48.674337168584294,-1.9783352357087467
48.69934967483742,-1.9041197705218311
48.72436218109055,-1.9312665413122638
48.749374687343675,-1.92381100106207
48.7743871935968,-1.9516446107471466
48.79939969984993,-1.923147946831989
48.82441220610305,-1.9056116345636092
48.849424712356175,-1.9519870566310014
48.8744372186093,-1.8924289937122158
48.89944972486243,-1.8845442412586284
48.924462231115555,-1.8963513241331211
48.94947473736868,-1.8888784428681078
48.97448724362181,-1.911685833517638
48.999499749874936,-1.8162413437480989
49.02451225612806,-1.8765446243421777
49.04952476238119,-1.8562480419393474
49.074537268634316,-1.7952943614041674
49.09954977488744,-1.7796737579717063
49.12456228114057,-1.7674839366701336
49.149574787393696,-1.7330377653761266
49.17458729364682,-1.7016752815914076
49.19959979989995,-1.691175126149548
49.22461230615308,-1.6671764404759302
49.2496248124062,-1.6259730492757996
49.27463731865933,-1.653241155020585
49.29964982491246,-1.6192842409007457
49.324662331165584,-1.5170259762647775
49.34967483741871,-1.494481865013421
49.37468734367184,-1.4568674071256584
49.399699849924964,-1.483513489551113
49.42471235617809,-1.4298168290512088
49.44972486243122,-1.3587482641408413
49.474737368684345,-1.415305345898658
49.49974987493747,-1.287631697915153
49.5247623811906,-1.3382088808321306
49.549774887443725,-1.3040513485256906
49.57478739369685,-1.2640106686471995
49.59979989994998,-1.2022334694003403
49.6248124062031,-1.1545519312288295
49.649824912456225,-1.1333805914090664
49.67483741870935,-1.0619311203405728
49.69984992496248,-0.9732999556236265
49.724862431215605,-1.0014146029334896
49.74987493746873,-0.9690497896153221
49.77488744372186,-0.9044473390076072
49.799899949974986,-0.8238279627174878
49.82491245622811,-0.7622062368978668
49.84992496248124,-0.7264458193672914
49.874937468734366,-0.7203481138925167
49.89994997498749,-0.695390925849063
49.92496248124062,-0.6040928388840526
49.949974987493746,-0.613400933388701
49.97498749374687,-0.5498902651059377
50.0,-0.4278087870219486
