x,y
0.0,0.0314203062437726
0.02501250625312656,0.05887023897474923
0.05002501250625312,0.14096993799762508
0.0750375187593797,0.18452863798963015
0.10005002501250625,0.2790913574130125
0.12506253126563283,0.25986308596058927
0.1500750375187594,0.30029968150047665
0.17508754377188596,0.43261524809298835
0.2001000500250125,0.4600021468333801
0.22511255627813906,0.46147373816995074
0.25012506253126565,0.5824473537541117
0.2751375687843922,0.569432190589362
0.3001500750375188,0.684264710054023
0.32516258129064535,0.7258190806705207
0.3501750875437719,0.7369552517364891
0.3751875937968984,0.751178643774298
0.400200100050025,0.7816279633310375
0.42521260630315155,0.887712422934032
0.4502251125562781,0.8780076459548813
0.4752376188094047,0.9733197183952663
0.5002501250625313,0.9618016309933772
0.5252626313156579,1.0377838275612645
0.5502751375687844,1.136795743750428
0.575287643821911,1.1506340144991392
0.6003001500750376,1.155937909973443
0.6253126563281641,1.2333697629172342
0.6503251625812907,1.27735924739197
0.6753376688344173,1.2517017641657853
0.7003501750875438,1.349123516903606
0.7253626813406704,1.3649972612473764
0.7503751875937968,1.4007851446749966
0.7753876938469234,1.406147017830885
0.80040020010005,1.5195055539124434
0.8254127063531765,1.5640317379395405
0.8504252126063031,1.540153952828311
0.8754377188594297,1.5755706848942967
0.9004502251125562,1.5871789325329928
0.9254627313656828,1.6899563621753693
0.9504752376188094,1.6305717316157506
0.9754877438719359,1.726863666459474
1.0005002501250626,1.696854919413614
1.0255127563781892,1.7201950671638027
1.0505252626313157,1.8286568735660536
1.0755377688844423,1.8541441557893958
1.1005502751375689,1.838177652207309
1.1255627813906954,1.8852366229121547
1.150575287643822,1.8767967805675327
1.1755877938969486,1.8729328144475061
1.2006003001500751,1.9039280666477734
1.2256128064032017,1.9373135120231366
1.2506253126563283,1.9847169850831534
1.2756378189094548,1.9603287821463848
1.3006503251625814,1.9648921230976988
1.325662831415708,2.0380543172256282
1.3506753376688345,1.9936262523940411
1.375687843921961,2.061515246115497
1.4007003501750876,1.985455291225621
1.4257128564282142,2.0537586303270654
1.4507253626813408,2.024213891385152
1.4757378689344671,2.0118850563377237
1.5007503751875937,2.0445702857531933
1.5257628814407203,2.0865990711706646
1.5507753876938468,2.0511015223238607
1.5757878939469734,2.0149081027254705
1.6008004002001,2.039999557922785
1.6258129064532265,2.053563368307803
1.650825412706353,2.0878730409078954
1.6758379189594796,2.0059342125496995
1.7008504252126062,2.0654582310315543
1.7258629314657328,2.034819807990077
1.7508754377188593,1.9879761587659324
1.775887943971986,1.9598381738220736
1.8009004502251125,2.026157167990398
1.825912956478239,1.9404831672696863
1.8509254627313656,1.9476336584695912
1.8759379689844922,1.9691618277527079
1.9009504752376187,1.9527027493235516
1.9259629814907453,1.9530540561494087
1.9509754877438719,1.9067040002858413
1.9759879939969984,1.8846805450361206
2.001000500250125,1.8578976270565422
2.0260130065032516,1.8476078934504825
2.0510255127563783,1.7750772791953688
2.0760380190095047,1.8401158512741236
2.1010505252626315,1.752122839090988
2.126063031515758,1.7123344267920004
2.1510755377688846,1.6754967599824941
2.176088044022011,1.6571159474843697
2.2011005502751377,1.689663024028062
2.226113056528264,1.6451678726156116
2.251125562781391,1.574158335060917
2.276138069034517,1.6082942159655684
2.301150575287644,1.5815479384617936
2.3261630815407703,1.5290830686537107
2.351175587793897,1.509466938977128
2.3761880940470235,1.4017534822893818
2.4012006003001503,1.4491292642037013
2.4262131065532766,1.381871842588041
2.4512256128064034,1.331365771573581
2.4762381190595297,1.2663660847756726
2.5012506253126565,1.2912979371634623
2.526263131565783,1.1648703872297859
2.5512756378189096,1.1223566843743737
2.576288144072036,1.1562290800734158
2.6013006503251628,1.0625262043492933
2.626313156578289,1.0328928155961825
2.651325662831416,0.9655198365587256
2.6763381690845423,0.9743202227327612
2.701350675337669,0.8922544831921096
2.7263631815907954,0.9017184407481044
2.751375687843922,0.8478215641937569
2.7763881940970485,0.7815113965361662
2.8014007003501753,0.6781275730298912
2.8264132066033016,0.6896822092349527
2.8514257128564284,0.6416474911184166
2.8764382191095548,0.5623810858124578
2.9014507253626816,0.5113894806010953
2.926463231615808,0.4516488435597627
2.9514757378689342,0.467032949759562
2.976488244122061,0.3418314214172589
3.0015007503751874,0.33674286473536286
3.026513256628314,0.2897075263492962
3.0515257628814405,0.23681438576465635
3.0765382691345673,0.2007254283625068
3.1015507753876936,0.12442612403414029
3.1265632816408204,0.09343208424668338
3.1515757878939468,0.025039383122204373
3.1765882941470736,-0.05359174702198613
3.2016008004002,-0.09922687128748313
3.2266133066533267,-0.13726163471202166
3.251625812906453,-0.19227349953644723
3.27663831915958,-0.17465779140368215
3.301650825412706,-0.2568098431060959
3.326663331665833,-0.2849607549428465
3.3516758379189593,-0.3390031146044574
3.376688344172086,-0.4620390202741937
3.4017008504252124,-0.4929799544248223
3.426713356678339,-0.5306417470560215
3.4517258629314655,-0.5852206428948747
3.4767383691845923,-0.5776042459677309
3.5017508754377187,-0.6941607307405031
3.5267633816908455,-0.668996296468775
3.551775887943972,-0.7279201037761645
3.5767883941970986,-0.8164513904930737
3.601800900450225,-0.8381582068783257
3.6268134067033517,-0.9210445785881064
3.651825912956478,-0.8868139599953068
3.676838419209605,-0.9750087713977253
3.701850925462731,-0.983874426268009
3.726863431715858,-1.0097376018965774
3.7518759379689843,-1.0551371396461924
3.776888444222111,-1.1120546541368055
3.8019009504752375,-1.1300161971305789
3.8269134567283642,-1.1956723269377516
3.8519259629814906,-1.2934516411969343
3.8769384692346174,-1.2700759152104726
3.9019509754877437,-1.3669678158692453
3.9269634817408705,-1.327098351978794
3.951975987993997,-1.4297908902312384
3.9769884942471236,-1.4113200737301919
4.00200100050025,-1.4533055156459482
4.027013506753376,-1.5109305216672886
4.052026013006503,-1.5285967276949608
4.07703851925963,-1.5846551387374344
4.102051025512757,-1.5728286723963278
4.127063531765883,-1.610038954738385
4.152076038019009,-1.5991645039977345
4.177088544272136,-1.6974508348196882
4.202101050525263,-1.7119733309021459
4.227113556778389,-1.7603516041533063
4.252126063031516,-1.7883542047084056
4.277138569284642,-1.7261858500790037
4.302151075537769,-1.7736648544901676
4.327163581790895,-1.8533321772509295
4.352176088044022,-1.784441230326186
4.377188594297149,-1.8792014858960981
4.4022011005502755,-1.8539201861922494
4.427213606803401,-1.8207648391810152
4.452226113056528,-1.9247516202413693
4.477238619309655,-1.853700690828788
4.502251125562782,-1.8821401759466356
4.527263631815908,-1.94811606389536
4.552276138069034,-1.901708175522357
4.577288644322161,-1.9443541158595794
4.602301150575288,-1.937675792761759
4.627313656828414,-1.9186123327295304
4.652326163081541,-1.8994039537052934
4.6773386693346675,-1.9608601705792672
4.702351175587794,-1.9817727424127667
4.72736368184092,-1.9135958231449015
4.752376188094047,-1.961788355439558
4.777388694347174,-1.9143678462942553
4.8024012006003005,-1.9007576353098856
4.827413706853426,-1.9129593067655637
4.852426213106553,-1.941590234604266
4.87743871935968,-1.9529421175204613
4.902451225612807,-1.946857588940667
4.927463731865933,-1.8816242812772732
4.9524762381190595,-1.9384455774691454
4.977488744372186,-1.8456505664512852
5.002501250625313,-1.8366209321917113
5.027513756878439,-1.8611331694971591
5.052526263131566,-1.884789551226294
5.0775387693846925,-1.8376795360552003
5.102551275637819,-1.7690051534174283
5.127563781890945,-1.7949468586078166
5.152576288144072,-1.7784094358671894
5.177588794397199,-1.7721348647782253
5.2026013006503256,-1.7263282445347587
5.2276138069034515,-1.665462993461824
5.252626313156578,-1.6898414491241005
5.277638819409705,-1.6669600447543096
5.302651325662832,-1.6609670042146911
5.327663831915958,-1.572816599447926
5.3526763381690845,-1.5757378784920024
5.377688844422211,-1.5674794340724665
5.402701350675338,-1.4660789775880387
5.427713856928464,-1.4197519737381965
5.452726363181591,-1.4491624267690695
5.4777388694347176,-1.3909358265453045
5.502751375687844,-1.3497930867659969
5.52776388194097,-1.3111939717365755
5.552776388194097,-1.2600773559962277
5.577788894447224,-1.2257417761464775
5.602801400700351,-1.1922211849732864
5.6278139069534765,-1.1199554487707266
5.652826413206603,-1.1009624372270215
5.67783891945973,-1.077224307400272
5.702851425712857,-1.0355965491552308
5.727863931965983,-1.0290607680833082
5.7528764382191095,-0.951697162244307
5.777888944472236,-0.8964797777551408
5.802901450725363,-0.8391256211049881
5.827913956978489,-0.874078697587625
5.852926463231616,-0.7797596397166866
5.877938969484743,-0.7838685959303155
5.9029514757378685,-0.7363431552305559
5.927963981990995,-0.6802772861945492
5.952976488244122,-0.6024261036999224
5.977988994497249,-0.561886285674848
6.003001500750375,-0.5092673654392289
6.0280140070035015,-0.48825088599407296
6.053026513256628,-0.3950046362540296
6.078039019509755,-0.35773856365808365
6.103051525762881,-0.28664719000333383
6.128064032016008,-0.22587721954501117
6.153076538269135,-0.16738707979610162
6.178089044522261,-0.16511233700467093
6.203101550775387,-0.12802759329535934
6.228114057028514,-0.05496960618612266
6.253126563281641,-0.042212805784763094
6.278139069534768,0.0653051356823357
6.3031515757878935,0.08576660339641268
6.32816408204102,0.17354092951569094
6.353176588294147,0.1402993850063988
6.378189094547274,0.23199611233302667
6.4032016008004,0.31688333791502854
6.428214107053527,0.3129668213214253
6.453226613306653,0.3563665477863592
6.47823911955978,0.432236899504391
6.503251625812906,0.4436079012643765
6.528264132066033,0.5541383442340096
6.55327663831916,0.5511540051162708
6.578289144572286,0.6535011923233854
6.603301650825412,0.6584485646490985
6.628314157078539,0.6827896289440561
6.653326663331666,0.7327598628460541
6.678339169584793,0.8131817324917147
6.703351675837919,0.8835985337412533
6.728364182091045,0.864706204136306
6.753376688344172,0.9129147654554876
6.778389194597299,0.9592354250563826
6.803401700850425,1.0771936351400173
6.828414207103552,1.063321972406297
6.853426713356678,1.0955596902148392
6.878439219609805,1.2177315278685068
6.903451725862931,1.184130985943926
6.928464232116058,1.2213862262635329
6.953476738369185,1.2757090403587277
6.9784892446223115,1.3002186064380217
7.003501750875437,1.3493507686246362
7.028514257128564,1.366229596847921
7.053526763381691,1.4248417286848267
7.078539269634818,1.5142034853913333
7.103551775887944,1.4989295002034382
7.12856428214107,1.5120581260789685
7.153576788394197,1.626866495154738
7.178589294647324,1.6458155446112954
7.20360180090045,1.5950136503513088
7.228614307153577,1.6845646105113172
7.2536268134067035,1.7037966945849938
7.27863931965983,1.7157182968871885
7.303651825912956,1.8022403889310206
7.328664332166083,1.8147945450427039
7.35367683841921,1.780028018324733
7.3786893446723365,1.8312883483492195
7.403701850925462,1.8639566249854198
7.428714357178589,1.8822395065981208
7.453726863431716,1.9212975357970836
7.478739369684843,1.916843002098268
7.503751875937969,1.8955224113057438
7.5287643821910955,1.9437486726282183
7.553776888444222,1.922817042921605
7.578789394697349,1.947798732289035
7.603801900950475,1.9980094144671985
7.628814407203602,1.9649279742213601
7.6538269134567285,2.041358370101427
7.678839419709855,1.9962250201776999
7.703851925962981,1.987233474776923
7.728864432216108,2.077601522070775
7.753876938469235,2.0667304468398977
7.7788894447223615,2.0881953367973978
7.8039019509754874,2.0328912652325384
7.828914457228614,2.06699685243614
7.853926963481741,2.089307923454548
7.878939469734868,2.053239393758137
7.903951975987994,2.0668618629203177
7.9289644822411205,2.0894540152830587
7.953976988494247,2.024799405639717
7.978989494747374,2.021960758555148
8.0040020010005,1.9782176533323648
8.029014507253628,2.063265459830833
8.054027013506753,2.011606045148261
8.07903951975988,1.9747829197273823
8.104052026013006,1.9903988337678542
8.129064532266133,1.9564032569564127
8.15407703851926,1.922248962752614
8.179089544772387,1.942060646680744
8.204102051025513,1.9749353341834959
8.22911455727864,1.874681305329585
8.254127063531765,1.8836931179204177
8.279139569784892,1.8375870236705236
8.304152076038019,1.845988759276512
8.329164582291146,1.8457622461650702
8.354177088544272,1.8388942770909886
8.379189594797399,1.7994700211694044
8.404202101050526,1.7292186649426844
8.429214607303653,1.7173293219800247
8.454227113556778,1.6505864490384252
8.479239619809904,1.6618617750495022
8.504252126063031,1.5959246639738554
8.529264632316158,1.5727592044256236
8.554277138569285,1.5485437585175545
8.579289644822412,1.5101220940534554
8.604302151075538,1.4666998965680142
8.629314657328665,1.4632125723742924
8.65432716358179,1.4169075867101502
8.679339669834917,1.403607547802811
8.704352176088044,1.344909242843536
8.72936468234117,1.3283350471541655
8.754377188594297,1.3273216471493645
8.779389694847424,1.2729727562101443
8.804402201100551,1.215044691212796
8.829414707353676,1.1490951651434056
8.854427213606803,1.1663685898568068
8.87943971985993,1.1012579885550973
8.904452226113056,1.0625223441096405
8.929464732366183,1.0173120898791135
8.95447723861931,0.9229569363341914
8.979489744872437,0.8696583596338394
9.004502251125563,0.8528547033059344
9.029514757378688,0.8128731937573821
9.054527263631815,0.8125632555864918
9.079539769884942,0.7232893421660679
9.104552276138069,0.6811551005296405
9.129564782391196,0.5865734273145932
9.154577288644322,0.5880694827449392
9.17958979489745,0.509756436573901
9.204602301150576,0.48557814073838085
9.229614807403701,0.4562087284606825
9.254627313656828,0.4156898321447721
9.279639819909955,0.3757105723802988
9.304652326163081,0.2535215265301495
9.329664832416208,0.19821506923892418
9.354677338669335,0.21801373250539297
9.379689844922462,0.17237160698810872
9.404702351175589,0.08080264943990631
9.429714857428714,0.00789026068383531
9.45472736368184,-0.0549571620795766
9.479739869934967,-0.03992570105146616
9.504752376188094,-0.1272036105455026
9.52976488244122,-0.17202456883166126
9.554777388694347,-0.16282174196237387
9.579789894947474,-0.25111490632483907
9.604802401200601,-0.30397786884534966
9.629814907453726,-0.3624827715509154
9.654827413706853,-0.4310607478446457
9.67983991995998,-0.43978901319970487
9.704852426213106,-0.508324209558071
9.729864932466233,-0.5351225791854323
9.75487743871936,-0.548598119570753
9.779889944972487,-0.6810154487082611
9.804902451225614,-0.6480512284666083
9.829914957478739,-0.6899996076518902
9.854927463731865,-0.7670275727123932
9.879939969984992,-0.8033361349891077
9.904952476238119,-0.8534127242319822
9.929964982491246,-0.899570881167478
9.954977488744372,-0.9962412009942213
9.9799899949975,-0.9625226886692114
10.005002501250626,-1.0222873496645701
10.030015007503751,-1.0622840514711087
10.055027513756878,-1.145885844938647
10.080040020010005,-1.1728110258058562
10.105052526263131,-1.2488569304977186
10.130065032516258,-1.2109930757999696
10.155077538769385,-1.2459282329077181
10.180090045022512,-1.2912872742262904
10.205102551275639,-1.3943482943645134
10.230115057528764,-1.3448396425714888
10.25512756378189,-1.4709726164810348
10.280140070035017,-1.4106574678064632
10.305152576288144,-1.4781283427974838
10.33016508254127,-1.5244830420112252
10.355177588794398,-1.5277694645783346
10.380190095047524,-1.5542173436129865
10.405202601300651,-1.646526784432317
10.430215107553776,-1.6500576815493295
10.455227613806903,-1.7016323660272636
10.48024012006003,-1.6882979438881498
10.505252626313156,-1.7255160929254874
10.530265132566283,-1.772632320668498
10.55527763881941,-1.7183608835916517
10.580290145072537,-1.775970225624373
10.605302651325664,-1.788155323967689
10.630315157578789,-1.810024654619891
10.655327663831915,-1.878058872058105
10.680340170085042,-1.811559411846767
10.705352676338169,-1.9080413232136926
10.730365182591296,-1.859054311753579
10.755377688844423,-1.9302067403583503
10.78039019509755,-1.9164456333774156
10.805402701350676,-1.9254308270016245
10.830415207603801,-1.9597993687399893
10.855427713856928,-1.9198321541475416
10.880440220110055,-1.892537932338142
10.905452726363182,-1.8938616761232736
10.930465232616308,-1.9205418978372877
10.955477738869435,-1.9870220960792038
10.980490245122562,-1.9518866061441058
11.005502751375689,-1.991487314648648
11.030515257628814,-1.9781184895004673
11.05552776388194,-1.9341695369201637
11.080540270135067,-1.9168879997240038
11.105552776388194,-1.9523854337832813
11.13056528264132,-1.9501196768087514
11.155577788894448,-1.9134473564615426
11.180590295147574,-1.9584527754343148
11.205602801400701,-1.901029624879502
11.230615307653826,-1.9061271403537126
11.255627813906953,-1.894791726452524
11.28064032016008,-1.8321314044163732
11.305652826413207,-1.8931542660454148
11.330665332666333,-1.7940349326947223
11.35567783891946,-1.8126659732597956
11.380690345172587,-1.7804344196166009
11.405702851425714,-1.8123084049510654
11.430715357678839,-1.7551315415248432
11.455727863931966,-1.7804530361623951
11.480740370185092,-1.6866067202254555
11.505752876438219,-1.7148327929880425
11.530765382691346,-1.6245015179641835
11.555777888944473,-1.620643992499143
11.5807903951976,-1.6291963988470635
11.605802901450726,-1.6066084413847503
11.630815407703851,-1.5700130528176124
11.655827913956978,-1.5227754179040291
11.680840420210105,-1.5220257115713995
11.705852926463232,-1.4762447167466057
11.730865432716358,-1.4190275017958156
11.755877938969485,-1.384730572805251
11.780890445222612,-1.319963106497852
11.805902951475737,-1.3585604634685289
11.830915457728864,-1.2866319244607534
11.85592796398199,-1.215940380468413
11.880940470235117,-1.2610806521861264
11.905952976488244,-1.1359926409720649
11.930965482741371,-1.1849532134481284
11.955977988994498,-1.0903984327356506
11.980990495247624,-1.0898198634353387
12.00600300150075,-1.0382669781534657
12.031015507753876,-1.0050472685327556
12.056028014007003,-0.9369938008597972
12.08104052026013,-0.9288233698556957
12.106053026513257,-0.7946071630949394
12.131065532766383,-0.7694769958990723
12.15607803901951,-0.7539020230382101
12.181090545272637,-0.7493996359353253
12.206103051525762,-0.6076124791921321
12.231115557778889,-0.6492090228704839
12.256128064032016,-0.555202129349377
12.281140570285142,-0.5545045620652521
12.30615307653827,-0.4655818470349538
12.331165582791396,-0.44510133861639817
12.356178089044523,-0.34863704609109736
12.38119059529765,-0.331052996377052
12.406203101550775,-0.2495782734105838
12.431215607803901,-0.2280929473171559
12.456228114057028,-0.12004740285783264
12.481240620310155,-0.07971107413344614
12.506253126563282,-0.063240223218899
12.531265632816408,0.02460252005940808
12.556278139069535,0.046215422530511335
12.581290645322662,0.10906742714096299
12.606303151575787,0.10006059517772702
12.631315657828914,0.14331424664190295
12.65632816408204,0.2279896497235936
12.681340670335167,0.26395713029693924
12.706353176588294,0.32379186327105114
12.731365682841421,0.4131342006065034
12.756378189094548,0.38304552377597684
12.781390695347675,0.49783144110196553
12.8064032016008,0.5729965143599434
12.831415707853926,0.5613890297178851
12.856428214107053,0.6692723700526334
12.88144072036018,0.6946829427308158
12.906453226613307,0.6937447424747012
12.931465732866434,0.8126885063598696
12.95647823911956,0.7701535039236536
12.981490745372687,0.8485028240269742
13.006503251625812,0.9361858668041145
13.031515757878939,0.9082523215204892
13.056528264132066,1.006454451006428
13.081540770385192,1.0320712306532802
13.10655327663832,1.0603557733723228
13.131565782891446,1.0957479290440826
13.156578289144573,1.1825705941823115
13.1815907953977,1.1854759781054827
13.206603301650825,1.254060403358977
13.231615807903951,1.3023435029166839
13.256628314157078,1.3290758638677362
13.281640820410205,1.3159445426366712
13.306653326663332,1.3506622426291002
13.331665832916459,1.4735398072747918
13.356678339169585,1.4384319543814612
13.381690845422712,1.5381827651811104
13.406703351675837,1.569012326481761
13.431715857928964,1.5271698588535663
13.45672836418209,1.5686248101439968
13.481740870435218,1.6457671489649077
13.506753376688344,1.62232800056151
13.531765882941471,1.7244243315491303
13.556778389194598,1.7548127971189145
13.581790895447725,1.7145056470645292
13.60680340170085,1.7767359566753926
13.631815907953976,1.7796475706647001
13.656828414207103,1.8330104267970908
13.68184092046023,1.870893100032692
13.706853426713357,1.8770325409814625
13.731865932966484,1.8471158952068136
13.75687843921961,1.9350110642433789
13.781890945472737,1.9634063802209243
13.806903451725862,1.9273619358444656
13.831915957978989,1.967008251817494
13.856928464232116,2.0124267730168106
13.881940970485243,2.023367198922567
13.90695347673837,2.041452052142311
13.931965982991496,2.028431319929153
13.956978489244623,1.9714287126739525
13.98199099549775,2.0046774454077037
14.007003501750875,1.9973083131891347
14.032016008004002,2.0067454955796586
14.057028514257128,2.031528314778097
14.082041020510255,2.007882788291455
14.107053526763382,2.0778809948213848
14.132066033016509,2.0079417684020564
14.157078539269635,2.0627907876324194
14.182091045522762,2.052741037026253
14.207103551775887,2.0572631646753363
14.232116058029014,2.0631827594851053
14.25712856428214,2.0417284326654994
14.282141070535268,2.059659650118616
14.307153576788394,2.0553554946706263
14.332166083041521,2.019253410660339
14.357178589294648,1.9947206912043092
14.382191095547775,1.9925683770470386
14.4072036018009,1.9681226068926978
14.432216108054027,1.9468860419434082
14.457228614307153,1.9739441507854707
14.48224112056028,1.946250777187011
14.507253626813407,1.9021987134096694
14.532266133066534,1.9249671402571535
14.55727863931966,1.8336909256494487
14.582291145572787,1.8930006623128892
14.607303651825912,1.8486449793933175
14.632316158079039,1.8384149232614604
14.657328664332166,1.8160514516016464
14.682341170585293,1.7534867939750156
14.70735367683842,1.7432834734177225
14.732366183091546,1.73638504250207
14.757378689344673,1.6515906079722626
14.782391195597798,1.6646793323100597
14.807403701850925,1.571654820752648
14.832416208104052,1.5471713182778208
14.857428714357178,1.5619097532255246
14.882441220610305,1.5559430445749352
14.907453726863432,1.4766569279701909
14.932466233116559,1.4073013155907157
14.957478739369686,1.4058062727297764
14.98249124562281,1.3319513890386823
15.007503751875937,1.3858370755135736
15.032516258129064,1.2624452054376771
15.057528764382191,1.3044438284564395
15.082541270635318,1.2071717944522613
15.107553776888444,1.1738942019547765
15.132566283141571,1.0976306777371818
15.157578789394698,1.0559086178397497
15.182591295647823,1.0816531425679166
15.20760380190095,0.9918773560305227
15.232616308154077,0.9868053885889962
15.257628814407203,0.8889838478131296
15.28264132066033,0.8595023172984886
15.307653826913457,0.8228180033365031
15.332666333166584,0.750306320610618
15.35767883941971,0.7722867400415412
15.382691345672836,0.7132591415641856
15.407703851925962,0.6333737924437194
15.43271635817909,0.6118190051040184
15.457728864432216,0.5353435035522895
15.482741370685343,0.46046085491438093
15.50775387693847,0.43711145180610966
15.532766383191596,0.44816108956095585
15.557778889444723,0.35540981983214287
15.582791395697848,0.28122535520724146
15.607803901950975,0.2261533976826295
15.632816408204102,0.18177153734075274
15.657828914457228,0.19295534138149523
15.682841420710355,0.07828589885871065
15.707853926963482,0.024763470605147678
15.732866433216609,0.02081870957140456
15.757878939469736,-0.09834211451007781
15.78289144572286,-0.13242961020808414
15.807903951975987,-0.11672799580272666
15.832916458229114,-0.2458489784876907
15.857928964482241,-0.2831491745614499
15.882941470735368,-0.3194158877063595
15.907953976988495,-0.3900588424340656
15.932966483241621,-0.3918421257903172
15.957978989494748,-0.4457435836386069
15.982991495747873,-0.44544669997903363
16.008004002001,-0.5669138229952192
16.03301650825413,-0.5937207799158823
16.058029014507255,-0.5959127762020879
16.08304152076038,-0.6914108193694767
16.108054027013505,-0.7321821689566863
16.133066533266632,-0.7948929628116077
16.15807903951976,-0.7992352386319852
16.183091545772886,-0.8672411321998513
16.208104052026012,-0.8933291215795505
16.23311655827914,-0.9832978387381344
16.258129064532266,-1.0213482861969052
16.283141570785393,-1.0139196584082277
16.30815407703852,-1.0567821946278455
16.333166583291646,-1.1131448180606742
16.358179089544773,-1.1921726365793295
16.3831915957979,-1.1999368466885731
16.408204102051027,-1.2643728239022287
16.433216608304154,-1.2341834818398332
16.45822911455728,-1.3082943214974203
16.483241620810404,-1.3409703515060278
16.50825412706353,-1.3567623148993324
16.533266633316657,-1.434761676193965
16.558279139569784,-1.4451271907385481
16.58329164582291,-1.520300210816408
16.608304152076037,-1.4673776918403045
16.633316658329164,-1.5729479592324234
16.65832916458229,-1.6066866359275223
16.683341670835418,-1.5693166822195868
16.708354177088545,-1.6389413008558238
16.73336668334167,-1.643421072055521
16.758379189594798,-1.733699011661849
16.783391695847925,-1.6728699695639784
16.808404202101052,-1.7643760912523243
16.83341670835418,-1.7309378807059463
16.858429214607305,-1.7405719547963265
16.88344172086043,-1.7535146779835393
16.908454227113555,-1.8065186736046328
16.933466733366682,-1.834839048181597
16.95847923961981,-1.8585044891438462
16.983491745872936,-1.8369918109478856
17.008504252126063,-1.8855620298176932
17.03351675837919,-1.8601335567336266
17.058529264632316,-1.9319136760401001
17.083541770885443,-1.92619094988537
17.10855427713857,-1.8842873027207863
17.133566783391696,-1.92373496899557
17.158579289644823,-1.9075028983044455
17.18359179589795,-1.9576664501455843
17.208604302151077,-1.9763446496390034
17.233616808404204,-1.9406188442218189
17.25862931465733,-1.9603812704202488
17.283641820910454,-1.974054537002873
17.30865432716358,-1.9646602447477004
17.333666833416707,-1.9334736687399006
17.358679339669834,-1.9887356120011592
17.38369184592296,-1.9595395799171753
17.408704352176088,-1.88463799582721
17.433716858429214,-1.9489584809176606
17.45872936468234,-1.9388076236060132
17.483741870935468,-1.880794395094813
17.508754377188595,-1.9466227195257357
17.53376688344172,-1.913147141186657
17.55877938969485,-1.877179793142853
17.583791895947975,-1.8907996278761463
17.608804402201102,-1.8581979257581651
17.63381690845423,-1.8049190260453267
17.658829414707352,-1.8094121452035499
17.68384192096048,-1.7598914194077437
17.708854427213605,-1.7561835906872227
17.733866933466732,-1.722076867084916
17.75887943971986,-1.7131607259099841
17.783891945972986,-1.7072808377361701
17.808904452226113,-1.6930907336036116
17.83391695847924,-1.6951919870353667
17.858929464732366,-1.6565406847569693
17.883941970985493,-1.6103438835296517
17.90895447723862,-1.603095937141388
17.933966983491747,-1.5592297448458912
17.958979489744873,-1.5184631011761238
17.983991995998,-1.4495063605833265
18.009004502251127,-1.4743828128224339
18.034017008504254,-1.437247053867239
18.059029514757377,-1.3314460971894657
18.084042021010504,-1.3826058964383132
18.10905452726363,-1.3265257456125596
18.134067033516757,-1.2736380532171336
18.159079539769884,-1.2398073130301097
18.18409204602301,-1.2302759964008212
18.209104552276138,-1.1563726568436312
18.234117058529264,-1.1166657937725257
18.25912956478239,-1.0819302049990411
18.284142071035518,-1.0301419723236764
18.309154577288645,-0.9479999302561404
18.33416708354177,-0.9684098391107421
18.3591795897949,-0.9092346434656017
18.384192096048025,-0.888022995486365
18.409204602301152,-0.8471611694319374
18.43421710855428,-0.7116104912723493
18.459229614807402,-0.6717999793737519
18.48424212106053,-0.6238112077480436
18.509254627313656,-0.6133802690013244
18.534267133566782,-0.560957837250049
18.55927963981991,-0.4794991447720379
18.584292146073036,-0.5103984213810948
18.609304652326163,-0.46015302512087913
18.63431715857929,-0.42693083116703384
18.659329664832416,-0.3409090198434956
18.684342171085543,-0.30221420413117417
18.70935467733867,-0.272647736284504
18.734367183591797,-0.22130495539122214
18.759379689844923,-0.10786301570553883
18.78439219609805,-0.11762784020276905
18.809404702351177,-0.014613206041521581
18.834417208604304,0.003825950958249214
18.859429714857427,0.11035466305798838
18.884442221110554,0.07769772665188183
18.90945472736368,0.1396801625940517
18.934467233616807,0.26774465681197324
18.959479739869934,0.26389693320772856
18.98449224612306,0.31274714912954604
19.009504752376188,0.35760162505096355
19.034517258629315,0.4535474894936608
19.05952976488244,0.5014238280795158
19.084542271135568,0.5124267825858495
19.109554777388695,0.5278104964213571
19.13456728364182,0.6017187432081395
19.15957978989495,0.6330998803743364
19.184592296148075,0.6612966431962147
19.209604802401202,0.7801014312613471
19.23461730865433,0.8272671046113792
19.259629814907452,0.8452934735215001
19.28464232116058,0.9362607931720397
19.309654827413706,0.9460367583443696
19.334667333666832,0.9959633830473955
19.35967983991996,1.0049284623250343
19.384692346173086,1.0743797687108079
19.409704852426213,1.1600258292672068
19.43471735867934,1.1544414692287597
19.459729864932466,1.1961395175406493
19.484742371185593,1.2514290827668568
19.50975487743872,1.3098004050882839
19.534767383691847,1.2792518692451467
19.559779889944974,1.3078644612214823
19.5847923961981,1.3692764506682453
19.609804902451227,1.4643864068295074
19.634817408704354,1.4223012521468477
19.659829914957477,1.5359776330123571
19.684842421210604,1.556917134685739
19.70985492746373,1.5749328865628824
19.734867433716857,1.5739581528776576
19.759879939969984,1.5826772119676598
19.78489244622311,1.6801579229033698
19.809904952476238,1.7268090920795698
19.834917458729365,1.7415317563167432
19.85992996498249,1.7618687198495346
19.884942471235618,1.756329126094723
19.909954977488745,1.7466714256683529
19.93496748374187,1.8598081609613515
19.959979989995,1.8743009756381948
19.984992496248125,1.9052499260034332
20.010005002501252,1.846026235739085
20.03501750875438,1.9391955631754363
20.060030015007502,1.915780356764612
20.08504252126063,1.9295209034086138
20.110055027513756,1.964613759520504
20.135067533766883,1.9623528910560912
20.16008004002001,1.9415664731633187
20.185092546273136,1.9973036567422258
20.210105052526263,2.003909065816042
20.23511755877939,2.043123635655282
20.260130065032516,2.028325143274449
20.285142571285643,2.0750286343524
20.31015507753877,1.9899457348071532
20.335167583791897,2.060571377959868
20.360180090045024,2.0153627344760427
20.38519259629815,2.0294598034141322
20.410205102551277,2.0354247993041676
20.435217608804404,2.0482626189171365
20.460230115057527,2.0031508848039015
20.485242621310654,2.0391482273390555
20.51025512756378,2.0419555354038947
20.535267633816908,2.0501238650627234
20.560280140070034,1.9912780445114542
20.58529264632316,2.030660271585757
20.610305152576288,1.9689558857329685
20.635317658829415,2.023956796762836
20.66033016508254,2.03342073696355
20.68534267133567,1.9929461642632944
20.710355177588795,1.9752236879334832
20.735367683841922,1.9098692830404578
20.76038019009505,1.9685387775547003
20.785392696348175,1.9162124935688238
20.810405202601302,1.9178115496798847
20.835417708854425,1.8883419814796147
20.860430215107552,1.9059896304057917
20.88544272136068,1.818209721345439
20.910455227613806,1.784350541532517
20.935467733866933,1.7737877848656294
20.96048024012006,1.8066663112631445
20.985492746373186,1.6975094149726755
21.010505252626313,1.696879207827153
21.03551775887944,1.6658458375128111
21.060530265132567,1.6765172467799634
21.085542771385693,1.6220885934783529
21.11055527763882,1.5798710178004538
21.135567783891947,1.5425865960754161
21.160580290145074,1.5590208234503726
21.1855927963982,1.4750985500847185
21.210605302651327,1.4641876312928168
21.23561780890445,1.4250838739192988
21.260630315157577,1.4341805731494524
21.285642821410704,1.3497589995229482
21.31065532766383,1.2712831580056674
21.335667833916958,1.3142342588157196
21.360680340170084,1.2606723463837737
21.38569284642321,1.1580739474582697
21.410705352676338,1.0996744212563043
21.435717858929465,1.1473547282800483
21.46073036518259,1.0838674270067727
21.48574287143572,1.0628716861184315
21.510755377688845,1.0125680845261957
21.535767883941972,0.9115152147998447
21.5607803901951,0.9022096681724394
21.585792896448226,0.8739753376600412
21.610805402701352,0.7428441927817454
21.635817908954476,0.7084210575741543
21.660830415207602,0.7149349242893369
21.68584292146073,0.6635957672326527
21.710855427713856,0.6344681130212178
21.735867933966983,0.5742756319655771
21.76088044022011,0.5283860594576596
21.785892946473236,0.49951375008088955
21.810905452726363,0.37684161536404476
21.83591795897949,0.32219362940967816
21.860930465232617,0.29206105106511987
21.885942971485743,0.2823198950217194
21.91095547773887,0.2557856046594327
21.935967983991997,0.17257175416199905
21.960980490245124,0.1290947146270551
21.98599299649825,0.01598524579888551
22.011005502751377,-0.03938276042716368
22.0360180090045,-0.06897046149280942
22.061030515257627,-0.07613948197605282
22.086043021510754,-0.10889378955571591
22.11105552776388,-0.19581704386153487
22.136068034017008,-0.23183540850900858
22.161080540270135,-0.2477018168911761
22.18609304652326,-0.34695035936323865
22.211105552776388,-0.35864403621464647
22.236118059029515,-0.41891998521100654
22.26113056528264,-0.4420104152619434
22.28614307153577,-0.52807223662053
22.311155577788895,-0.5688399977762936
22.336168084042022,-0.6615480347431599
22.36118059029515,-0.7093820934331078
22.386193096548276,-0.7183950922346817
22.411205602801402,-0.7408449744104288
22.436218109054526,-0.7982027861421956
22.461230615307652,-0.8974096581635324
22.48624312156078,-0.9352999713728528
22.511255627813906,-0.8946318677048052
22.536268134067033,-0.9904589120874041
22.56128064032016,-1.0385570849488572
22.586293146573286,-1.074948809950261
22.611305652826413,-1.101700577111758
22.63631815907954,-1.1445537986639853
22.661330665332667,-1.2142367237928915
22.686343171585793,-1.218150227238654
22.71135567783892,-1.2277715343727706
22.736368184092047,-1.3103977928015373
22.761380690345174,-1.3315550989429303
22.7863931965983,-1.3876495932732438
22.811405702851427,-1.3675319495791312
22.83641820910455,-1.4652234497615402
22.861430715357677,-1.4616488730580972
22.886443221610804,-1.5203916989043145
22.91145572786393,-1.5819136412208379
22.936468234117058,-1.5334578969678947
22.961480740370185,-1.5633463300945267
22.98649324662331,-1.5989934841169957
23.011505752876438,-1.612004634579763
23.036518259129565,-1.6633639928824442
23.06153076538269,-1.708147771699033
23.08654327163582,-1.7507490242018005
23.111555777888945,-1.7622811837313426
23.136568284142072,-1.7889347594421194
23.1615807903952,-1.8001506960827423
23.186593296648326,-1.7874924443245268
23.211605802901452,-1.8188784273435357
23.236618309154576,-1.8149122590038915
23.261630815407702,-1.8797932329631515
23.28664332166083,-1.8790786996863098
23.311655827913956,-1.852207717021489
23.336668334167083,-1.930346646725665
23.36168084042021,-1.8782546622163916
23.386693346673336,-1.9645493630005169
23.411705852926463,-1.8809279212471053
23.43671835917959,-1.9556572416896543
23.461730865432717,-1.9650388252554962
23.486743371685844,-1.9054651440634311
23.51175587793897,-1.9795107974965973
23.536768384192097,-1.9694952383930975
23.561780890445224,-1.97786413042405
23.58679339669835,-1.9805893074286525
23.611805902951474,-1.9884042736191823
23.6368184092046,-1.8962128646722032
23.661830915457728,-1.906333343278965
23.686843421710854,-1.9664387714632667
23.71185592796398,-1.9592936650995219
23.736868434217108,-1.8776579069840071
23.761880940470235,-1.9272200503972277
23.78689344672336,-1.941544768154207
23.81190595297649,-1.882301186001377
23.836918459229615,-1.8984705137023523
23.861930965482742,-1.8768728700652613
23.88694347173587,-1.8413381961380992
23.911955977988995,-1.7919213454840428
23.936968484242122,-1.7665876937015124
23.96198099049525,-1.7995902488252948
23.986993496748376,-1.7864657646083093
24.0120060030015,-1.7623633068337983
24.037018509254626,-1.732483612428206
24.062031015507753,-1.6783274990221562
24.08704352176088,-1.6921699124675909
24.112056028014006,-1.66876845406407
24.137068534267133,-1.6543581308429791
24.16208104052026,-1.5526939523680865
24.187093546773387,-1.595031358378966
24.212106053026513,-1.5444745548579906
24.23711855927964,-1.4765436369985065
24.262131065532767,-1.4414589523162031
24.287143571785894,-1.48403963791692
24.31215607803902,-1.4342115789191106
24.337168584292147,-1.396779328703556
24.362181090545274,-1.3541429894188721
24.3871935967984,-1.269360823719921
24.412206103051524,-1.248450877354948
24.43721860930465,-1.208956724560383
24.462231115557778,-1.2191411446820646
24.487243621810904,-1.1252867378588487
24.51225612806403,-1.1546692832497585
24.537268634317158,-1.1104208593307592
24.562281140570285,-0.9900313077860612
24.58729364682341,-1.001484507099916
24.61230615307654,-0.9173714357428567
24.637318659329665,-0.9178756524994489
24.662331165582792,-0.8917562073184788
24.68734367183592,-0.8272272099165524
24.712356178089045,-0.7797094014785836
24.737368684342172,-0.7491935679068942
24.7623811905953,-0.7071161020501815
24.787393696848426,-0.6323675170329589
24.81240620310155,-0.6101087810460204
24.837418709354676,-0.5699618024491576
24.862431215607803,-0.519468447606068
24.88744372186093,-0.41047751925010245
24.912456228114056,-0.43541702371776064
24.937468734367183,-0.29309565671999416
24.96248124062031,-0.33652498677359605
24.987493746873437,-0.20457592532264474
25.012506253126563,-0.16294041880130333
25.03751875937969,-0.12179375486945515
25.062531265632817,-0.13277558899521955
25.087543771885944,-0.040237081830118704
25.11255627813907,-0.002791645397004633
25.137568784392197,0.06700767111855657
25.162581290645324,0.09858287779125208
25.18759379689845,0.13854322587523227
25.212606303151574,0.21871061725934857
25.2376188094047,0.2426049433937103
25.262631315657828,0.27581374449426144
25.287643821910955,0.31466952950205956
25.31265632816408,0.45355491028711464
25.337668834417208,0.4228939208923125
25.362681340670335,0.4898032873902707
25.38769384692346,0.5804886177374926
25.41270635317659,0.5543218258456676
25.437718859429715,0.6539402631358348
25.462731365682842,0.6716359867327232
25.48774387193597,0.7223057106155228
25.512756378189096,0.8265167283055035
25.537768884442222,0.8104055208545772
25.56278139069535,0.8682241762031057
25.587793896948476,0.9772323105053716
25.6128064032016,0.9413809688998931
25.637818909454726,1.0374436628236932
25.662831415707853,1.0698111705317326
25.68784392196098,1.142289174487245
25.712856428214106,1.1141136530422764
25.737868934467233,1.2010866365753758
25.76288144072036,1.1851335378127372
25.787893946973487,1.3128999817359082
25.812906453226613,1.3377899129092676
25.83791895947974,1.3257483994594697
25.862931465732867,1.3664263198102629
25.887943971985994,1.4586158109551175
25.91295647823912,1.492246615901789
25.937968984492247,1.4848023287800867
25.962981490745374,1.5350121126764305
25.9879939969985,1.5778270854520104
26.013006503251624,1.5433354451905545
26.03801900950475,1.62067739161821
26.063031515757878,1.681769984510474
26.088044022011005,1.6661882947361826
26.11305652826413,1.6889550899512755
26.138069034517258,1.7683396734199102
26.163081540770385,1.7354909380719632
26.18809404702351,1.7875571017218586
26.21310655327664,1.7957868294157868
26.238119059529765,1.870076922986423
26.263131565782892,1.8602173651387506
26.28814407203602,1.9222618065640387
26.313156578289146,1.9195775425509467
26.338169084542272,1.9005696540699866
26.3631815907954,1.9392619775416753
26.388194097048526,1.974560855631811
26.41320660330165,2.0066266449251335
26.438219109554776,2.0212312018859278
26.463231615807903,2.012786989515547
26.48824412206103,2.020632639578031
26.513256628314156,1.990778427516968
26.538269134567283,1.9876956855474581
26.56328164082041,2.0238446735122366
26.588294147073537,2.0788193390814382
26.613306653326664,2.0031717148794277
26.63831915957979,2.0546116660642357
26.663331665832917,2.017503381634414
26.688344172086044,2.0913646134837154
26.71335667833917,2.0444247352112463
26.738369184592298,2.09365579676199
26.763381690845424,2.0097602344081382
26.788394197098548,2.0926097940959276
26.813406703351674,2.0011316847312024
26.8384192096048,2.0688954988198898
26.863431715857928,2.061308965109413
26.888444222111055,1.9943851298240762
26.91345672836418,1.9694654954215391
26.93846923461731,1.9571353913114036
26.963481740870435,1.9615124532609554
26.988494247123562,1.9407223747570923
27.01350675337669,1.9934932228821067
27.038519259629815,1.9714844935597153
27.063531765882942,1.9695008305768444
27.08854427213607,1.895195845682042
27.113556778389196,1.8772308576028094
27.138569284642323,1.8256781664225585
27.16358179089545,1.8899195197062815
27.188594297148573,1.8270396799922985
27.2136068034017,1.8397460407500614
27.238619309654826,1.7593033891880512
27.263631815907953,1.775319403105254
27.28864432216108,1.6956836816013245
27.313656828414207,1.6613299140176419
27.338669334667333,1.6951576566757607
27.36368184092046,1.5945233156474126
27.388694347173587,1.5819123780962459
27.413706853426714,1.5943712153343375
27.43871935967984,1.5466979103667842
27.463731865932967,1.467859374864616
27.488744372186094,1.4275934793348055
27.51375687843922,1.4192552428318834
27.538769384692348,1.3473391305840925
27.563781890945474,1.3193168861951197
27.588794397198598,1.3473569219900159
27.613806903451724,1.2845776527489359
27.63881940970485,1.208892465173337
27.663831915957978,1.2146203316641793
27.688844422211105,1.1424343231365068
27.71385692846423,1.1475699751774884
27.73886943471736,1.0759035516025766
27.763881940970485,1.0586513173755279
27.788894447223612,0.944457730539879
27.81390695347674,0.970061960524991
27.838919459729865,0.935005546622111
27.863931965982992,0.8127865128315968
27.88894447223612,0.7526885718907622
27.913956978489246,0.7299293004007315
27.938969484742373,0.6903297886954316
27.9639819909955,0.6717493142160269
27.988994497248623,0.5745450107375085
28.01400700350175,0.6061934742066419
28.039019509754876,0.4790302906248548
28.064032016008003,0.4976029622790217
28.08904452226113,0.373957892571737
28.114057028514257,0.3601618830420495
28.139069534767383,0.29769357707757893
28.16408204102051,0.27980284356964075
28.189094547273637,0.24337552929310072
28.214107053526764,0.1788676517357746
28.23911955977989,0.15028360221270642
28.264132066033017,0.04183521635688808
28.289144572286144,0.016845360856343024
28.31415707853927,0.019416837639258944
28.339169584792398,-0.042358110971932136
28.364182091045524,-0.1196477387124654
28.389194597298648,-0.17122676838086512
28.414207103551774,-0.18344996855086973
28.4392196098049,-0.24138566544262516
28.464232116058028,-0.31080725538894455
28.489244622311155,-0.41304477096537573
28.51425712856428,-0.43775797185186843
28.53926963481741,-0.4275679022142989
28.564282141070535,-0.536329175322239
28.589294647323662,-0.6142761237407579
28.61430715357679,-0.6638092287269295
28.639319659829916,-0.6616892472581729
28.664332166083042,-0.7059827983119796
28.68934467233617,-0.7647596298583494
28.714357178589296,-0.7920266463930989
28.739369684842423,-0.8755917534860623
28.76438219109555,-0.8611833368165503
28.789394697348673,-0.9295156090522771
28.8144072036018,-1.0074167518858044
28.839419709854926,-1.0124995820148488
28.864432216108053,-1.0559388288314513
28.88944472236118,-1.1123510217032961
28.914457228614307,-1.1377881773726473
28.939469734867433,-1.222211538365507
28.96448224112056,-1.2424042535470312
28.989494747373687,-1.298589335288768
29.014507253626814,-1.264865244262802
29.03951975987994,-1.3463699538003195
29.064532266133067,-1.4137158367026117
29.089544772386194,-1.4002504255983699
29.11455727863932,-1.4111902789324033
29.139569784892448,-1.456807234898552
29.164582291145575,-1.4919809740758965
29.189594797398698,-1.516483350256656
29.214607303651825,-1.5678143538071296
29.23961980990495,-1.6269978907259177
29.264632316158078,-1.5994383168483957
29.289644822411205,-1.602409925444024
29.31465732866433,-1.6514831015856526
29.33966983491746,-1.7006933852140793
29.364682341170585,-1.7428947322264785
29.389694847423712,-1.7381258592491606
29.41470735367684,-1.7908581091586577
29.439719859929966,-1.7519266510169984
29.464732366183092,-1.7863780905775635
29.48974487243622,-1.8511194079851396
29.514757378689346,-1.7969243733115388
29.539769884942473,-1.8606900749115016
29.564782391195596,-1.885995165349583
29.589794897448723,-1.8688256888339974
29.61480740370185,-1.884964482065527
29.639819909954976,-1.9027493614776454
29.664832416208103,-1.9623020485855984
29.68984492246123,-1.938867040529673
29.714857428714357,-1.9550064330640624
29.739869934967484,-1.8905128345445306
29.76488244122061,-1.9352312805210443
29.789894947473737,-1.902547382956923
29.814907453726864,-1.9774939986119378
29.83991995997999,-1.9372825849062287
29.864932466233117,-1.9147878653327453
29.889944972486244,-1.9302695183207128
29.91495747873937,-1.9521780596653453
29.939969984992498,-1.9406546359977834
29.96498249124562,-1.9329855925314037
29.989994997498748,-1.9533208201218613
30.015007503751875,-1.9679591378946975
30.040020010005,-1.9003648633373698
30.06503251625813,-1.852058123561922
30.090045022511255,-1.9227491145099531
30.115057528764382,-1.8974750651435186
30.14007003501751,-1.8410965381740025
30.165082541270635,-1.8601079841531236
30.190095047523762,-1.7927214144789705
30.21510755377689,-1.838833282521454
30.240120060030016,-1.8064957282731005
30.265132566283143,-1.7594319196038077
30.29014507253627,-1.8045718661718955
30.315157578789396,-1.7277280049514119
30.340170085042523,-1.7367144933518137
30.365182591295646,-1.6868120609150197
30.390195097548773,-1.6541501276974633
30.4152076038019,-1.6282731252972715
30.440220110055026,-1.6209324656611943
30.465232616308153,-1.528195168892827
30.49024512256128,-1.577624386829928
30.515257628814407,-1.5125997777487896
30.540270135067534,-1.495448536913001
30.56528264132066,-1.4191609653143868
30.590295147573787,-1.3844773162537993
30.615307653826914,-1.3722789767478745
30.64032016008004,-1.3790659471593527
30.665332666333168,-1.2704781333929331
30.690345172586294,-1.2801935918834944
30.71535767883942,-1.1893554011160266
30.740370185092548,-1.2165268772334383
30.76538269134567,-1.1293047415979243
30.790395197598798,-1.1150394179023417
30.815407703851925,-1.0859911815444745
30.84042021010505,-1.0789765650486463
30.86543271635818,-1.0031628289957224
30.890445222611305,-0.9248004227852502
30.915457728864432,-0.9265147604943926
30.94047023511756,-0.8358318364246587
30.965482741370685,-0.8225817384645312
30.990495247623812,-0.779121393251783
31.01550775387694,-0.7654128663161504
31.040520260130066,-0.6612495398305335
31.065532766383193,-0.6483787047660944
31.09054527263632,-0.6191751992249055
31.115557778889446,-0.5393603388182759
31.140570285142573,-0.526378444172243
31.165582791395696,-0.39767194758106816
31.190595297648823,-0.4008751615136547
31.21560780390195,-0.3760349412179125
31.240620310155077,-0.2877935003210086
31.265632816408203,-0.2661346152031499
31.29064532266133,-0.20040804425737635
31.315657828914457,-0.10132887373923057
31.340670335167584,-0.1026243246340097
31.36568284142071,-0.015057264320990457
31.390695347673837,0.033034020575588255
31.415707853926964,0.04008978917912889
31.44072036018009,0.13849123382256448
31.465732866433218,0.15067204153805597
31.490745372686344,0.19073204531329696
31.51575787893947,0.23170506061317014
31.540770385192598,0.3478826797510476
31.56578289144572,0.331709391405032
31.590795397698848,0.4258737978619789
31.615807903951975,0.45685815020045206
31.6408204102051,0.5089232809285735
31.66583291645823,0.5815359702404647
31.690845422711355,0.5562642029889447
31.715857928964482,0.6011865187222986
31.74087043521761,0.6868993268168834
31.765882941470736,0.7261034045267346
31.790895447723862,0.8107453862264027
31.81590795397699,0.8093855962140726
31.840920460230116,0.923441946738053
31.865932966483243,0.9184257115397556
31.89094547273637,0.9572618059768615
31.915957978989496,0.9639690865494416
31.940970485242623,1.0098959549799595
31.965982991495746,1.0932290979420323
31.990995497748873,1.1120329642362605
32.016008004002,1.1905854789071495
32.04102051025513,1.1839921333516394
32.06603301650826,1.2188468678891573
32.091045522761384,1.3058218403910014
32.11605802901451,1.3728814094830744
32.14107053526764,1.4045212512797762
32.16608304152076,1.413726704077699
32.191095547773884,1.4092206789701247
32.21610805402701,1.476054504951188
32.24112056028014,1.5657666768496274
32.266133066533264,1.568619499836737
32.29114557278639,1.6198929745027368
32.31615807903952,1.5760325118374559
32.341170585292645,1.6168025276945106
32.36618309154577,1.634719430801999
32.3911955977989,1.716528238163842
32.416208104052025,1.7227464662413052
32.44122061030515,1.7316512929797725
32.46623311655828,1.8312207992688219
32.491245622811405,1.7644108289189786
32.51625812906453,1.813102392552632
32.54127063531766,1.8723493487412455
32.566283141570786,1.8725596944288103
32.59129564782391,1.9334072704838758
32.61630815407704,1.8782937810149758
32.641320660330166,1.9441040489302157
32.66633316658329,1.9640863389348762
32.69134567283642,1.970275963433875
32.716358179089546,1.9375153653638812
32.74137068534267,1.9926725300350032
32.7663831915958,2.026595718703391
32.79139569784893,2.024874710712955
32.81640820410205,2.04394221441036
32.84142071035518,2.022255737688877
32.86643321660831,1.9859738594612886
32.891445722861434,2.071267494067178
32.91645822911456,2.047907927535782
32.94147073536768,2.025245527517891
32.96648324162081,2.037337019126151
32.991495747873934,2.0065997154096773
33.01650825412706,2.00027782724067
33.04152076038019,2.0311245071607416
33.066533266633314,2.0361036227564857
33.09154577288644,1.9991066983740389
33.11655827913957,1.9929020327233502
33.141570785392695,2.0661280038310825
33.16658329164582,1.9901667419461069
33.19159579789895,2.050959320812713
33.216608304152075,2.0166349361106417
33.2416208104052,1.9754767048424526
33.26663331665833,2.000053608444808
33.291645822911455,1.9194873034367972
33.31665832916458,1.9555866222647402
33.34167083541771,1.936471188532792
33.366683341670836,1.866583792165844
33.39169584792396,1.8853972161082033
33.41670835417709,1.8753494875761259
33.441720860430216,1.846961953965644
33.46673336668334,1.7962974361636395
33.49174587293647,1.7618096140678434
33.516758379189596,1.7369996254799926
33.54177088544272,1.7866374511058152
33.56678339169585,1.7718592403931672
33.59179589794898,1.6708295907400144
33.616808404202104,1.6812288967452274
33.64182091045523,1.599323768588042
33.66683341670836,1.633311674746455
33.691845922961484,1.61520979112505
33.71685842921461,1.5486631476630481
33.74187093546773,1.5162377839485195
33.76688344172086,1.4322362288989208
33.791895947973984,1.4660476173709491
33.81690845422711,1.4147904533681213
33.84192096048024,1.3437049075422698
33.866933466733364,1.3581013765375762
33.89194597298649,1.242397234161777
33.91695847923962,1.2800439588048182
33.941970985492745,1.183759064441917
33.96698349174587,1.1226825882683564
33.991995997999,1.0957972275021852
34.017008504252125,1.1088294173733932
34.04202101050525,1.0209183433445237
34.06703351675838,0.9696085921287719
34.092046023011505,0.9526096885258337
34.11705852926463,0.8616454826370786
34.14207103551776,0.8402870626510093
34.167083541770886,0.7975752809957354
34.19209604802401,0.7969136129935628
34.21710855427714,0.6837915469378398
34.242121060530266,0.6729239929188714
34.26713356678339,0.5823694547184155
34.29214607303652,0.598680562691185
34.31715857928965,0.5436792024608424
34.34217108554277,0.5132528274032644
34.3671835917959,0.45731926042957183
34.39219609804903,0.40773618424304375
34.417208604302154,0.3714807412610161
34.44222111055528,0.2502160185897907
34.46723361680841,0.2100162071032064
34.492246123061534,0.2303291671099705
34.51725862931466,0.12624868774645828
34.54227113556778,0.10418753189121512
34.56728364182091,0.04261067168940463
34.592296148074034,-0.028564068540472824
34.61730865432716,-0.09488290620246978
34.64232116058029,-0.08390131560746415
34.667333666833414,-0.1788328606613469
34.69234617308654,-0.16906971695969203
34.71735867933967,-0.2905656981110661
34.742371185592795,-0.2775697124107025
34.76738369184592,-0.3756479167529148
34.79239619809905,-0.42877684592611937
34.817408704352175,-0.49999047000390895
34.8424212106053,-0.5132864832869174
34.86743371685843,-0.54152620603465
34.892446223111556,-0.5789339259443355
34.91745872936468,-0.6879617740720937
34.94247123561781,-0.7499397867515183
34.967483741870936,-0.7092927879072063
34.99249624812406,-0.8123373572636197
35.01750875437719,-0.8552277973903251
35.042521260630316,-0.8631870192007711
35.06753376688344,-0.8943031754861643
35.09254627313657,-0.9611845109050354
35.1175587793897,-1.0016810898030986
35.14257128564282,-1.0605485442474853
35.16758379189595,-1.0675593650969815
35.19259629814908,-1.1562378484269886
35.217608804402204,-1.2096934062974312
35.24262131065533,-1.199322670086346
35.26763381690846,-1.2375032207995085
35.292646323161584,-1.2994620978974682
35.317658829414704,-1.3429117993418198
35.34267133566783,-1.3417968355766776
35.36768384192096,-1.435952726636005
35.392696348174084,-1.3843874222626562
35.41770885442721,-1.4393775249921124
35.44272136068034,-1.465352709064128
35.467733866933465,-1.4848140642707126
35.49274637318659,-1.5433466265975928
35.51775887943972,-1.5564976093463385
35.542771385692845,-1.6373867916578853
35.56778389194597,-1.6302275526442962
35.5927963981991,-1.7027654133067565
35.617808904452225,-1.7190003019549756
35.64282141070535,-1.723006484398934
35.66783391695848,-1.7211686180622803
35.692846423211606,-1.7347794361680133
35.71785892946473,-1.7720419219977113
35.74287143571786,-1.7678545278556075
35.767883941970986,-1.8624149227699227
35.79289644822411,-1.820924712133398
35.81790895447724,-1.8846212169048469
35.842921460730366,-1.862985627579793
35.86793396698349,-1.8664179192465382
35.89294647323662,-1.8937146646623095
35.91795897948975,-1.91211762373159
35.94297148574287,-1.8707119698702048
35.967983991996,-1.9618618459385653
35.99299649824913,-1.947945482215535
36.018009004502254,-1.9563750351090095
36.04302151075538,-1.9226178140155157
36.06803401700851,-1.964217078560208
36.093046523261634,-1.9980849737747306
36.118059029514754,-1.998901932798609
36.14307153576788,-1.903420683793073
36.16808404202101,-1.9584102999408641
36.193096548274134,-1.9424139517632268
36.21810905452726,-1.9242822631039174
36.24312156078039,-1.9028908558139517
36.268134067033515,-1.9283330905718148
36.29314657328664,-1.9418486366899863
36.31815907953977,-1.9297989437109382
36.343171585792895,-1.9140379219413817
36.36818409204602,-1.9401403246113254
36.39319659829915,-1.9139987078281508
36.418209104552275,-1.8518009872115635
36.4432216108054,-1.8264204090708094
36.46823411705853,-1.7859740964137576
36.493246623311656,-1.7972779881493939
36.51825912956478,-1.7799546334918357
36.54327163581791,-1.7808734028535351
36.568284142071036,-1.7397028876130638
36.59329664832416,-1.7549230403815477
36.61830915457729,-1.6960350064869214
36.643321660830416,-1.6665547842410273
36.66833416708354,-1.6448545288973764
36.69334667333667,-1.6825510260508654
36.7183591795898,-1.5619281770905618
36.743371685842924,-1.6133109868647872
36.76838419209605,-1.5416044525462504
36.79339669834918,-1.5701734581282312
36.818409204602304,-1.5248837640511046
36.84342171085543,-1.4204521213910355
36.86843421710856,-1.4658528695696653
36.893446723361684,-1.4018735021839333
36.918459229614804,-1.3985826992112842
36.94347173586793,-1.3221356974695568
36.96848424212106,-1.2530516785475656
36.993496748374184,-1.2772179996452995
37.01850925462731,-1.2034189558166608
37.04352176088044,-1.2067195017226857
37.068534267133565,-1.143329427789229
37.09354677338669,-1.0503701626997186
37.11855927963982,-1.0265379082693833
37.143571785892945,-1.0289390732098114
37.16858429214607,-0.9421920066973134
37.1935967983992,-0.929298902637697
37.218609304652325,-0.8247969655158136
37.24362181090545,-0.7881139819792357
37.26863431715858,-0.7529160271715485
37.293646823411706,-0.7337711876745809
37.31865932966483,-0.6474764266240327
37.34367183591796,-0.6374339963796584
37.368684342171086,-0.6258679851029884
37.39369684842421,-0.5093036490275564
37.41870935467734,-0.5354088238199405
37.44372186093047,-0.47089614593897816
37.46873436718359,-0.4524196791894018
37.49374687343672,-0.3782646976694332
37.51875937968985,-0.26502440275164046
37.543771885942974,-0.2808313706504074
37.5687843921961,-0.23506283121956328
37.59379689844923,-0.17245995034024966
37.618809404702354,-0.10082050312313083
37.64382191095548,-0.045884731206472226
37.66883441720861,0.005446037155912145
37.693846923461734,0.0006134061664558842
37.718859429714854,0.126374754898849
37.74387193596798,0.15659899288096646
37.76888444222111,0.2174099024049917
37.793896948474234,0.2880552841378234
37.81890945472736,0.24863241284819176
37.84392196098049,0.302899694641565
37.868934467233615,0.3386313270554614
37.89394697348674,0.454264077900776
37.91895947973987,0.49185077153917045
37.943971985992995,0.511501268747222
37.96898449224612,0.5553740209380372
37.99399699849925,0.6726738177284002
38.019009504752376,0.7016734420740618
38.0440220110055,0.7017831977558854
38.06903451725863,0.7269028872064537
38.094047023511756,0.8648583751325087
38.11905952976488,0.9056774750796628
38.14407203601801,0.9124127457662734
38.169084542271136,0.9176543535255224
38.19409704852426,1.048495813825143
38.21910955477739,1.0648473939745724
38.24412206103052,1.076118934930472
38.26913456728364,1.1600592580222187
38.29414707353677,1.183980642991222
38.3191595797899,1.2043290960297885
38.344172086043024,1.2183135431820957
38.36918459229615,1.264667449610282
38.39419709854928,1.3372803110173919
38.419209604802404,1.3804671342152426
38.44422211105553,1.4462064198659976
38.46923461730866,1.4223664861985064
38.49424712356178,1.5190964712293897
38.519259629814904,1.502307729046817
38.54427213606803,1.580482154933283
38.56928464232116,1.599279917747936
38.594297148574285,1.5980467618375103
38.61930965482741,1.6114745402282393
38.64432216108054,1.6772922254015348
38.669334667333665,1.69014352518792
38.69434717358679,1.7627314499571767
38.71935967983992,1.738680978983007
38.744372186093045,1.7439932591252987
38.76938469234617,1.7870754509805817
38.7943971985993,1.814441208646231
38.819409704852426,1.8040039723807006
38.84442221110555,1.829211828534551
38.86943471735868,1.9146300413834918
38.894447223611806,1.929664794748338
38.91945972986493,1.9573257859564506
38.94447223611806,1.9706103155367414
38.969484742371186,1.987741788543861
38.99449724862431,1.9610300437605552
39.01950975487744,1.98430257569789
39.04452226113057,2.0160718717436774
39.06953476738369,1.9981417891143496
39.09454727363682,2.029407164128925
39.11955977988995,2.068936799983316
39.144572286143074,2.0456839201402324
39.1695847923962,2.054565667644674
39.19459729864933,2.0496847435238728
39.219609804902454,2.0124337867122546
39.24462231115558,2.0089435863727823
39.26963481740871,2.0376795777950427
39.29464732366183,2.043060926114362
39.319659829914954,2.0191158423771767
39.34467233616808,2.00945972348974
39.36968484242121,2.081962135850818
39.394697348674335,2.0837821027962553
39.41970985492746,1.992030161970177
39.44472236118059,2.0372694687709823
39.469734867433715,1.9693565263651192
39.49474737368684,1.9709858883110885
39.51975987993997,2.0269186175815577
39.544772386193095,2.0070850162497353
39.56978489244622,1.9746195357139988
39.59479739869935,1.94627776630585
39.619809904952476,1.9149616109062797
39.6448224112056,1.9226973916201897
39.66983491745873,1.8431482216261432
39.694847423711856,1.8364479527749553
39.71985992996498,1.841880910956001
39.74487243621811,1.8468025166146518
39.769884942471236,1.7630435340625064
39.79489744872436,1.7755469753795285
39.81990995497749,1.7912422465365223
39.84492246123062,1.7544208722342578
39.86993496748374,1.6681808667058666
39.89494747373687,1.67566245591193
39.91995997999,1.6418224949793292
39.944972486243124,1.613459425919547
39.96998499249625,1.5874212724804204
39.99499749874938,1.5637934034436438
40.020010005002504,1.5008878501260643
40.04502251125563,1.496680198331563
40.07003501750876,1.4538010077843082
40.09504752376188,1.409380646697384
40.120060030015004,1.3869321680222615
40.14507253626813,1.3077963585297006
40.17008504252126,1.288953960265225
40.195097548774385,1.2466002883227285
40.22011005502751,1.1636929736006207
40.24512256128064,1.2054276946627638
40.270135067533765,1.1628730646806644
40.29514757378689,1.0794918940354568
40.32016008004002,0.9996064304414671
40.345172586293145,0.9517411435705655
40.37018509254627,0.9913561326372041
40.3951975987994,0.8996021275859718
40.420210105052526,0.8586941083578898
40.44522261130565,0.7892943137147629
40.47023511755878,0.771668382681034
40.495247623811906,0.7241250754742502
40.52026013006503,0.6641077181402045
40.54527263631816,0.672466626067309
40.57028514257129,0.5434923300247229
40.59529764882441,0.5794427802789486
40.62031015507754,0.5094948433247057
40.64532266133067,0.431610644594901
40.670335167583794,0.3688797161623901
40.69534767383692,0.34012269123459077
40.72036018009005,0.2597953386073915
40.745372686343174,0.23015827698023444
40.7703851925963,0.22193144917182722
40.79539769884943,0.09102257705763214
40.820410205102554,0.06335948342155978
40.84542271135568,0.06461626840073074
40.87043521760881,-0.05497758476280481
40.89544772386193,-0.01543841809820884
40.920460230115054,-0.11019453390107778
40.94547273636818,-0.1918682814813805
40.97048524262131,-0.1675882224974402
40.995497748874435,-0.21625431668173645
41.02051025512756,-0.27466118731376205
41.04552276138069,-0.3983610648873249
41.070535267633815,-0.37009269785606713
41.09554777388694,-0.42857277532936394
41.12056028014007,-0.49821788429926694
41.145572786393195,-0.5161193641911864
41.17058529264632,-0.5853786907588354
41.19559779889945,-0.6423030448816419
41.220610305152576,-0.7351633968390046
41.2456228114057,-0.7839196893572516
41.27063531765883,-0.8234117963094187
41.295647823911956,-0.8177671392525548
41.32066033016508,-0.922298210322416
41.34567283641821,-0.9551314811198468
41.37068534267134,-0.9189091345465632
41.39569784892446,-0.9682450174199058
41.42071035517759,-1.0884106298028817
41.44572286143072,-1.0956558907399236
41.470735367683844,-1.1361228950915863
41.49574787393697,-1.1332124826551362
41.5207603801901,-1.1787422001868013
41.545772886443224,-1.229917819887773
41.57078539269635,-1.255367004254274
41.59579789894948,-1.3679567516225075
41.620810405202604,-1.3331994103734552
41.64582291145573,-1.4149405574957152
41.67083541770885,-1.414294939088352
41.69584792396198,-1.4696699546214558
41.720860430215104,-1.486637383373699
41.74587293646823,-1.5509464808460556
41.77088544272136,-1.5548019522934882
41.795897948974485,-1.616607034771436
41.82091045522761,-1.6308486367489152
41.84592296148074,-1.6385620271980506
41.870935467733865,-1.6534342434604115
41.89594797398699,-1.7258674845163307
41.92096048024012,-1.7366933759385554
41.945972986493246,-1.7832168185530974
41.97098549274637,-1.7204122877692694
41.9959979989995,-1.7520414166257268
42.021010505252626,-1.8336299458480319
42.04602301150575,-1.7805612770082568
42.07103551775888,-1.7937081035766955
42.096048024012006,-1.8781972097795052
42.12106053026513,-1.8834472948923981
42.14607303651826,-1.871500428785833
42.17108554277139,-1.9208334677563559
42.19609804902451,-1.8701236285541147
42.22111055527764,-1.8845887087854085
42.24612306153077,-1.9455642903331147
42.271135567783894,-1.8974162769730218
42.29614807403702,-1.9451832402678508
42.32116058029015,-1.9120970202660557
42.346173086543274,-1.9106191838739224
42.3711855927964,-1.954122113820971
42.39619809904953,-1.9187635520772395
42.421210605302655,-1.9153265433424949
42.44622311155578,-1.9083266013462037
42.4712356178089,-1.9406465281093597
42.49624812406203,-1.9920474335896232
42.521260630315155,-1.9760469433485646
42.54627313656828,-1.88350855144696
42.57128564282141,-1.9647031829118025
42.596298149074535,-1.9257695645890183
42.62131065532766,-1.946065927193764
42.64632316158079,-1.865811723935769
42.671335667833915,-1.9022779858213754
42.69634817408704,-1.8968796269938413
42.72136068034017,-1.8464345592484044
42.746373186593296,-1.8503961258632777
42.77138569284642,-1.8368127491009238
42.79639819909955,-1.8228780982139825
42.821410705352676,-1.8260394507709865
42.8464232116058,-1.7479542042879948
42.87143571785893,-1.7112729580821244
42.896448224112056,-1.7270282065129712
42.92146073036518,-1.740012307594629
42.94647323661831,-1.6434298114011336
42.97148574287144,-1.6733947206887183
42.99649824912456,-1.6473143950232205
43.02151075537769,-1.5786643452585962
43.04652326163082,-1.550931039299903
43.071535767883944,-1.575117883457755
43.09654827413707,-1.5454218157780721
43.1215607803902,-1.4970697300189635
43.146573286643324,-1.4735213127371398
43.17158579289645,-1.4258823616522165
43.19659829914958,-1.322688782893011
43.221610805402705,-1.311474711408244
43.24662331165583,-1.2727409285096825
43.27163581790895,-1.284054686773927
43.29664832416208,-1.2372691850250916
43.321660830415205,-1.2270591141134681
43.34667333666833,-1.0897551332609308
43.37168584292146,-1.118149792271919
43.396698349174585,-1.0154256959288408
43.42171085542771,-1.0327325766922053
43.44672336168084,-1.017513242367502
43.471735867933965,-0.9709250473708326
43.49674837418709,-0.8352131655225731
43.52176088044022,-0.8867722847275815
43.546773386693346,-0.8230754770943303
43.57178589294647,-0.7160264840680254
43.5967983991996,-0.7345753842812252
43.621810905452726,-0.6062520636169114
43.64682341170585,-0.656648566209474
43.67183591795898,-0.5268953775296906
43.69684842421211,-0.5278642850753524
43.72186093046523,-0.48408988086172844
43.74687343671836,-0.43127520613588993
43.77188594297149,-0.3340766867424619
43.796898449224614,-0.3085359440998835
43.82191095547774,-0.3000340636439651
43.84692346173087,-0.24883531866912978
43.871935967983994,-0.13586063547780886
43.89694847423712,-0.1518534592324599
43.92196098049025,-0.022682802144191785
43.946973486743374,-0.03781336684587982
43.9719859929965,0.06002906169732621
43.99699849924963,0.11491464932037866
44.022011005502755,0.13092084598235035
44.04702351175588,0.19177266546540928
44.072036018009,0.18027090523847325
44.09704852426213,0.3095904147263968
44.122061030515255,0.3580824837692229
44.14707353676838,0.3637307529707867
44.17208604302151,0.41199045542009693
44.197098549274635,0.4684818964263537
44.22211105552776,0.499322905536146
44.24712356178089,0.59659799318699
44.272136068034015,0.5805917141615113
44.29714857428714,0.6566302555059216
44.32216108054027,0.7043312449597686
44.347173586793396,0.768355248738824
44.37218609304652,0.8051684979090563
44.39719859929965,0.8947659716106969
44.422211105552776,0.9394725543222053
44.4472236118059,0.921341291437532
44.47223611805903,1.0091556374421693
44.49724862431216,1.0101605610658773
44.52226113056528,1.1265978177613418
44.54727363681841,1.1026736636809198
44.57228614307154,1.2084203640399807
44.597298649324664,1.1752685879719018
44.62231115557779,1.2925546452476218
44.64732366183092,1.3316156682005669
44.672336168084044,1.3382565406835831
44.69734867433717,1.3263028314060226
44.7223611805903,1.3940212701878414
44.747373686843424,1.4729266635593827
44.77238619309655,1.4814176552042058
44.79739869934968,1.4881929415837827
44.822411205602805,1.5851919174275486
44.847423711855924,1.5815273308618556
44.87243621810905,1.635874447720295
44.89744872436218,1.5872307530312895
44.922461230615305,1.639084286143399
44.94747373686843,1.7221978137069482
44.97248624312156,1.7551921537483142
44.997498749374685,1.7540586598291867
45.02251125562781,1.796508650791132
45.04752376188094,1.804798926208015
45.072536268134066,1.809101444810715
45.09754877438719,1.8252766280242532
45.12256128064032,1.8205517332323204
45.147573786893446,1.8586206267968557
45.17258629314657,1.9494922204260687
45.1975987993997,1.9110912915391238
45.222611305652826,1.9797090942779467
45.24762381190595,1.995474832541108
45.27263631815908,1.9822316742772421
45.29764882441221,1.9775183761660011
45.32266133066533,1.9695953730460907
45.34767383691846,2.015998779365714
45.37268634317159,2.058023535183675
45.397698849424714,2.0387219872424427
45.42271135567784,2.0033412579037853
45.44772386193097,2.011239210722806
45.472736368184094,2.0683067228651635
45.49774887443722,2.0593854874059114
45.52276138069035,2.0252971467901606
45.547773886943475,2.0116021458996425
45.5727863931966,2.068149303145062
45.59779889944973,2.01125421447549
45.622811405702855,2.0320772502723554
45.647823911955975,2.064787839897934
45.6728364182091,2.02113629706251
45.69784892446223,2.045368352146091
45.722861430715355,1.9713560155824443
45.74787393696848,2.0142648944292416
45.77288644322161,2.013770589001708
45.797898949474735,2.0040265088716636
45.82291145572786,2.0221668938094948
45.84792396198099,1.9712115924056106
45.872936468234116,1.97636002601574
45.89794897448724,1.9212446826993341
45.92296148074037,1.9334779563626499
45.947973986993496,1.902533819134693
45.97298649324662,1.841839462366596
45.99799899949975,1.8635792074310389
46.023011505752876,1.8538995861753602
46.048024012006,1.8536537587899107
46.07303651825913,1.8068807984405069
46.09804902451226,1.8019899949629152
46.12306153076538,1.7391969960111597
46.14807403701851,1.6955733843199252
46.17308654327164,1.6696729189109396
46.198099049524764,1.6396444388780054
46.22311155577789,1.6615640859640652
46.24812406203102,1.616192791478133
46.273136568284144,1.567987429089317
46.29814907453727,1.503788229010792
46.3231615807904,1.5230850684266561
46.348174087043525,1.494864201996948
46.37318659329665,1.4091334965875304
46.39819909954978,1.4238699490809459
46.423211605802905,1.311612290488486
46.448224112056025,1.282320446468157
46.47323661830915,1.2489222243245222
46.49824912456228,1.2656986051331043
46.523261630815405,1.2098648474133713
46.54827413706853,1.1787682140073756
46.57328664332166,1.0720595069619783
46.598299149574785,1.0152456909307006
46.62331165582791,0.9897714539653018
46.64832416208104,0.9759884871320635
46.673336668334166,0.8789107516074699
46.69834917458729,0.843661867505424
46.72336168084042,0.8385620077759832
46.748374187093546,0.7342205132926656
46.77338669334667,0.7783616580159325
46.7983991995998,0.7003431640467197
46.823411705852926,0.6007613778407275
46.84842421210605,0.5822707624425038
46.87343671835918,0.568320164270062
46.89844922461231,0.5236570925508119
46.923461730865434,0.4062516892512274
46.94847423711856,0.3765508272076774
46.97348674337169,0.31124876348662744
46.998499249624814,0.308406482810322
47.02351175587794,0.2605186490024397
47.04852426213107,0.1988991005140228
47.073536768384194,0.13535559622514454
47.09854927463732,0.06721990479765937
47.12356178089045,0.08830500393810847
47.148574287143575,0.02470299790071788
47.1735867933967,-0.06489138576081213
47.19859929964983,-0.11955986774098105
47.22361180590295,-0.14451078874980944
47.248624312156075,-0.20144935603557798
47.2736368184092,-0.22545001632783937
47.29864932466233,-0.28602036456932967
47.323661830915455,-0.3903022080622315
47.34867433716858,-0.40948191957905417
47.37368684342171,-0.40472510306852105
47.398699349674835,-0.540882546960537
47.42371185592796,-0.4983225073949479
47.44872436218109,-0.6286833467740561
47.473736868434216,-0.6444262526326212
47.49874937468734,-0.7144221429368722
47.52376188094047,-0.763903605689272
47.548774387193596,-0.7901685821716877
47.57378689344672,-0.828575181863165
47.59879939969985,-0.8439393410520147
47.62381190595298,-0.8710843025558145
47.6488244122061,-0.9246403146288547
47.67383691845923,-0.9691272509120056
47.69884942471236,-1.0088365387976115
47.723861930965484,-1.0817397455176332
47.74887443721861,-1.1442318551065427
47.77388694347174,-1.151896554281128
47.798899449724864,-1.194503672680387
47.82391195597799,-1.2336497293602005
47.84892446223112,-1.2967183320704199
47.873936968484244,-1.3604454252487062
47.89894947473737,-1.3509079827692902
47.9239619809905,-1.4335967559570517
47.948974487243625,-1.4292532605195791
47.97398699349675,-1.4130249107820527
47.99899949974988,-1.4462639451575636
48.024012006003,-1.5198027464707387
48.049024512256125,-1.5438912932454858
48.07403701850925,-1.5889540097168842
48.09904952476238,-1.5811746893724132
48.124062031015505,-1.6283898610601133
48.14907453726863,-1.6672933064691715
48.17408704352176,-1.706960059989062
48.199099549774886,-1.753896771071851
48.22411205602801,-1.7577101260716934
48.24912456228114,-1.7234881173617103
48.274137068534266,-1.746891520587511
48.29914957478739,-1.787885573149339
48.32416208104052,-1.8378603886540401
48.349174587293646,-1.8099318343373163
48.37418709354677,-1.8423402296847362
48.3991995997999,-1.9061366657186716
48.42421210605303,-1.8402016047505407
48.44922461230615,-1.9122537998985762
48.47423711855928,-1.9209391205761346
48.49924962481241,-1.9181049651980386
48.524262131065534,-1.9568351903924863
48.54927463731866,-1.9144465646953577
48.57428714357179,-1.9481689176805812
48.599299649824914,-1.948551734999155
48.62431215607804,-1.9914689437413478
48.64932466233117,-1.902258529592983
48.674337168584294,-1.9094482967038096
48.69934967483742,-1.96842433957891
48.72436218109055,-1.969343352237564
48.749374687343675,-1.932219362618232
48.7743871935968,-1.9741457641726705
48.79939969984993,-1.952069618238122
48.82441220610305,-1.9571067448029529
48.849424712356175,-1.9663092184507576
48.8744372186093,-1.9406605329849542
48.89944972486243,-1.9375248912682728
48.924462231115555,-1.8857507198286354
48.94947473736868,-1.916395978467696
48.97448724362181,-1.8794884140129733
48.999499749874936,-1.859319253539005
49.02451225612806,-1.863925541508001
49.04952476238119,-1.8631425775055561
49.074537268634316,-1.8129394607310192
49.09954977488744,-1.751541570358932
49.12456228114057,-1.811605484882114
49.149574787393696,-1.7605690109940884
49.17458729364682,-1.7654725276689331
49.19959979989995,-1.6932845813374875
49.22461230615308,-1.6904654668382553
49.2496248124062,-1.6716686704013717
49.27463731865933,-1.6054384629050793
49.29964982491246,-1.587365774261398
49.324662331165584,-1.552901138930422
49.34967483741871,-1.5792354338728125
49.37468734367184,-1.474616547919374
49.399699849924964,-1.4546068672109447
49.42471235617809,-1.4850321562895865
49.44972486243122,-1.4245956897107261
49.474737368684345,-1.3582992834154943
49.49974987493747,-1.3823710514921697
49.5247623811906,-1.2682479967690954
49.549774887443725,-1.2752664434731518
49.57478739369685,-1.2312193608077575
49.59979989994998,-1.181598120409134
49.6248124062031,-1.110417358952551
49.649824912456225,-1.1450368546961742
49.67483741870935,-1.054890755903427
49.69984992496248,-1.0416033815970027
49.724862431215605,-0.9849050167333254
49.74987493746873,-0.9022260495633129
49.77488744372186,-0.8862234138074195
49.799899949974986,-0.8366827564695338
49.82491245622811,-0.7796882603419175
49.84992496248124,-0.7263840273135912
49.874937468734366,-0.7103167854417406
49.89994997498749,-0.6847778450855633
49.92496248124062,-0.5980319468991626
49.949974987493746,-0.5617045893131151
49.97498749374687,-0.5072434004926522
50.0,-0.4397161677443047
