x,y
0.0,0.018143807754946117
0.02501250625312656,0.1366513749377819
0.05002501250625312,0.17294456497795666
0.0750375187593797,0.20454997104650788
0.10005002501250625,0.28572219109473074
0.12506253126563283,0.3367154207353851
0.1500750375187594,0.323240546009984
0.17508754377188596,0.41308323158027277
0.2001000500250125,0.4467748723814351
0.22511255627813906,0.4943496673226322
0.25012506253126565,0.5876553432821985
0.2751375687843922,0.5915537941901243
0.3001500750375188,0.6615803511081716
0.32516258129064535,0.6487115020565034
0.3501750875437719,0.6933481317732606
0.3751875937968984,0.8226501071460017
0.400200100050025,0.7927395806070399
0.42521260630315155,0.8493914490001016
0.4502251125562781,0.8927299301612205
0.4752376188094047,0.9316707259208382
0.5002501250625313,0.9671547338429525
0.5252626313156579,1.0127368653835525
0.5502751375687844,1.1271200139635211
0.575287643821911,1.158706674852345
0.6003001500750376,1.139114219919281
0.6253126563281641,1.2260631716407395
0.6503251625812907,1.2730789653777126
0.6753376688344173,1.3429120133770307
0.7003501750875438,1.333352703066847
0.7253626813406704,1.3947700893446555
0.7503751875937968,1.3960056381641694
0.7753876938469234,1.4298627742398884
0.80040020010005,1.5042486794122698
0.8254127063531765,1.5005282426963493
0.8504252126063031,1.5765387162890312
0.8754377188594297,1.6283597862192207
0.9004502251125562,1.6002239175539064
0.9254627313656828,1.6199819806123392
0.9504752376188094,1.6716418855922968
0.9754877438719359,1.730897953869065
1.0005002501250626,1.6885706637299365
1.0255127563781892,1.7494157000214663
1.0505252626313157,1.7953351055474054
1.0755377688844423,1.7868788660109847
1.1005502751375689,1.8325654926512405
1.1255627813906954,1.880432832459797
1.150575287643822,1.8266759119768239
1.1755877938969486,1.8600563443897233
1.2006003001500751,1.9150090075395279
1.2256128064032017,1.9345537377436837
1.2506253126563283,1.9340894876639674
1.2756378189094548,1.9825325956274666
1.3006503251625814,2.012870697402044
1.325662831415708,2.01648771502381
1.3506753376688345,2.021980370438814
1.375687843921961,1.985003902892831
1.4007003501750876,1.9874793380768931
1.4257128564282142,1.993315942729756
1.4507253626813408,2.030084935493184
1.4757378689344671,2.0386625578207416
1.5007503751875937,2.060412643608627
1.5257628814407203,2.030641031356249
1.5507753876938468,2.0009902876284773
1.5757878939469734,2.001563996280497
1.6008004002001,2.045773462400015
1.6258129064532265,2.014671822278761
1.650825412706353,2.0118894575027415
1.6758379189594796,2.0711319223863223
1.7008504252126062,2.010801771347651
1.7258629314657328,2.0558791251915913
1.7508754377188593,1.9864720551192778
1.775887943971986,1.964436692969842
1.8009004502251125,2.035371954690265
1.825912956478239,2.0039317663143352
1.8509254627313656,1.9369425800537952
1.8759379689844922,1.986377112026888
1.9009504752376187,1.9502894257346293
1.9259629814907453,1.9508790667778333
1.9509754877438719,1.917760880113407
1.9759879939969984,1.9027141679193427
2.001000500250125,1.857044627573003
2.0260130065032516,1.8075097199504557
2.0510255127563783,1.8077067084664555
2.0760380190095047,1.8475388958820262
2.1010505252626315,1.7613725342904445
2.126063031515758,1.7570107044177927
2.1510755377688846,1.710496641277292
2.176088044022011,1.6891719456885197
2.2011005502751377,1.6361682501715653
2.226113056528264,1.622744084153362
2.251125562781391,1.5658675945963334
2.276138069034517,1.6005484940020613
2.301150575287644,1.5355455917604683
2.3261630815407703,1.4817905807535274
2.351175587793897,1.4580380537629798
2.3761880940470235,1.4135006298914015
2.4012006003001503,1.4363947556882595
2.4262131065532766,1.3791929528997573
2.4512256128064034,1.3591955902690505
2.4762381190595297,1.2517462765223872
2.5012506253126565,1.274873088226382
2.526263131565783,1.2431473147588967
2.5512756378189096,1.1143212472651927
2.576288144072036,1.1601490462543453
2.6013006503251628,1.0516512387750443
2.626313156578289,0.9899028973348298
2.651325662831416,1.0140326215248319
2.6763381690845423,0.9236921005625256
2.701350675337669,0.9345885985656979
2.7263631815907954,0.8769831299664425
2.751375687843922,0.8295530456052658
2.7763881940970485,0.7246044364370702
2.8014007003501753,0.7195822813939062
2.8264132066033016,0.7108719294764845
2.8514257128564284,0.6207160412329445
2.8764382191095548,0.5788049699295887
2.9014507253626816,0.5163997974131709
2.926463231615808,0.48943180410940984
2.9514757378689342,0.45041112205524614
2.976488244122061,0.35103811254853057
3.0015007503751874,0.298922801844484
3.026513256628314,0.3108616904592073
3.0515257628814405,0.20984011121469653
3.0765382691345673,0.1760135385492311
3.1015507753876936,0.14699416519155478
3.1265632816408204,0.093002184009183
3.1515757878939468,0.030759520943083356
3.1765882941470736,0.008720014654361577
3.2016008004002,-0.07393110015454984
3.2266133066533267,-0.10247844641501787
3.251625812906453,-0.1549752556967263
3.27663831915958,-0.194423961411756
3.301650825412706,-0.29676933783362835
3.326663331665833,-0.29297821398527935
3.3516758379189593,-0.3729059428194207
3.376688344172086,-0.4653419507476271
3.4017008504252124,-0.4884909372311766
3.426713356678339,-0.501486202400482
3.4517258629314655,-0.55872044096278
3.4767383691845923,-0.5761531668057234
3.5017508754377187,-0.6259468862519681
3.5267633816908455,-0.7511543691056202
3.551775887943972,-0.788632386639218
3.5767883941970986,-0.7689848480231639
3.601800900450225,-0.8811807073173643
3.6268134067033517,-0.9250842930992594
3.651825912956478,-0.8906030658398751
3.676838419209605,-0.9634755068690102
3.701850925462731,-1.02143310596006
3.726863431715858,-1.0496619326949754
3.7518759379689843,-1.0752454887062097
3.776888444222111,-1.131892094796494
3.8019009504752375,-1.1905992762056525
3.8269134567283642,-1.2048371863507399
3.8519259629814906,-1.2370606413566627
3.8769384692346174,-1.3031703850219685
3.9019509754877437,-1.3413936402684736
3.9269634817408705,-1.3310900878711964
3.951975987993997,-1.4376050842185435
3.9769884942471236,-1.43387789311373
4.00200100050025,-1.452546407259284
4.027013506753376,-1.4519857398513203
4.052026013006503,-1.4813619716898714
4.07703851925963,-1.5775752742832305
4.102051025512757,-1.5595050977598945
4.127063531765883,-1.6070104352510106
4.152076038019009,-1.6612985781054572
4.177088544272136,-1.6752505488214904
4.202101050525263,-1.6993686151188916
4.227113556778389,-1.729903474888825
4.252126063031516,-1.7850020537501614
4.277138569284642,-1.8069188923900563
4.302151075537769,-1.7802653332881286
4.327163581790895,-1.8332122017361527
4.352176088044022,-1.8358104741327386
4.377188594297149,-1.8556053786576387
4.4022011005502755,-1.8490984114351374
4.427213606803401,-1.9100270180184413
4.452226113056528,-1.8807292180682076
4.477238619309655,-1.944311755597225
4.502251125562782,-1.9451471597426806
4.527263631815908,-1.9257132653002684
4.552276138069034,-1.9175440581049032
4.577288644322161,-1.9293949713402068
4.602301150575288,-1.9126844541028938
4.627313656828414,-1.9001708932317305
4.652326163081541,-1.9157531342012342
4.6773386693346675,-1.921157971356906
4.702351175587794,-1.997383659550752
4.72736368184092,-1.953776696489387
4.752376188094047,-1.9489014589664921
4.777388694347174,-1.9264528906201255
4.8024012006003005,-1.9386235447429279
4.827413706853426,-1.916014496308714
4.852426213106553,-1.9290472486701555
4.87743871935968,-1.9463291135027143
4.902451225612807,-1.9481281710464518
4.927463731865933,-1.9249866959201811
4.9524762381190595,-1.8861457139955666
4.977488744372186,-1.9263097659395105
5.002501250625313,-1.8319797298307752
5.027513756878439,-1.8698012482118032
5.052526263131566,-1.8322329284666845
5.0775387693846925,-1.8331213528711967
5.102551275637819,-1.7820739206419454
5.127563781890945,-1.734235450705618
5.152576288144072,-1.79937874715005
5.177588794397199,-1.703095423166582
5.2026013006503256,-1.6665683511459974
5.2276138069034515,-1.673993518632398
5.252626313156578,-1.6851503409609379
5.277638819409705,-1.621598401981168
5.302651325662832,-1.6148091022231827
5.327663831915958,-1.6045515135617676
5.3526763381690845,-1.55104393154879
5.377688844422211,-1.5258774178371217
5.402701350675338,-1.5106392445896404
5.427713856928464,-1.5077712583128298
5.452726363181591,-1.4166819413199896
5.4777388694347176,-1.3851424264498653
5.502751375687844,-1.3120846924269236
5.52776388194097,-1.3254638208020728
5.552776388194097,-1.2637849414966258
5.577788894447224,-1.2679423684288027
5.602801400700351,-1.1768612657283453
5.6278139069534765,-1.1670259975710124
5.652826413206603,-1.12900680868779
5.67783891945973,-1.0496261329734784
5.702851425712857,-1.07999537060926
5.727863931965983,-0.978251409779802
5.7528764382191095,-0.9987104408798803
5.777888944472236,-0.9387011311708916
5.802901450725363,-0.8883479801117968
5.827913956978489,-0.8761106838919904
5.852926463231616,-0.7694066589270916
5.877938969484743,-0.7394179187595523
5.9029514757378685,-0.6561420248425771
5.927963981990995,-0.65992182088828
5.952976488244122,-0.5797016334118084
5.977988994497249,-0.5382637805677132
6.003001500750375,-0.4799914628654274
6.0280140070035015,-0.4413839473911247
6.053026513256628,-0.40158044046826236
6.078039019509755,-0.36744279141840674
6.103051525762881,-0.3474714528770213
6.128064032016008,-0.29832558210635934
6.153076538269135,-0.23360825517251807
6.178089044522261,-0.13153246516498257
6.203101550775387,-0.12722723145727555
6.228114057028514,-0.10938151528204085
6.253126563281641,-0.0595202228649844
6.278139069534768,0.011412506072549506
6.3031515757878935,0.07821056739138295
6.32816408204102,0.13273900777844383
6.353176588294147,0.19259477923356275
6.378189094547274,0.25411673278673674
6.4032016008004,0.25921250829716835
6.428214107053527,0.34849780169583344
6.453226613306653,0.36791051550151427
6.47823911955978,0.4685673912551158
6.503251625812906,0.5337781122661117
6.528264132066033,0.5679853875120868
6.55327663831916,0.5919591423831856
6.578289144572286,0.5819801915664933
6.603301650825412,0.6346664342557891
6.628314157078539,0.6982712523256551
6.653326663331666,0.7922748640115929
6.678339169584793,0.8364277766415454
6.703351675837919,0.9007225007441064
6.728364182091045,0.9196806395872754
6.753376688344172,0.9619644273655313
6.778389194597299,1.0206484432344587
6.803401700850425,1.0175184566570572
6.828414207103552,1.1313567802431412
6.853426713356678,1.0890267207107602
6.878439219609805,1.1983555794575105
6.903451725862931,1.2268386490669703
6.928464232116058,1.2754658041306024
6.953476738369185,1.262506093056672
6.9784892446223115,1.3637987848323176
7.003501750875437,1.3397182145025868
7.028514257128564,1.4444139383060512
7.053526763381691,1.4263148670198291
7.078539269634818,1.4595412008224227
7.103551775887944,1.468754017781135
7.12856428214107,1.5868945023275185
7.153576788394197,1.5385644534756315
7.178589294647324,1.5731711174354248
7.20360180090045,1.6359020811745992
7.228614307153577,1.6405259711987243
7.2536268134067035,1.6997983728975343
7.27863931965983,1.7442629404822074
7.303651825912956,1.7093592325639815
7.328664332166083,1.7857386242373183
7.35367683841921,1.7848531243148789
7.3786893446723365,1.8279089968819775
7.403701850925462,1.8704558337437929
7.428714357178589,1.8350081278162471
7.453726863431716,1.8928941590563948
7.478739369684843,1.9472761060358
7.503751875937969,1.8786104505000953
7.5287643821910955,1.9652283133535111
7.553776888444222,1.9230216011673902
7.578789394697349,1.9689564631007401
7.603801900950475,2.032568853215412
7.628814407203602,2.0297103400204857
7.6538269134567285,2.025385837439714
7.678839419709855,2.066894970462482
7.703851925962981,2.0700138104137316
7.728864432216108,2.031255465989808
7.753876938469235,2.042311175763582
7.7788894447223615,2.0004422837552736
7.8039019509754874,2.0122394503154117
7.828914457228614,2.067527814480007
7.853926963481741,2.061469059180807
7.878939469734868,2.087912531623658
7.903951975987994,2.0855061063880553
7.9289644822411205,1.9978536672763403
7.953976988494247,2.0160618309122427
7.978989494747374,1.999949834788489
8.0040020010005,2.0579856612580403
8.029014507253628,2.0068063204372315
8.054027013506753,1.9939028652973465
8.07903951975988,2.0066138680630554
8.104052026013006,1.9932758480001516
8.129064532266133,1.9277635911061093
8.15407703851926,1.9173709279344482
8.179089544772387,1.9220871287271335
8.204102051025513,1.9613519394308636
8.22911455727864,1.8962259507943657
8.254127063531765,1.9285287324705844
8.279139569784892,1.90364819899833
8.304152076038019,1.8659675623759635
8.329164582291146,1.8552761431536404
8.354177088544272,1.8494953510827907
8.379189594797399,1.7305386145002943
8.404202101050526,1.7297964081563213
8.429214607303653,1.7713597063608726
8.454227113556778,1.6569584556299173
8.479239619809904,1.6307034509538298
8.504252126063031,1.6251394575823812
8.529264632316158,1.5908661508752047
8.554277138569285,1.5348247340974992
8.579289644822412,1.517265516621294
8.604302151075538,1.5550425356496573
8.629314657328665,1.482533413225739
8.65432716358179,1.429129549314743
8.679339669834917,1.4558160802621045
8.704352176088044,1.359668791842429
8.72936468234117,1.3251379158940333
8.754377188594297,1.2995011482636567
8.779389694847424,1.2496849451400152
8.804402201100551,1.2006513424239886
8.829414707353676,1.1585456901734847
8.854427213606803,1.0902311007940348
8.87943971985993,1.1021133421053604
8.904452226113056,1.0476953800411837
8.929464732366183,1.0143665057034994
8.95447723861931,0.9273088741401868
8.979489744872437,0.906859481148167
9.004502251125563,0.8226507426469639
9.029514757378688,0.8517608687018439
9.054527263631815,0.79325351726113
9.079539769884942,0.7149737460494765
9.104552276138069,0.7213142705626586
9.129564782391196,0.6803978904318202
9.154577288644322,0.5398108079498006
9.17958979489745,0.4969720727717506
9.204602301150576,0.486426735436067
9.229614807403701,0.48619342523265296
9.254627313656828,0.40880409272642493
9.279639819909955,0.37304196161360453
9.304652326163081,0.31737852052050064
9.329664832416208,0.25071884553369
9.354677338669335,0.23046064602164534
9.379689844922462,0.11882246616221866
9.404702351175589,0.05833771888320377
9.429714857428714,0.08171024785433384
9.45472736368184,0.017605569072327
9.479739869934967,-0.08619615932084126
9.504752376188094,-0.09989892205417533
9.52976488244122,-0.2070590976707698
9.554777388694347,-0.1793292574012069
9.579789894947474,-0.2304162715183145
9.604802401200601,-0.28027321375856173
9.629814907453726,-0.4068215860948396
9.654827413706853,-0.4198412470643526
9.67983991995998,-0.4226401882162051
9.704852426213106,-0.5265836371776
9.729864932466233,-0.5658641381056624
9.75487743871936,-0.6339071202363628
9.779889944972487,-0.6124791778695312
9.804902451225614,-0.6564152688505355
9.829914957478739,-0.7462745058547385
9.854927463731865,-0.8294212159868047
9.879939969984992,-0.8138706760406552
9.904952476238119,-0.8591069182936011
9.929964982491246,-0.9552530169779244
9.954977488744372,-1.0088028543487702
9.9799899949975,-1.0134010045810329
10.005002501250626,-1.0236231794272177
10.030015007503751,-1.0845877514682813
10.055027513756878,-1.136826229078971
10.080040020010005,-1.2179252722223959
10.105052526263131,-1.235894268202542
10.130065032516258,-1.284155088394139
10.155077538769385,-1.293109163880289
10.180090045022512,-1.312575149320805
10.205102551275639,-1.320135461060326
10.230115057528764,-1.3703855366941822
10.25512756378189,-1.4719819901307032
10.280140070035017,-1.4970301619018274
10.305152576288144,-1.5288114860694868
10.33016508254127,-1.4991387134667393
10.355177588794398,-1.532647256618215
10.380190095047524,-1.621054446365989
10.405202601300651,-1.6587405745174613
10.430215107553776,-1.6413132589092634
10.455227613806903,-1.6360034308461961
10.48024012006003,-1.6683744681175248
10.505252626313156,-1.7643153900692694
10.530265132566283,-1.7116470723369082
10.55527763881941,-1.7462568183268543
10.580290145072537,-1.8076390127686217
10.605302651325664,-1.8480241726951872
10.630315157578789,-1.8450621087861951
10.655327663831915,-1.8702093411249905
10.680340170085042,-1.8649872747755272
10.705352676338169,-1.8214933486582934
10.730365182591296,-1.899964351304107
10.755377688844423,-1.9254892346181585
10.78039019509755,-1.8727268790094886
10.805402701350676,-1.9258012770500326
10.830415207603801,-1.8769417745524468
10.855427713856928,-1.9653139942448332
10.880440220110055,-1.9681001344094289
10.905452726363182,-1.9818122069937747
10.930465232616308,-1.9193717442865188
10.955477738869435,-1.9184006427526412
10.980490245122562,-1.9684301159129878
11.005502751375689,-1.9295100366943185
11.030515257628814,-1.9933372920753358
11.05552776388194,-1.957797614674382
11.080540270135067,-1.9894523338181507
11.105552776388194,-1.9343109290886218
11.13056528264132,-1.9764551177103513
11.155577788894448,-1.9246113513688798
11.180590295147574,-1.8848057476526012
11.205602801400701,-1.9284232868722135
11.230615307653826,-1.8648994378275416
11.255627813906953,-1.895940970687512
11.28064032016008,-1.8968250972292275
11.305652826413207,-1.83812487425695
11.330665332666333,-1.865720681950139
11.35567783891946,-1.8437748607633855
11.380690345172587,-1.77487546192912
11.405702851425714,-1.8110052891850577
11.430715357678839,-1.787140648799107
11.455727863931966,-1.7702319606197487
11.480740370185092,-1.699353761870772
11.505752876438219,-1.72620386678634
11.530765382691346,-1.6550412197821993
11.555777888944473,-1.6545459500205935
11.5807903951976,-1.5827661556079986
11.605802901450726,-1.6220534551891441
11.630815407703851,-1.553408113440004
11.655827913956978,-1.5092137330794129
11.680840420210105,-1.509936776374447
11.705852926463232,-1.5054023652149322
11.730865432716358,-1.4188348613577635
11.755877938969485,-1.3536021325006384
11.780890445222612,-1.3531190889797509
11.805902951475737,-1.3650600210817398
11.830915457728864,-1.2741177268276018
11.85592796398199,-1.264871333183926
11.880940470235117,-1.1777539999673585
11.905952976488244,-1.1405193816605403
11.930965482741371,-1.1419103489539248
11.955977988994498,-1.0923246212279767
11.980990495247624,-1.081109757303277
12.00600300150075,-1.0361114977226418
12.031015507753876,-1.0112980196139905
12.056028014007003,-0.9123833535196721
12.08104052026013,-0.8707502762936626
12.106053026513257,-0.7950471722516731
12.131065532766383,-0.8033601862323093
12.15607803901951,-0.7185324993687173
12.181090545272637,-0.6839864791007916
12.206103051525762,-0.6389439833073026
12.231115557778889,-0.6064065452019907
12.256128064032016,-0.5389453372583358
12.281140570285142,-0.5223902938868616
12.30615307653827,-0.5133624386699878
12.331165582791396,-0.4078253537426769
12.356178089044523,-0.3830408645242972
12.38119059529765,-0.32929176833549784
12.406203101550775,-0.25917265885359514
12.431215607803901,-0.18529058535285475
12.456228114057028,-0.19381161358905868
12.481240620310155,-0.09478318456709929
12.506253126563282,-0.0686754969380243
12.531265632816408,-0.016013474518699014
12.556278139069535,0.0099050349014916
12.581290645322662,0.030642447410387047
12.606303151575787,0.13531624508458312
12.631315657828914,0.15819032662264804
12.65632816408204,0.22233432575797404
12.681340670335167,0.2735723629855609
12.706353176588294,0.2856459067597963
12.731365682841421,0.39748927026869324
12.756378189094548,0.42284118198618137
12.781390695347675,0.49552492753116584
12.8064032016008,0.5507738491472804
12.831415707853926,0.5514810380680385
12.856428214107053,0.6660637622613217
12.88144072036018,0.6466888302559077
12.906453226613307,0.755338103100418
12.931465732866434,0.7969958457796966
12.95647823911956,0.8240635777040598
12.981490745372687,0.8839147748483861
13.006503251625812,0.8578588623874877
13.031515757878939,0.9759443083183912
13.056528264132066,1.0105281878128727
13.081540770385192,1.0666632068063808
13.10655327663832,1.1157425070901736
13.131565782891446,1.0916019672319135
13.156578289144573,1.1987491025361763
13.1815907953977,1.2019380906497095
13.206603301650825,1.2508954091909597
13.231615807903951,1.3209623559498995
13.256628314157078,1.3491667135713286
13.281640820410205,1.3879276784477332
13.306653326663332,1.3612323656593344
13.331665832916459,1.4485188808519964
13.356678339169585,1.4315354490359673
13.381690845422712,1.5165078892338761
13.406703351675837,1.5879301280959783
13.431715857928964,1.5328892922963295
13.45672836418209,1.597845308013574
13.481740870435218,1.6265778006362617
13.506753376688344,1.6261924187351104
13.531765882941471,1.674975758624284
13.556778389194598,1.7083699975848459
13.581790895447725,1.746068377013086
13.60680340170085,1.8213969337793376
13.631815907953976,1.7791279391540473
13.656828414207103,1.8323080657912043
13.68184092046023,1.8619126282811767
13.706853426713357,1.9053018799321948
13.731865932966484,1.9233844818339068
13.75687843921961,1.9382476010411116
13.781890945472737,1.9632958245899204
13.806903451725862,1.9181787059388904
13.831915957978989,1.909944363102375
13.856928464232116,1.9646954686871574
13.881940970485243,1.9457902494658765
13.90695347673837,1.9967282889318698
13.931965982991496,1.9988197604229536
13.956978489244623,2.01961765230927
13.98199099549775,2.0373673385365305
14.007003501750875,2.0320453074961726
14.032016008004002,1.9970485418681245
14.057028514257128,2.004272240561787
14.082041020510255,2.0317498044174487
14.107053526763382,2.0329098404149626
14.132066033016509,2.0745726751258933
14.157078539269635,2.0703169430734922
14.182091045522762,2.027917557845207
14.207103551775887,2.0063498302289475
14.232116058029014,2.0650654640886974
14.25712856428214,2.0081729961617154
14.282141070535268,2.0454881638350644
14.307153576788394,2.0535123300283846
14.332166083041521,1.979753797434367
14.357178589294648,1.969152162852402
14.382191095547775,1.9972509652126753
14.4072036018009,1.985655079093176
14.432216108054027,2.006043394748482
14.457228614307153,1.9789255258413585
14.48224112056028,1.8892205668967328
14.507253626813407,1.9012826705651482
14.532266133066534,1.9231716515154273
14.55727863931966,1.8470475122994028
14.582291145572787,1.816178656406364
14.607303651825912,1.8339492802602608
14.632316158079039,1.808128148920714
14.657328664332166,1.8019446026045578
14.682341170585293,1.803710853222003
14.70735367683842,1.7768224576345713
14.732366183091546,1.693236349664453
14.757378689344673,1.700163500284572
14.782391195597798,1.6975495671312704
14.807403701850925,1.6028740526748055
14.832416208104052,1.5407570413274878
14.857428714357178,1.5745822054435075
14.882441220610305,1.499939560336789
14.907453726863432,1.5323892021691432
14.932466233116559,1.4987078413150832
14.957478739369686,1.4048383002882834
14.98249124562281,1.3976226838246213
15.007503751875937,1.3013894857687323
15.032516258129064,1.2972292447993679
15.057528764382191,1.281850240988906
15.082541270635318,1.1934911686767304
15.107553776888444,1.1619788022807798
15.132566283141571,1.1621332031897942
15.157578789394698,1.056452078805851
15.182591295647823,1.100719926043432
15.20760380190095,1.050870684535874
15.232616308154077,0.9381134332488582
15.257628814407203,0.9426450547979631
15.28264132066033,0.8392783015938009
15.307653826913457,0.8206018007114969
15.332666333166584,0.7901343599327423
15.35767883941971,0.7572372899440053
15.382691345672836,0.7027231812141326
15.407703851925962,0.6053815834672635
15.43271635817909,0.6123061907205498
15.457728864432216,0.5274906941890459
15.482741370685343,0.500154619393887
15.50775387693847,0.44839092614999154
15.532766383191596,0.4247708225506933
15.557778889444723,0.3743399676631193
15.582791395697848,0.2905180676918707
15.607803901950975,0.22469779647293042
15.632816408204102,0.16621464676016762
15.657828914457228,0.19351477237248116
15.682841420710355,0.08606415708019861
15.707853926963482,0.018884241891226786
15.732866433216609,0.011603424629440591
15.757878939469736,-0.002782064959627281
15.78289144572286,-0.12628998052644608
15.807903951975987,-0.1810314743153074
15.832916458229114,-0.24766641628930178
15.857928964482241,-0.2603262986113639
15.882941470735368,-0.2998251012278954
15.907953976988495,-0.3352327714728308
15.932966483241621,-0.40394785519736537
15.957978989494748,-0.4370140167966556
15.982991495747873,-0.4864168872003774
16.008004002001,-0.5371221963410984
16.03301650825413,-0.5989027607809673
16.058029014507255,-0.6824379050373666
16.08304152076038,-0.7013371719791537
16.108054027013505,-0.7752931969527385
16.133066533266632,-0.8055624658635239
16.15807903951976,-0.8237038625857795
16.183091545772886,-0.9132429253098117
16.208104052026012,-0.8817794888567541
16.23311655827914,-0.9234471375144382
16.258129064532266,-0.9819983549642437
16.283141570785393,-1.0776163904695124
16.30815407703852,-1.0890388041886312
16.333166583291646,-1.1497158277531498
16.358179089544773,-1.1876617165300511
16.3831915957979,-1.233302323954983
16.408204102051027,-1.2807807634511124
16.433216608304154,-1.2924888152490346
16.45822911455728,-1.2985448072625847
16.483241620810404,-1.341172250399573
16.50825412706353,-1.3368834632761608
16.533266633316657,-1.4227177134911932
16.558279139569784,-1.4561098676491433
16.58329164582291,-1.529244621122354
16.608304152076037,-1.4897503048669933
16.633316658329164,-1.5747096473831617
16.65832916458229,-1.6005758453491528
16.683341670835418,-1.6262710789529842
16.708354177088545,-1.6325480227688727
16.73336668334167,-1.6118779111320987
16.758379189594798,-1.6987775886649856
16.783391695847925,-1.700052867003358
16.808404202101052,-1.7811063750107126
16.83341670835418,-1.7818926283322991
16.858429214607305,-1.8065448595406342
16.88344172086043,-1.8026070736289805
16.908454227113555,-1.8505213687262994
16.933466733366682,-1.8195904242088816
16.95847923961981,-1.8183022602079335
16.983491745872936,-1.8537347293577597
17.008504252126063,-1.8948199616697603
17.03351675837919,-1.9118457933634245
17.058529264632316,-1.8607216036857461
17.083541770885443,-1.9209398058028753
17.10855427713857,-1.9431440751497522
17.133566783391696,-1.9555082536268156
17.158579289644823,-1.940129125048071
17.18359179589795,-1.927824534477362
17.208604302151077,-1.960703045413979
17.233616808404204,-1.9852298673079645
17.25862931465733,-1.9073876411568185
17.283641820910454,-1.9833885297104425
17.30865432716358,-1.9875196408018063
17.333666833416707,-1.9398281319848933
17.358679339669834,-1.9668786365413262
17.38369184592296,-1.9462817652670845
17.408704352176088,-1.951952740726878
17.433716858429214,-1.9305113185674032
17.45872936468234,-1.916865889835777
17.483741870935468,-1.8782097848164654
17.508754377188595,-1.9146606485226323
17.53376688344172,-1.9258547400267838
17.55877938969485,-1.8932951601480936
17.583791895947975,-1.8088013138123318
17.608804402201102,-1.809625638853769
17.63381690845423,-1.8259550408786571
17.658829414707352,-1.805518209803886
17.68384192096048,-1.8235719932614707
17.708854427213605,-1.773014692121364
17.733866933466732,-1.715150973089817
17.75887943971986,-1.7367186388089373
17.783891945972986,-1.7501552311488966
17.808904452226113,-1.6748138023001697
17.83391695847924,-1.6259727726987034
17.858929464732366,-1.5955103546674982
17.883941970985493,-1.633633008664995
17.90895447723862,-1.577833222559298
17.933966983491747,-1.524905664907053
17.958979489744873,-1.5539634395715651
17.983991995998,-1.4552607306674132
18.009004502251127,-1.4798517606182193
18.034017008504254,-1.3716544952126144
18.059029514757377,-1.4189605373687688
18.084042021010504,-1.3318147247087535
18.10905452726363,-1.278813812487556
18.134067033516757,-1.2460372843530012
18.159079539769884,-1.2360995869105913
18.18409204602301,-1.1794828293196291
18.209104552276138,-1.156544272707155
18.234117058529264,-1.0564308943822942
18.25912956478239,-1.0289025472293378
18.284142071035518,-0.9781526619263075
18.309154577288645,-0.9901973453657078
18.33416708354177,-0.8945551163484867
18.3591795897949,-0.9207957193494724
18.384192096048025,-0.8718912768534706
18.409204602301152,-0.8082885865601341
18.43421710855428,-0.7872286772634725
18.459229614807402,-0.7327034498303987
18.48424212106053,-0.7141511949027362
18.509254627313656,-0.6315480559456499
18.534267133566782,-0.5320253614161432
18.55927963981991,-0.5523737224805715
18.584292146073036,-0.5212938113648373
18.609304652326163,-0.458755816459123
18.63431715857929,-0.3694810927704471
18.659329664832416,-0.33084021807940317
18.684342171085543,-0.24091205721855513
18.70935467733867,-0.23328129118010196
18.734367183591797,-0.1440332187966143
18.759379689844923,-0.1332508602463403
18.78439219609805,-0.0753569780889404
18.809404702351177,-0.022905450538179002
18.834417208604304,0.05566042575337819
18.859429714857427,0.11511184754052342
18.884442221110554,0.10297923331096417
18.90945472736368,0.19313984696573794
18.934467233616807,0.23344601713446234
18.959479739869934,0.2974181115582869
18.98449224612306,0.2812255853136312
19.009504752376188,0.33183182770707376
19.034517258629315,0.4660570994058897
19.05952976488244,0.4820813205883679
19.084542271135568,0.4699180696153564
19.109554777388695,0.6024487703641288
19.13456728364182,0.5798967398277195
19.15957978989495,0.7017966155561541
19.184592296148075,0.7284515512269955
19.209604802401202,0.7408756596621762
19.23461730865433,0.7551566983077369
19.259629814907452,0.8382025767055638
19.28464232116058,0.9122040796500626
19.309654827413706,0.9458070498231815
19.334667333666832,0.998556854472187
19.35967983991996,0.9950700321942941
19.384692346173086,1.0965950629947245
19.409704852426213,1.1555419792524206
19.43471735867934,1.1541218456605626
19.459729864932466,1.1742461439529632
19.484742371185593,1.2785826310814057
19.50975487743872,1.3195428091494081
19.534767383691847,1.3368562521209486
19.559779889944974,1.3502856414077882
19.5847923961981,1.4216680777076007
19.609804902451227,1.426490218707325
19.634817408704354,1.512771496579734
19.659829914957477,1.4563082276884136
19.684842421210604,1.5523149922588328
19.70985492746373,1.5383276276729687
19.734867433716857,1.6479468048842694
19.759879939969984,1.6270812948791853
19.78489244622311,1.708556543090737
19.809904952476238,1.7254310698553275
19.834917458729365,1.7035397389326752
19.85992996498249,1.6959788383419396
19.884942471235618,1.7700963039447661
19.909954977488745,1.842363647628253
19.93496748374187,1.8305082043907541
19.959979989995,1.8310322614269796
19.984992496248125,1.8832729037582183
20.010005002501252,1.8509403289694333
20.03501750875438,1.9334972272975253
20.060030015007502,1.9365643108539117
20.08504252126063,1.9788849209150179
20.110055027513756,1.9543693748427307
20.135067533766883,1.9417380115448057
20.16008004002001,1.9960950083963622
20.185092546273136,1.970242322783502
20.210105052526263,2.026897355156816
20.23511755877939,2.004741303820653
20.260130065032516,2.0565031848893813
20.285142571285643,2.012740498599494
20.31015507753877,1.9884872284823385
20.335167583791897,2.02858789185548
20.360180090045024,2.0657535505218
20.38519259629815,2.0183803626795083
20.410205102551277,2.004707140420059
20.435217608804404,2.01318420968906
20.460230115057527,2.0143568803076217
20.485242621310654,2.0205219156875907
20.51025512756378,2.0643006294789847
20.535267633816908,2.0350678859845757
20.560280140070034,2.046995679167273
20.58529264632316,1.991642002842908
20.610305152576288,2.053036840798697
20.635317658829415,2.008421054155636
20.66033016508254,1.9558310203074303
20.68534267133567,1.9513632153484377
20.710355177588795,1.9897681269886556
20.735367683841922,1.9916140243709841
20.76038019009505,1.9207694314689956
20.785392696348175,1.9394344532833283
20.810405202601302,1.8896332300392298
20.835417708854425,1.9097729013114937
20.860430215107552,1.8116172842901315
20.88544272136068,1.8841272732858863
20.910455227613806,1.8467489995835473
20.935467733866933,1.8316148381529502
20.96048024012006,1.7221697972511096
20.985492746373186,1.7085264878355775
21.010505252626313,1.7329642716650004
21.03551775887944,1.7287680943403114
21.060530265132567,1.6167226659500238
21.085542771385693,1.5745554604796017
21.11055527763882,1.5707718153851626
21.135567783891947,1.596268585181424
21.160580290145074,1.5596897516128767
21.1855927963982,1.5341309335494797
21.210605302651327,1.4081871344553427
21.23561780890445,1.4266338214936742
21.260630315157577,1.3543218524041345
21.285642821410704,1.3141908840649905
21.31065532766383,1.3512908978417126
21.335667833916958,1.2525383027179495
21.360680340170084,1.2294099645731673
21.38569284642321,1.173951730782336
21.410705352676338,1.1357732180003548
21.435717858929465,1.0648860506934712
21.46073036518259,1.0230889054556953
21.48574287143572,0.968469396926819
21.510755377688845,0.9856138206990375
21.535767883941972,0.975882770786611
21.5607803901951,0.8418801196046672
21.585792896448226,0.8117003604561677
21.610805402701352,0.8017448579325985
21.635817908954476,0.7700595383587525
21.660830415207602,0.7112470340609162
21.68584292146073,0.6157371579326725
21.710855427713856,0.5671114007991012
21.735867933966983,0.5115000117817597
21.76088044022011,0.46092882335622554
21.785892946473236,0.4675557416040813
21.810905452726363,0.439421027470046
21.83591795897949,0.4002023594760666
21.860930465232617,0.29881508718661115
21.885942971485743,0.22627488307803748
21.91095547773887,0.2467307189079329
21.935967983991997,0.12087556029118388
21.960980490245124,0.06116629763082742
21.98599299649825,0.10956671665522134
22.011005502751377,-0.028078728812409866
22.0360180090045,-0.07862343205797499
22.061030515257627,-0.11229310163582114
22.086043021510754,-0.10941143844277171
22.11105552776388,-0.1512344001951425
22.136068034017008,-0.25911593056593657
22.161080540270135,-0.2583343159787329
22.18609304652326,-0.35724274633968445
22.211105552776388,-0.37045292209403485
22.236118059029515,-0.41280919735551774
22.26113056528264,-0.4768285551535286
22.28614307153577,-0.5280438922972696
22.311155577788895,-0.5348664364781621
22.336168084042022,-0.6419983632703712
22.36118059029515,-0.6959488381294476
22.386193096548276,-0.7450107830785213
22.411205602801402,-0.8148526243004185
22.436218109054526,-0.8359689127026834
22.461230615307652,-0.8609091478787898
22.48624312156078,-0.8845959049428644
22.511255627813906,-0.9739455271327013
22.536268134067033,-0.9784521771484715
22.56128064032016,-1.0012554919234233
22.586293146573286,-1.030215121315371
22.611305652826413,-1.0633326195264203
22.63631815907954,-1.1736536837236404
22.661330665332667,-1.169231163300064
22.686343171585793,-1.2086391942549892
22.71135567783892,-1.2455643616359278
22.736368184092047,-1.2824012714238677
22.761380690345174,-1.2954119171171607
22.7863931965983,-1.35526140844575
22.811405702851427,-1.4140082009211317
22.83641820910455,-1.4787367816437302
22.861430715357677,-1.4820364518464106
22.886443221610804,-1.510131407487157
22.91145572786393,-1.496607486150884
22.936468234117058,-1.5701070748715578
22.961480740370185,-1.610878953352138
22.98649324662331,-1.6565864799283625
23.011505752876438,-1.6286007435278718
23.036518259129565,-1.6387603392287895
23.06153076538269,-1.6865534583634616
23.08654327163582,-1.7412125826292426
23.111555777888945,-1.7641320584161087
23.136568284142072,-1.785974383634816
23.1615807903952,-1.8075385402696171
23.186593296648326,-1.8085638385676501
23.211605802901452,-1.783605977432174
23.236618309154576,-1.8531915036881672
23.261630815407702,-1.8148679327141668
23.28664332166083,-1.8753303191893052
23.311655827913956,-1.8682735682119507
23.336668334167083,-1.8778576011486172
23.36168084042021,-1.906357440468456
23.386693346673336,-1.901526780143185
23.411705852926463,-1.90535027609959
23.43671835917959,-1.9690658913929717
23.461730865432717,-1.9066556336416467
23.486743371685844,-1.9682984471985678
23.51175587793897,-1.916924713657517
23.536768384192097,-1.993242834183863
23.561780890445224,-1.9713540933005185
23.58679339669835,-1.9448960462875096
23.611805902951474,-1.971663037246981
23.6368184092046,-1.989714504280106
23.661830915457728,-1.9307050192371136
23.686843421710854,-1.9411274921588646
23.71185592796398,-1.9135322468740756
23.736868434217108,-1.9249269477533404
23.761880940470235,-1.8732124368941228
23.78689344672336,-1.9217127563849838
23.81190595297649,-1.898619725419736
23.836918459229615,-1.9058366470636012
23.861930965482742,-1.8934035302683305
23.88694347173587,-1.8844338347511944
23.911955977988995,-1.8777599078338374
23.936968484242122,-1.7989347464275096
23.96198099049525,-1.7453051011813474
23.986993496748376,-1.7506899124872892
24.0120060030015,-1.7014300553777593
24.037018509254626,-1.7466707384881224
24.062031015507753,-1.7127010344238234
24.08704352176088,-1.7237089856997139
24.112056028014006,-1.6190595896272206
24.137068534267133,-1.5905766010170725
24.16208104052026,-1.6432490602496987
24.187093546773387,-1.5493508953351611
24.212106053026513,-1.5888869089668327
24.23711855927964,-1.4616971629477564
24.262131065532767,-1.4854333105555984
24.287143571785894,-1.4059091595852025
24.31215607803902,-1.3926453148555944
24.337168584292147,-1.4052540602245673
24.362181090545274,-1.3359918172281722
24.3871935967984,-1.27495508030283
24.412206103051524,-1.2940129930574529
24.43721860930465,-1.2170370067894742
24.462231115557778,-1.222115621178263
24.487243621810904,-1.195681810875299
24.51225612806403,-1.146949341086904
24.537268634317158,-1.0498900220312526
24.562281140570285,-1.0417172637967487
24.58729364682341,-0.9671017468006977
24.61230615307654,-0.9820475905938886
24.637318659329665,-0.9231833512024142
24.662331165582792,-0.8206961978041066
24.68734367183592,-0.8202854490614744
24.712356178089045,-0.813039823067078
24.737368684342172,-0.7640799263902259
24.7623811905953,-0.6378238392186406
24.787393696848426,-0.5906772443607466
24.81240620310155,-0.6192983223207589
24.837418709354676,-0.5598141837126358
24.862431215607803,-0.52235306184823
24.88744372186093,-0.47427073543161863
24.912456228114056,-0.37874467404426226
24.937468734367183,-0.3819434283635544
24.96248124062031,-0.30593818786214905
24.987493746873437,-0.22446129749621446
25.012506253126563,-0.2160973406967383
25.03751875937969,-0.16351401638612478
25.062531265632817,-0.04318125812024598
25.087543771885944,-0.07821977076164831
25.11255627813907,0.05764463715912019
25.137568784392197,0.011690363007136502
25.162581290645324,0.07647685916090338
25.18759379689845,0.14686986592934004
25.212606303151574,0.22085519667248807
25.2376188094047,0.2246850823392343
25.262631315657828,0.3052401908209479
25.287643821910955,0.3359105232435616
25.31265632816408,0.42774964444947056
25.337668834417208,0.46413103618022145
25.362681340670335,0.5233607323826412
25.38769384692346,0.5744429135180741
25.41270635317659,0.6418322193902416
25.437718859429715,0.6223466894891326
25.462731365682842,0.6493237559881991
25.48774387193597,0.7383930600358044
25.512756378189096,0.8089169420144491
25.537768884442222,0.8538863868728005
25.56278139069535,0.8811469812186474
25.587793896948476,0.9346185287245373
25.6128064032016,0.9780859159681741
25.637818909454726,1.0389346805360236
25.662831415707853,1.0740577264827893
25.68784392196098,1.1472062180800475
25.712856428214106,1.1250669304259027
25.737868934467233,1.1856153773618718
25.76288144072036,1.2688932714748178
25.787893946973487,1.2868198960483583
25.812906453226613,1.3004639499016108
25.83791895947974,1.3400727156444667
25.862931465732867,1.3935036446953466
25.887943971985994,1.430398123374561
25.91295647823912,1.4593083002529152
25.937968984492247,1.4503150710623747
25.962981490745374,1.5501350791710762
25.9879939969985,1.5965553554023835
26.013006503251624,1.5678126820734228
26.03801900950475,1.6487223680135414
26.063031515757878,1.622940261034978
26.088044022011005,1.6851941860443571
26.11305652826413,1.7170731925956368
26.138069034517258,1.7599970813473527
26.163081540770385,1.730827062054434
26.18809404702351,1.7749354545627993
26.21310655327664,1.7721916796072126
26.238119059529765,1.8670227881814687
26.263131565782892,1.8508654500609987
26.28814407203602,1.8832024909175313
26.313156578289146,1.8589812459764181
26.338169084542272,1.9115566610669323
26.3631815907954,1.9461444985686809
26.388194097048526,1.9285732139619147
26.41320660330165,1.9756806488096852
26.438219109554776,1.9717089959226144
26.463231615807903,1.9496496387803384
26.48824412206103,2.0138398903924366
26.513256628314156,2.020928954218734
26.538269134567283,2.0255611940239517
26.56328164082041,2.0317488722282206
26.588294147073537,2.0169828093759894
26.613306653326664,2.0578890653724886
26.63831915957979,2.035003619290857
26.663331665832917,2.0593434382935047
26.688344172086044,2.085597475767422
26.71335667833917,2.0767174744564265
26.738369184592298,2.0146312689668635
26.763381690845424,1.9981243172146672
26.788394197098548,2.0363578217324108
26.813406703351674,2.0847760839710654
26.8384192096048,2.0501213006203494
26.863431715857928,2.003909649070265
26.888444222111055,2.048144948705981
26.91345672836418,2.041530857642897
26.93846923461731,1.9736060356060867
26.963481740870435,1.9515181322058253
26.988494247123562,1.9820508247967532
27.01350675337669,1.9326574397973013
27.038519259629815,1.9379586534135227
27.063531765882942,1.9293121973517224
27.08854427213607,1.893132488654212
27.113556778389196,1.849032263255809
27.138569284642323,1.844057585217423
27.16358179089545,1.8120782188195261
27.188594297148573,1.801653376403068
27.2136068034017,1.7700554326965794
27.238619309654826,1.7817959707583273
27.263631815907953,1.789431218844543
27.28864432216108,1.6809797652856013
27.313656828414207,1.688740971131912
27.338669334667333,1.6162641329928171
27.36368184092046,1.646464309120515
27.388694347173587,1.582820605780326
27.413706853426714,1.5508690285355198
27.43871935967984,1.537896017302211
27.463731865932967,1.5489531441577746
27.488744372186094,1.4441768265232247
27.51375687843922,1.395136502885012
27.538769384692348,1.4412044704810818
27.563781890945474,1.3879878421302903
27.588794397198598,1.3468311716556536
27.613806903451724,1.2479939376081939
27.63881940970485,1.2675697548018954
27.663831915957978,1.2040635845664087
27.688844422211105,1.1375608938084405
27.71385692846423,1.1495245084966115
27.73886943471736,1.0209695309061595
27.763881940970485,1.0379869396123216
27.788894447223612,1.0311672121559499
27.81390695347674,0.9582325994267646
27.838919459729865,0.9136993996911198
27.863931965982992,0.8887757601460806
27.88894447223612,0.822446227026127
27.913956978489246,0.770127210852009
27.938969484742373,0.7523467541711336
27.9639819909955,0.6360792343603824
27.988994497248623,0.5939085563981513
28.01400700350175,0.5376451500207832
28.039019509754876,0.5160410992360233
28.064032016008003,0.4322533937089123
28.08904452226113,0.37373381573822134
28.114057028514257,0.3454457533390419
28.139069534767383,0.27959881396236524
28.16408204102051,0.3005374607545463
28.189094547273637,0.19048964794705173
28.214107053526764,0.19964422356269115
28.23911955977989,0.1281765117920371
28.264132066033017,0.03110969343505815
28.289144572286144,0.004066131144194535
28.31415707853927,-0.06743514976146052
28.339169584792398,-0.09288319855378144
28.364182091045524,-0.09512043814769858
28.389194597298648,-0.18229928277695062
28.414207103551774,-0.24184893977043687
28.4392196098049,-0.2923636888681299
28.464232116058028,-0.33635103944544414
28.489244622311155,-0.4022159727345354
28.51425712856428,-0.4309957439711483
28.53926963481741,-0.5034890094764661
28.564282141070535,-0.5456092927091015
28.589294647323662,-0.5603341822059452
28.61430715357679,-0.6291174659360054
28.639319659829916,-0.6802642294873382
28.664332166083042,-0.6944004458648062
28.68934467233617,-0.7423174634388527
28.714357178589296,-0.7916892769676127
28.739369684842423,-0.8287299735287103
28.76438219109555,-0.93487293938854
28.789394697348673,-0.9642906895983786
28.8144072036018,-1.0024669933556603
28.839419709854926,-1.0594142540325808
28.864432216108053,-1.1048628650990424
28.88944472236118,-1.1540501049091765
28.914457228614307,-1.12098614000691
28.939469734867433,-1.1908833666365348
28.96448224112056,-1.2109908852514528
28.989494747373687,-1.2253167228112898
29.014507253626814,-1.2758585700200393
29.03951975987994,-1.3706287905195471
29.064532266133067,-1.3878136658811653
29.089544772386194,-1.4466739163791813
29.11455727863932,-1.409422709158455
29.139569784892448,-1.5076184243929034
29.164582291145575,-1.457644147946083
29.189594797398698,-1.5651639934097967
29.214607303651825,-1.5183663165924821
29.23961980990495,-1.572189796072768
29.264632316158078,-1.62268665927714
29.289644822411205,-1.6450452152376265
29.31465732866433,-1.7108010266967757
29.33966983491746,-1.7240711212384001
29.364682341170585,-1.7343664704273276
29.389694847423712,-1.7041977271470425
29.41470735367684,-1.7233344416308063
29.439719859929966,-1.8257157008156721
29.464732366183092,-1.7833729834273393
29.48974487243622,-1.8169804486888261
29.514757378689346,-1.8320371671594526
29.539769884942473,-1.9014306617841163
29.564782391195596,-1.8273502162733588
29.589794897448723,-1.8515309273976523
29.61480740370185,-1.852358652453526
29.639819909954976,-1.9197274693886324
29.664832416208103,-1.9060330016993532
29.68984492246123,-1.890007595830562
29.714857428714357,-1.9270773739458897
29.739869934967484,-1.9509566386791322
29.76488244122061,-1.96179697143709
29.789894947473737,-1.9082886346839822
29.814907453726864,-1.9822814866818255
29.83991995997999,-1.9484421340725069
29.864932466233117,-1.9028261784687925
29.889944972486244,-1.8986528099591358
29.91495747873937,-1.895331267364371
29.939969984992498,-1.911564510830404
29.96498249124562,-1.8952190290367434
29.989994997498748,-1.9437886609645927
30.015007503751875,-1.966237653178149
30.040020010005,-1.9553329061940623
30.06503251625813,-1.8924749931989413
30.090045022511255,-1.8916486605971266
30.115057528764382,-1.8989173623260283
30.14007003501751,-1.8949542763987328
30.165082541270635,-1.8516813625555761
30.190095047523762,-1.7824066781910692
30.21510755377689,-1.8394545830488878
30.240120060030016,-1.8103412235021785
30.265132566283143,-1.7523852281965018
30.29014507253627,-1.7988779503303522
30.315157578789396,-1.7314098612833895
30.340170085042523,-1.7131532064144157
30.365182591295646,-1.6741396346864303
30.390195097548773,-1.618396743484514
30.4152076038019,-1.6746609382129125
30.440220110055026,-1.6375431839744348
30.465232616308153,-1.5869162805923527
30.49024512256128,-1.5185936338320898
30.515257628814407,-1.5013301768147025
30.540270135067534,-1.4707793120189279
30.56528264132066,-1.4953911768985895
30.590295147573787,-1.4699325315740734
30.615307653826914,-1.3361377874031188
30.64032016008004,-1.3326828508265665
30.665332666333168,-1.3140476511680517
30.690345172586294,-1.2348216622213406
30.71535767883942,-1.2032231475802184
30.740370185092548,-1.2199638223524574
30.76538269134567,-1.1250529776533587
30.790395197598798,-1.1059456571384199
30.815407703851925,-1.0392677832859356
30.84042021010505,-1.0642201599482712
30.86543271635818,-0.9938590461827042
30.890445222611305,-0.9999868911305805
30.915457728864432,-0.8748621691938414
30.94047023511756,-0.9079820881899487
30.965482741370685,-0.8588323543380728
30.990495247623812,-0.8070742364404488
31.01550775387694,-0.7135553697219787
31.040520260130066,-0.7234013347867054
31.065532766383193,-0.6762820025756862
31.09054527263632,-0.6263965914454257
31.115557778889446,-0.590461899818729
31.140570285142573,-0.46933428911802477
31.165582791395696,-0.465324638406698
31.190595297648823,-0.39037359072934413
31.21560780390195,-0.3303628029409144
31.240620310155077,-0.26753227560225445
31.265632816408203,-0.23440789988682637
31.29064532266133,-0.17183238377079485
31.315657828914457,-0.1797459390529009
31.340670335167584,-0.05405601904704441
31.36568284142071,-0.09088513501123713
31.390695347673837,0.007098073973291388
31.415707853926964,0.02820420260235727
31.44072036018009,0.06702395038752085
31.465732866433218,0.10886127290437216
31.490745372686344,0.17413693284611426
31.51575787893947,0.22620468823464637
31.540770385192598,0.3219714652760614
31.56578289144572,0.33994763664946964
31.590795397698848,0.3838901295424518
31.615807903951975,0.43971909848891344
31.6408204102051,0.48294717893400074
31.66583291645823,0.5738289940174005
31.690845422711355,0.561785704166489
31.715857928964482,0.6135329835244916
31.74087043521761,0.6580366796838031
31.765882941470736,0.7253667505245307
31.790895447723862,0.8188422969055683
31.81590795397699,0.7872094879082264
31.840920460230116,0.8810811747914266
31.865932966483243,0.8861540419894729
31.89094547273637,0.9690744646637663
31.915957978989496,1.0493489075990672
31.940970485242623,1.1013646621345612
31.965982991495746,1.1393558906324108
31.990995497748873,1.1044920840685932
32.016008004002,1.1994343267037122
32.04102051025513,1.224706961044001
32.06603301650826,1.289535891114468
32.091045522761384,1.2837197245173715
32.11605802901451,1.3591710645040445
32.14107053526764,1.366502746879845
32.16608304152076,1.44493715423262
32.191095547773884,1.4622871485386855
32.21610805402701,1.4798893028366946
32.24112056028014,1.5112159357088508
32.266133066533264,1.5237213574446467
32.29114557278639,1.6298942835282588
32.31615807903952,1.6174367376845722
32.341170585292645,1.683978654381077
32.36618309154577,1.6875517760389038
32.3911955977989,1.6630497699208808
32.416208104052025,1.7328532265642809
32.44122061030515,1.7704224557618213
32.46623311655828,1.776987358879988
32.491245622811405,1.767485427402258
32.51625812906453,1.812933232674075
32.54127063531766,1.8837621111896978
32.566283141570786,1.8996587859385459
32.59129564782391,1.9350345870927232
32.61630815407704,1.9324816487221814
32.641320660330166,1.8880222490949914
32.66633316658329,1.9399543820909235
32.69134567283642,1.9522672801983603
32.716358179089546,2.01980398971755
32.74137068534267,2.0302588498262923
32.7663831915958,2.045479428089395
32.79139569784893,2.0099322614711976
32.81640820410205,2.042454737524336
32.84142071035518,1.992395645248727
32.86643321660831,2.07617901485695
32.891445722861434,2.071004447518246
32.91645822911456,2.0176200441286807
32.94147073536768,2.0745501100047843
32.96648324162081,2.0344661914861892
32.991495747873934,2.0278290942591592
33.01650825412706,2.0302238025355708
33.04152076038019,2.0210218676163394
33.066533266633314,2.068136844255019
33.09154577288644,1.9978472795008464
33.11655827913957,2.0457735865901836
33.141570785392695,2.0587620962946733
33.16658329164582,2.001357194638301
33.19159579789895,2.040046554677784
33.216608304152075,1.9567361271022254
33.2416208104052,2.0297181442669516
33.26663331665833,1.9863129557305228
33.291645822911455,1.9236511907722866
33.31665832916458,1.9141918198193768
33.34167083541771,1.900938197832835
33.366683341670836,1.9258226927899655
33.39169584792396,1.9048870735233787
33.41670835417709,1.8619956644282523
33.441720860430216,1.885906873382757
33.46673336668334,1.860470435897433
33.49174587293647,1.823476133338587
33.516758379189596,1.7815067277346364
33.54177088544272,1.792689823207605
33.56678339169585,1.7533754477216088
33.59179589794898,1.7101565698919332
33.616808404202104,1.684053747491054
33.64182091045523,1.6448305064929625
33.66683341670836,1.6381352404529308
33.691845922961484,1.5514112687322281
33.71685842921461,1.5838284099959754
33.74187093546773,1.4689112997742193
33.76688344172086,1.4574326721694095
33.791895947973984,1.406280983296429
33.81690845422711,1.4402777595086065
33.84192096048024,1.386654789854101
33.866933466733364,1.332467998656785
33.89194597298649,1.251749863826969
33.91695847923962,1.2176685358767083
33.941970985492745,1.1994922845003397
33.96698349174587,1.185922258935881
33.991995997999,1.1514875026773361
34.017008504252125,1.1158324855299688
34.04202101050525,1.025737299023186
34.06703351675838,0.9667388611390166
34.092046023011505,0.917294026067387
34.11705852926463,0.9259152104816049
34.14207103551776,0.8554442209335407
34.167083541770886,0.7822100794215453
34.19209604802401,0.7978731232596288
34.21710855427714,0.6757605109183583
34.242121060530266,0.7140311673309608
34.26713356678339,0.6095224945411423
34.29214607303652,0.5867150848480024
34.31715857928965,0.5211897576981398
34.34217108554277,0.4645582239465679
34.3671835917959,0.4743593862965892
34.39219609804903,0.37305469259269414
34.417208604302154,0.359891853998302
34.44222111055528,0.3111407664582361
34.46723361680841,0.2708759803178047
34.492246123061534,0.13439297448512874
34.51725862931466,0.1277654884076152
34.54227113556778,0.08626429869432083
34.56728364182091,-0.00976504044135599
34.592296148074034,-0.05496851272477466
34.61730865432716,-0.022739969502134166
34.64232116058029,-0.09339967551531676
34.667333666833414,-0.14621590991948552
34.69234617308654,-0.24664171505432803
34.71735867933967,-0.23458186878431483
34.742371185592795,-0.3389519511786964
34.76738369184592,-0.41225086983599557
34.79239619809905,-0.44887074199573623
34.817408704352175,-0.4986407761752571
34.8424212106053,-0.5463322782881496
34.86743371685843,-0.5660726883959672
34.892446223111556,-0.6570346426558407
34.91745872936468,-0.6067200261983363
34.94247123561781,-0.7170087227378178
34.967483741870936,-0.7840025690878684
34.99249624812406,-0.7491349232317795
35.01750875437719,-0.8512575692156896
35.042521260630316,-0.8830376646011057
35.06753376688344,-0.9712580324828656
35.09254627313657,-1.0061290750983554
35.1175587793897,-1.002407306569693
35.14257128564282,-1.0669917054524836
35.16758379189595,-1.0653594374035136
35.19259629814908,-1.142547997166117
35.217608804402204,-1.1548760039315669
35.24262131065533,-1.2073605117479844
35.26763381690846,-1.2265691905439349
35.292646323161584,-1.25329265602187
35.317658829414704,-1.3609952484587569
35.34267133566783,-1.356860081966797
35.36768384192096,-1.4318016536860458
35.392696348174084,-1.4347527460616933
35.41770885442721,-1.4586894023114796
35.44272136068034,-1.5318811960408318
35.467733866933465,-1.4817671467400366
35.49274637318659,-1.5224889120354792
35.51775887943972,-1.5598318183221251
35.542771385692845,-1.656238157166377
35.56778389194597,-1.623141167691585
35.5927963981991,-1.6941590630317138
35.617808904452225,-1.6954653573673892
35.64282141070535,-1.6746127518573677
35.66783391695848,-1.734806608551455
35.692846423211606,-1.8127712750463396
35.71785892946473,-1.7582017327693324
35.74287143571786,-1.7887799026249522
35.767883941970986,-1.8030119755637954
35.79289644822411,-1.8325932141253432
35.81790895447724,-1.8878836374440844
35.842921460730366,-1.8508487008810692
35.86793396698349,-1.850522066310944
35.89294647323662,-1.9292616035574608
35.91795897948975,-1.8877881438215864
35.94297148574287,-1.9386556881039445
35.967983991996,-1.9737493836374758
35.99299649824913,-1.8860669796539011
36.018009004502254,-1.9548636001118869
36.04302151075538,-1.954270700958378
36.06803401700851,-1.9070071143604448
36.093046523261634,-1.9951760564405194
36.118059029514754,-1.9820053570985423
36.14307153576788,-1.9840129412414584
36.16808404202101,-1.9049063333252303
36.193096548274134,-1.9413436915813034
36.21810905452726,-1.9858521140550913
36.24312156078039,-1.9493411835763987
36.268134067033515,-1.940276650038609
36.29314657328664,-1.909424267150254
36.31815907953977,-1.9378888129039784
36.343171585792895,-1.900789619073196
36.36818409204602,-1.8583623580487876
36.39319659829915,-1.9035518933911546
36.418209104552275,-1.8457390233571378
36.4432216108054,-1.8440891494192122
36.46823411705853,-1.7881503439429833
36.493246623311656,-1.8574760644308468
36.51825912956478,-1.8234407121456395
36.54327163581791,-1.8040771834651268
36.568284142071036,-1.7139878893592013
36.59329664832416,-1.7611862732367283
36.61830915457729,-1.7482764080100082
36.643321660830416,-1.696434328819622
36.66833416708354,-1.7061117674614084
36.69334667333667,-1.6886559716850837
36.7183591795898,-1.5663680973733773
36.743371685842924,-1.5367112005094208
36.76838419209605,-1.5564899600396231
36.79339669834918,-1.5131719095913554
36.818409204602304,-1.5405911930794467
36.84342171085543,-1.4486360365398088
36.86843421710856,-1.44282329547763
36.893446723361684,-1.4310642221004835
36.918459229614804,-1.3691147665487282
36.94347173586793,-1.295199190176621
36.96848424212106,-1.2534996618668137
36.993496748374184,-1.2049343247284063
37.01850925462731,-1.233188610245728
37.04352176088044,-1.1223896660918193
37.068534267133565,-1.1699550650748707
37.09354677338669,-1.0746107387972186
37.11855927963982,-1.0275200621722007
37.143571785892945,-0.9626341162991
37.16858429214607,-0.9610441515022518
37.1935967983992,-0.9228154654151697
37.218609304652325,-0.9202686781360184
37.24362181090545,-0.7834377593223053
37.26863431715858,-0.745087824710298
37.293646823411706,-0.7589210480509593
37.31865932966483,-0.6631419422548213
37.34367183591796,-0.6137746270837505
37.368684342171086,-0.6045563632989144
37.39369684842421,-0.5950526157344488
37.41870935467734,-0.5028662768174654
37.44372186093047,-0.5009645267122411
37.46873436718359,-0.3677919103035774
37.49374687343672,-0.3412849338006565
37.51875937968985,-0.29999463235238444
37.543771885942974,-0.3079290677438511
37.5687843921961,-0.2522380576816004
37.59379689844923,-0.1558466750942324
37.618809404702354,-0.068653064782792
37.64382191095548,-0.017934311417884402
37.66883441720861,0.025618941789275124
37.693846923461734,0.05532383749824571
37.718859429714854,0.056201888378803744
37.74387193596798,0.13438280962895532
37.76888444222111,0.21109066988318342
37.793896948474234,0.21119981829671433
37.81890945472736,0.2674822022577395
37.84392196098049,0.3161231384997806
37.868934467233615,0.3898109211331547
37.89394697348674,0.47000864999131947
37.91895947973987,0.49928266727521475
37.943971985992995,0.5466527339267926
37.96898449224612,0.6104387569377457
37.99399699849925,0.6592827692277493
38.019009504752376,0.6364005327367586
38.0440220110055,0.7100270055381231
38.06903451725863,0.8134158206883864
38.094047023511756,0.8026469215951189
38.11905952976488,0.8512482272427931
38.14407203601801,0.8992224662335591
38.169084542271136,0.9644848299577127
38.19409704852426,1.0452352697121847
38.21910955477739,1.0311548923534455
38.24412206103052,1.098068646687069
38.26913456728364,1.0837865255074748
38.29414707353677,1.1374197264980428
38.3191595797899,1.2018018980036533
38.344172086043024,1.2309789153275865
38.36918459229615,1.3351046183739514
38.39419709854928,1.3611063449238223
38.419209604802404,1.3915918556988298
38.44422211105553,1.3947294221570015
38.46923461730866,1.4914556113041249
38.49424712356178,1.4630658440006994
38.519259629814904,1.483112822622271
38.54427213606803,1.5620056255879302
38.56928464232116,1.6079022041981068
38.594297148574285,1.6276158407668293
38.61930965482741,1.6685287339790935
38.64432216108054,1.712064679417246
38.669334667333665,1.6763253864574676
38.69434717358679,1.7537021064357399
38.71935967983992,1.7284524095884959
38.744372186093045,1.7771107023265003
38.76938469234617,1.8477408736917118
38.7943971985993,1.7800855471110129
38.819409704852426,1.8664301918535267
38.84442221110555,1.8353611739849003
38.86943471735868,1.938319474595429
38.894447223611806,1.9396269407456732
38.91945972986493,1.8977513663451284
38.94447223611806,1.9841830346710376
38.969484742371186,2.010128360333105
38.99449724862431,1.9476146118406306
39.01950975487744,2.028751832149935
39.04452226113057,1.9887731875860193
39.06953476738369,1.9988146956642217
39.09454727363682,2.031787422347095
39.11955977988995,2.0750030680126432
39.144572286143074,2.0637849325753694
39.1695847923962,2.054165156191705
39.19459729864933,2.0557195170278035
39.219609804902454,2.094002685936537
39.24462231115558,2.056121613067171
39.26963481740871,2.057933384186085
39.29464732366183,2.0711846417734723
39.319659829914954,2.0738415529057703
39.34467233616808,2.074959703562439
39.36968484242121,2.0791356665797207
39.394697348674335,2.082208684548462
39.41970985492746,2.0392565693714095
39.44472236118059,2.0413043061667575
39.469734867433715,1.9827269464085016
39.49474737368684,2.0259433157060647
39.51975987993997,1.9851670255228058
39.544772386193095,2.018508437270878
39.56978489244622,1.9745855674393458
39.59479739869935,1.9237297685757546
39.619809904952476,1.9055663352036742
39.6448224112056,1.9241468022014878
39.66983491745873,1.8595993599846021
39.694847423711856,1.8934507397798166
39.71985992996498,1.8516995993236587
39.74487243621811,1.8078794941197591
39.769884942471236,1.8355529149873218
39.79489744872436,1.7910893838733457
39.81990995497749,1.7300388025715898
39.84492246123062,1.737346650046636
39.86993496748374,1.6871725209731807
39.89494747373687,1.6623298243870435
39.91995997999,1.6263228927350197
39.944972486243124,1.5631691409516448
39.96998499249625,1.5938974360271971
39.99499749874938,1.5571661621750639
40.020010005002504,1.5092339447671486
40.04502251125563,1.4592934828208535
40.07003501750876,1.4658535913653181
40.09504752376188,1.441099349056054
40.120060030015004,1.3748301058600514
40.14507253626813,1.3328908917030993
40.17008504252126,1.294812450852948
40.195097548774385,1.2265106811114435
40.22011005502751,1.2562173270354478
40.24512256128064,1.1511597789447745
40.270135067533765,1.1344665488232586
40.29514757378689,1.1279196298680738
40.32016008004002,1.0741149284864777
40.345172586293145,0.9911806609326287
40.37018509254627,0.9558495965921945
40.3951975987994,0.8910355143973108
40.420210105052526,0.8530580014645658
40.44522261130565,0.7777813585884323
40.47023511755878,0.7495637161855546
40.495247623811906,0.7732603593152838
40.52026013006503,0.6509742205189186
40.54527263631816,0.6235988970986706
40.57028514257129,0.583893696569428
40.59529764882441,0.5102670576859524
40.62031015507754,0.5192400855389164
40.64532266133067,0.4525846123466392
40.670335167583794,0.38615998222462733
40.69534767383692,0.36298276732084
40.72036018009005,0.2866793068657996
40.745372686343174,0.25554009917973175
40.7703851925963,0.20277564190909197
40.79539769884943,0.11537025864322029
40.820410205102554,0.0835888208200915
40.84542271135568,0.03637361790218882
40.87043521760881,-0.05865982219595229
40.89544772386193,-0.0653021056455699
40.920460230115054,-0.12895812558048564
40.94547273636818,-0.1889223947668115
40.97048524262131,-0.17525076756959468
40.995497748874435,-0.26640269941576294
41.02051025512756,-0.32409085641155966
41.04552276138069,-0.33773608741157723
41.070535267633815,-0.3859331269580453
41.09554777388694,-0.42759301543051126
41.12056028014007,-0.455391545474185
41.145572786393195,-0.5579269025285546
41.17058529264632,-0.5893527067817925
41.19559779889945,-0.6058367204670617
41.220610305152576,-0.7174416242611523
41.2456228114057,-0.7433769528924269
41.27063531765883,-0.819984407937647
41.295647823911956,-0.8352204432845163
41.32066033016508,-0.9024023295869268
41.34567283641821,-0.9166427545374949
41.37068534267134,-0.9741108984674277
41.39569784892446,-1.0428653967936659
41.42071035517759,-1.0722327975295276
41.44572286143072,-1.0825535757358227
41.470735367683844,-1.08078961614138
41.49574787393697,-1.174618966944726
41.5207603801901,-1.225894916780128
41.545772886443224,-1.2832836791962288
41.57078539269635,-1.2530859795202298
41.59579789894948,-1.3371884911875205
41.620810405202604,-1.3837274351237392
41.64582291145573,-1.4282503598447132
41.67083541770885,-1.3833410900567626
41.69584792396198,-1.4500856289495523
41.720860430215104,-1.5413902770570662
41.74587293646823,-1.5196796584411822
41.77088544272136,-1.522430764650573
41.795897948974485,-1.5554252945298275
41.82091045522761,-1.6569663878629544
41.84592296148074,-1.6016843039567508
41.870935467733865,-1.6600297421991268
41.89594797398699,-1.6826047649157796
41.92096048024012,-1.6763344051064897
41.945972986493246,-1.743013745920795
41.97098549274637,-1.7510864119857337
41.9959979989995,-1.8018282165544626
42.021010505252626,-1.7698849985122527
42.04602301150575,-1.8113736746394535
42.07103551775888,-1.8851653091215654
42.096048024012006,-1.891637079198241
42.12106053026513,-1.8343851867829688
42.14607303651826,-1.8873587778749965
42.17108554277139,-1.9415940992893606
42.19609804902451,-1.9263709195699892
42.22111055527764,-1.942137425711958
42.24612306153077,-1.956370236032507
42.271135567783894,-1.8997387576568272
42.29614807403702,-1.961883170187003
42.32116058029015,-1.9384360643110996
42.346173086543274,-1.9663290228777863
42.3711855927964,-1.932097656632536
42.39619809904953,-1.9203964408515102
42.421210605302655,-1.9149881679905392
42.44622311155578,-1.9276981140904217
42.4712356178089,-1.9737701074704377
42.49624812406203,-1.8940701794475991
42.521260630315155,-1.9355141988008526
42.54627313656828,-1.9229000432918948
42.57128564282141,-1.9232111617855412
42.596298149074535,-1.9542199492373207
42.62131065532766,-1.8616474926648756
42.64632316158079,-1.8580893859526995
42.671335667833915,-1.8406290476554807
42.69634817408704,-1.841583014144345
42.72136068034017,-1.9012005422199088
42.746373186593296,-1.803141717705435
42.77138569284642,-1.8404280012783558
42.79639819909955,-1.8001754465530149
42.821410705352676,-1.7685580475346978
42.8464232116058,-1.7833131633447323
42.87143571785893,-1.710767597591584
42.896448224112056,-1.742527469306341
42.92146073036518,-1.6909545912656014
42.94647323661831,-1.7169051250838732
42.97148574287144,-1.6212816619282093
42.99649824912456,-1.5964146187729669
43.02151075537769,-1.5862033298946
43.04652326163082,-1.5742111136673658
43.071535767883944,-1.5541832929047041
43.09654827413707,-1.459151468448639
43.1215607803902,-1.4671206750663002
43.146573286643324,-1.4084018492243466
43.17158579289645,-1.3625766000279427
43.19659829914958,-1.3721753270064638
43.221610805402705,-1.322482117968242
43.24662331165583,-1.313124965527073
43.27163581790895,-1.2582353375313682
43.29664832416208,-1.20950589230509
43.321660830415205,-1.226491596263157
43.34667333666833,-1.154348469671075
43.37168584292146,-1.133113692442073
43.396698349174585,-1.0794111043147
43.42171085542771,-1.0008194864693523
43.44672336168084,-0.9889708860349062
43.471735867933965,-0.8792413555321552
43.49674837418709,-0.8423254278470448
43.52176088044022,-0.8192399318574604
43.546773386693346,-0.78489354800987
43.57178589294647,-0.7589513005658514
43.5967983991996,-0.6639629399445309
43.621810905452726,-0.6101884541950122
43.64682341170585,-0.6292924254494344
43.67183591795898,-0.5766328834078579
43.69684842421211,-0.4841919398413621
43.72186093046523,-0.497890663215132
43.74687343671836,-0.46165366895144044
43.77188594297149,-0.32797723923482086
43.796898449224614,-0.2931262002853811
43.82191095547774,-0.25778327855031036
43.84692346173087,-0.26676600908361253
43.871935967983994,-0.14860132000124188
43.89694847423712,-0.1386871111310229
43.92196098049025,-0.054644307302697634
43.946973486743374,-0.07022301896654642
43.9719859929965,-0.01380938000886316
43.99699849924963,0.030785731468065465
44.022011005502755,0.1402288355047327
44.04702351175588,0.17421014323808037
44.072036018009,0.193496653709732
44.09704852426213,0.305685372567362
44.122061030515255,0.3160613273605363
44.14707353676838,0.39181232640922486
44.17208604302151,0.41487053232160714
44.197098549274635,0.49412202442113706
44.22211105552776,0.5686467057944236
44.24712356178089,0.592108747161799
44.272136068034015,0.6595201901034501
44.29714857428714,0.6904705503626373
44.32216108054027,0.7175377033551784
44.347173586793396,0.7645035542535141
44.37218609304652,0.8443642809071557
44.39719859929965,0.8679256002545509
44.422211105552776,0.9170566545922443
44.4472236118059,0.9341893558190209
44.47223611805903,0.9916956965726259
44.49724862431216,1.0001041925909817
44.52226113056528,1.0453721848549495
44.54727363681841,1.115522308092235
44.57228614307154,1.1216438445327295
44.597298649324664,1.2242683553337117
44.62231115557779,1.2431145042883465
44.64732366183092,1.303511866813587
44.672336168084044,1.3230313354391636
44.69734867433717,1.373999476120154
44.7223611805903,1.3990047022537642
44.747373686843424,1.4420337063819524
44.77238619309655,1.4715538088988203
44.79739869934968,1.4916597115436794
44.822411205602805,1.5114188507894515
44.847423711855924,1.5723935956873862
44.87243621810905,1.5730785989762976
44.89744872436218,1.6197753502081322
44.922461230615305,1.6672997259636204
44.94747373686843,1.7335675288151162
44.97248624312156,1.722210573972586
44.997498749374685,1.7192293653783797
45.02251125562781,1.732282594039523
45.04752376188094,1.7765746861729146
45.072536268134066,1.789566825672734
45.09754877438719,1.8482244817375735
45.12256128064032,1.8354449653122589
45.147573786893446,1.883434819108432
45.17258629314657,1.9066897280049733
45.1975987993997,1.9239302111024867
45.222611305652826,1.9558435930226592
45.24762381190595,1.93828866749901
45.27263631815908,1.9332996337164736
45.29764882441221,2.0083000455410907
45.32266133066533,2.0397505498618487
45.34767383691846,1.9676798847594328
45.37268634317159,2.0292178787249298
45.397698849424714,2.0163706700898145
45.42271135567784,1.9955420430892237
45.44772386193097,2.0606431299100905
45.472736368184094,2.057418124529264
45.49774887443722,2.063136930220174
45.52276138069035,2.057476723179003
45.547773886943475,2.079370236670884
45.5727863931966,2.0869461926049024
45.59779889944973,2.014796453950127
45.622811405702855,2.0771433529436516
45.647823911955975,1.9926070114011618
45.6728364182091,2.016710792522149
45.69784892446223,2.007645431568397
45.722861430715355,2.0420677415399933
45.74787393696848,2.0597544095123492
45.77288644322161,2.0209017797372693
45.797898949474735,1.9540106463638813
45.82291145572786,1.9749522748688761
45.84792396198099,1.9785864747848372
45.872936468234116,1.9093318977146176
45.89794897448724,1.9164624511795678
45.92296148074037,1.9393529973440207
45.947973986993496,1.9379257264279024
45.97298649324662,1.8318539673686844
45.99799899949975,1.8547042597928611
46.023011505752876,1.821919528444468
46.048024012006,1.7690384967118022
46.07303651825913,1.7898206269798904
46.09804902451226,1.7227709395283142
46.12306153076538,1.6848355548952512
46.14807403701851,1.6823672226411095
46.17308654327164,1.7249243258131641
46.198099049524764,1.697046184895135
46.22311155577789,1.629470967087583
46.24812406203102,1.540393681533506
46.273136568284144,1.5421979841224076
46.29814907453727,1.5587813898903744
46.3231615807904,1.450012135625128
46.348174087043525,1.4818769508653835
46.37318659329665,1.388286929329933
46.39819909954978,1.3715685399426973
46.423211605802905,1.3101105519081033
46.448224112056025,1.2796194129003742
46.47323661830915,1.2511654886825414
46.49824912456228,1.2439095279448278
46.523261630815405,1.132788031615677
46.54827413706853,1.177275757379468
46.57328664332166,1.0554505411615926
46.598299149574785,1.0122962673442186
46.62331165582791,1.0570216446231746
46.64832416208104,0.9423858423763829
46.673336668334166,0.8987432508215988
46.69834917458729,0.8566490681652876
46.72336168084042,0.826774308504243
46.748374187093546,0.7584227008713663
46.77338669334667,0.7788426425782538
46.7983991995998,0.7114607655496468
46.823411705852926,0.6041732374214747
46.84842421210605,0.6144459219692043
46.87343671835918,0.5693909740731051
46.89844922461231,0.4810715136907844
46.923461730865434,0.4792325076676674
46.94847423711856,0.4062455745805662
46.97348674337169,0.3886493165372161
46.998499249624814,0.3254242442055254
47.02351175587794,0.2560321985722206
47.04852426213107,0.17970764080309587
47.073536768384194,0.1959284219755506
47.09854927463732,0.07172099599437623
47.12356178089045,0.01875786284191261
47.148574287143575,-0.04543425488039601
47.1735867933967,-0.038630351643473865
47.19859929964983,-0.14293874025529166
47.22361180590295,-0.1386949712197643
47.248624312156075,-0.15286059046857126
47.2736368184092,-0.25411114825456255
47.29864932466233,-0.26513732131767476
47.323661830915455,-0.38100599753678277
47.34867433716858,-0.36790124115876777
47.37368684342171,-0.45462930851353844
47.398699349674835,-0.5385378695229747
47.42371185592796,-0.5321186951754445
47.44872436218109,-0.612329501521252
47.473736868434216,-0.6218181731059136
47.49874937468734,-0.6469389969703042
47.52376188094047,-0.7116846324282632
47.548774387193596,-0.7751916461586073
47.57378689344672,-0.844416794796878
47.59879939969985,-0.8270100351483679
47.62381190595298,-0.9277434356065364
47.6488244122061,-0.9884442490703375
47.67383691845923,-0.9657704360089092
47.69884942471236,-1.013913230012785
47.723861930965484,-1.1069100061695727
47.74887443721861,-1.0713683497873112
47.77388694347174,-1.1820482923487825
47.798899449724864,-1.211194817792063
47.82391195597799,-1.2164812984379971
47.84892446223112,-1.2777225623201787
47.873936968484244,-1.269658234583328
47.89894947473737,-1.34707736985385
47.9239619809905,-1.3669881134399264
47.948974487243625,-1.4383326766538338
47.97398699349675,-1.4072263774532314
47.99899949974988,-1.525853043546866
48.024012006003,-1.5595868411383274
48.049024512256125,-1.5639317811547007
48.07403701850925,-1.5631041211105257
48.09904952476238,-1.576332978403848
48.124062031015505,-1.591388787234162
48.14907453726863,-1.611268991219369
48.17408704352176,-1.6419815498975732
48.199099549774886,-1.7129098908197353
48.22411205602801,-1.702322442290496
48.24912456228114,-1.7196407728480436
48.274137068534266,-1.732004604991984
48.29914957478739,-1.8267204855718575
48.32416208104052,-1.8337199421530288
48.349174587293646,-1.8778617088050091
48.37418709354677,-1.8716813027904264
48.3991995997999,-1.8509125171371166
48.42421210605303,-1.9186373046611713
48.44922461230615,-1.8621920040641553
48.47423711855928,-1.8938676832027035
48.49924962481241,-1.9015131717751828
48.524262131065534,-1.9467806503692908
48.54927463731866,-1.9391155398228948
48.57428714357179,-1.903127498670844
48.599299649824914,-1.9591492895670461
48.62431215607804,-1.9799990946514803
48.64932466233117,-1.9839386540223325
48.674337168584294,-1.9055644551226154
48.69934967483742,-1.9230860649337935
48.72436218109055,-1.9602702620145493
48.749374687343675,-1.9530491046631078
48.7743871935968,-1.9316549822335416
48.79939969984993,-1.8899879177235588
48.82441220610305,-1.8840500026549423
48.849424712356175,-1.9448301586891028
48.8744372186093,-1.8776065489365392
48.89944972486243,-1.8589515579782512
48.924462231115555,-1.8485462725987118
48.94947473736868,-1.9289405614406392
48.97448724362181,-1.8407340297580452
48.999499749874936,-1.900261138215496
49.02451225612806,-1.8074303019220956
49.04952476238119,-1.8243224194708456
49.074537268634316,-1.7942130624035395
49.09954977488744,-1.7828653374772843
49.12456228114057,-1.8071291883385272
49.149574787393696,-1.7723182045440777
49.17458729364682,-1.6781797660993025
49.19959979989995,-1.6879225875577977
49.22461230615308,-1.6739677769391568
49.2496248124062,-1.664285320412913
49.27463731865933,-1.5912309539749834
49.29964982491246,-1.631287912599122
49.324662331165584,-1.5695015802462386
49.34967483741871,-1.5806429161704785
49.37468734367184,-1.490772705201001
49.399699849924964,-1.490428127510407
49.42471235617809,-1.4748360955611073
49.44972486243122,-1.4495058304442425
49.474737368684345,-1.4111251382803247
49.49974987493747,-1.3816047585834959
49.5247623811906,-1.2851747589269278
49.549774887443725,-1.269308197025946
49.57478739369685,-1.1890303421264565
49.59979989994998,-1.160862601237711
49.6248124062031,-1.1724224008412945
49.649824912456225,-1.102278942794581
49.67483741870935,-1.1122936129535166
49.69984992496248,-1.0425005945659656
49.724862431215605,-1.0093371904487627
49.74987493746873,-0.9366838402328853
49.77488744372186,-0.9422720695511687
49.799899949974986,-0.8497516577526363
49.82491245622811,-0.7776192178033392
49.84992496248124,-0.7074111974987485
49.874937468734366,-0.6848326615614655
49.89994997498749,-0.626971845874252
49.92496248124062,-0.6257325386124252
49.949974987493746,-0.5261969550508945
49.97498749374687,-0.5314878386174011
50.0,-0.47155372436621856
