MaxValue	signal_input	speedMotor
1023	269	255
1023	276	255
1023	280	255
1023	290	255
1023	300	255
1023	310	255
1023	323	255
1023	334	255
1023	346	255
1023	352	255
1023	364	255
1023	371	255
1023	373	255
1023	379	255
1023	379	255
1023	381	255
1023	374	255
1023	371	255
1023	363	255
1023	353	255
1023	346	255
1023	332	255
1023	322	255
1023	311	255
1023	303	255
1023	290	255
1023	277	255
1023	272	255
1023	267	255
1023	263	255
1023	261	255
1023	260	255
1023	264	255
1023	270	255
1023	276	255
1023	286	255
1023	294	255
1023	307	255
1023	318	255
1023	328	255
1023	339	255
1023	348	255
1023	361	255
1023	368	255
1023	373	255
1023	377	255
1023	376	255
1023	381	255
1023	374	255
1023	371	255
1023	368	255
1023	357	255
1023	351	255
1023	334	255
1023	326	255
1023	315	255
1023	299	255
1023	293	255
1023	281	255
1023	275	255
1023	265	255
1023	262	255
1023	258	255
1023	251	255
1023	256	255
1023	258	255
1023	268	255
1023	272	255
1023	283	255
1023	296	255
1023	307	255
1023	321	255
1023	332	255
1023	344	255
1023	353	255
1023	364	255
1023	368	255
1023	371	255
1023	377	255
1023	378	255
1023	376	255
1023	370	255
1023	366	255
1023	258	255
1023	266	255
1023	274	255
1023	280	255
1023	286	255
1023	289	255
1023	291	255
1023	286	255
1023	283	255
1023	278	255
1023	270	255
1023	260	255
1023	252	255
1023	244	255
1023	230	255
1023	223	255
1023	214	255
1023	206	255
1023	202	255
1023	202	255
1023	194	255
1023	200	255
1023	207	255
1023	214	255
1023	221	255
1023	233	255
1023	243	255
1023	255	255
1023	268	255
1023	275	255
1023	283	255
1023	287	255
1023	298	255
1023	310	255
1023	318	255
1023	321	255
1023	323	255
1023	318	255
1023	317	255
1023	314	255
1023	301	255
